27 0.60839864375 0.46235011562499995 0.6172770421875 0.46200633281250003 0.625706225 0.45084813281249997 0.63069660625 0.44696647812499996 0.6318085453125 0.44346844687500003 0.6292472484375 0.4334828328125 0.6213400250000001 0.42029593125 0.6133675875 0.41070659843749996 0.6052556640625 0.41326176718749996 0.598975571875 0.4170999796875 0.589985125 0.4191755875 0.5874522875 0.41651902031250004 0.5837881140625 0.405082065625 0.5786660296874999 0.3939816984375 0.5762266078125 0.3906211796875 0.5734976203125 0.3898864515625 0.562488509375 0.39208691406249996 0.5533487484374999 0.3979501 0.5375547203125 0.40159643906250003 0.530171496875 0.399547884375 0.516882103125 0.4029571734375 0.511181396875 0.4059792421875 0.5044342234375 0.41333720625000003 0.5015186578125 0.4184458078125 0.49778952656250003 0.41504185156249995 0.496368625 0.4088872515625 0.4941908203125 0.4044427609375 0.48385425625 0.4006876984375 0.4674617 0.397307196875 0.46460203125 0.39933216875 0.46292933906249994 0.4026184671875 0.46296736875000005 0.4138690078125 0.46127604531250005 0.41818318281250005 0.37845336406249996 0.3997732390625 0.37133175937499996 0.396640709375 0.36641590625 0.39641085781249996 0.362611990625 0.392682975 0.3603868390625 0.37750188125 0.3584145015625 0.37062161250000003 0.3515358796875 0.36743298750000003 0.3154048703125 0.35837372031250003 0.3106572171875 0.35776384375000003 0.30456395937499997 0.36019415781249997 0.294826434375 0.372336796875 0.290069978125 0.38111172187500003 0.29035124843750004 0.39674159531250003 0.293155784375 0.41110654375 0.298184453125 0.42291086250000004 0.30701677968749996 0.4340076328125 0.30987619375 0.4275472296875 0.3203056640625 0.42172748125000004 0.32337079687500003 0.41726673124999997 0.32793136093749997 0.41484907812499994 0.3313890484375 0.4109800828125 0.333594546875 0.4094473296875 0.3378748609375 0.4091415234375 0.34060359375 0.40544082187499997 0.3441270046875 0.4068451234375 0.3455665375 0.41197184531250003 0.34399708906250004 0.42291111875 0.35082032343749997 0.43805423593750004 0.3492508734375 0.448993509375 0.3510081765625 0.4543880609375 0.3555410484375 0.45794765000000004 0.36896137812499996 0.4562140875 0.3717462625 0.4538651890625 0.383745946875 0.4504124625 0.3866615109375 0.44530386093749996 0.3981938578125 0.44093545 0.400922590625 0.43723475 0.4049599203125 0.4369850421875 0.41297868125 0.43956925468749997 0.41697849062500003 0.43693986718750005 0.42082898750000003 0.438098059375 0.4251465671875 0.4357365015625 0.4300999390625 0.43834603281250006 0.43808118125 0.43855056562500006 0.4450441578125 0.44598461250000004 0.4495956609375 0.4485163265625 0.4639317796875 0.44520657343750003 0.469875215625 0.43769297500000004 0.475286609375 0.441732125 0.4776980828125 0.44663445625 0.4819786515625 0.4507640828125 0.48508181562499997 0.457553875 0.48682954843750004 0.45902693125000005 0.49166129999999997 0.4594467953125 0.49075508437500004 0.46494448125 0.48010151562500003 0.47422788125000004 0.4785690765625 0.4786759703125 0.4752795890625 0.482164940625 0.474186284375 0.48463509687500006 0.475139846875 0.48987401249999996 0.47931768437500005 0.495221525 0.48349526562499995 0.496133609375 0.485364871875 0.5042317640625 0.488879221875 0.510585434375 0.492991590625 0.5150950828124999 0.4952537515625 0.52378499375 0.49804820781250003 0.5253575890625 0.5042817171875 0.524089065625 0.51632798125 0.5180666453125 0.5360470359375 0.5114669953125001 0.5654104531249999 0.497864084375 0.58010160625 0.4927664078125 0.594661821875 0.4859930015625 0.5978578921875 0.48320798125 0.6000261234375001 0.4837309796875 0.607820278125 0.4809079828125 0.61261425625 0.4745127375 0.6065580078125 0.47045186875 0.6061745140625 0.46491074374999997 0.60839864375 0.46235011562499995
27 0.6175926406250001 0.586980165625 0.6140218828124999 0.5748392609375 0.6095917453124999 0.5700617828125 0.6042641953125 0.5613971906249999 0.594712228125 0.549954775 0.5803186828125 0.5297355718750001 0.5700098125 0.5200032625000001 0.56561745 0.5220408937500001 0.5615710578125 0.527239971875 0.561290809375 0.529351821875 0.5634406656250001 0.5353381265625 0.5634409203125 0.5397735578125 0.5618712171875 0.5462773984375 0.5570492921875 0.554214459375 0.5568438265625 0.5566502359375 0.5613867781249999 0.5730021796875 0.5614525 0.578275475 0.5471727890625 0.5873724625000001 0.542163775 0.592281990625 0.5342014203125001 0.5954850125 0.5322857437499999 0.598827409375 0.5322484796875 0.6008831609375 0.53563189375 0.605561103125 0.533501434375 0.6118532140624999 0.53438046875 0.6212036359375 0.532651625 0.6231381328125 0.5313528546875 0.6280440625 0.5437735499999999 0.6325121375 0.5487176078125 0.6356356062499999 0.548250525 0.6391553546875001 0.5456806765625 0.642989971875 0.5379051546875 0.6447850921875 0.5331947671874999 0.6421194625 0.5314475468750001 0.6495172671875 0.535877940625 0.6587301765625 0.5365323656250001 0.6626733890625001 0.535766146875 0.6648974328125 0.5388035859375 0.6664139296875 0.5417753046875 0.6626571328125 0.5463172359375 0.661267353125 0.554513515625 0.662957603125 0.5565505578125001 0.6573694421875 0.5572417375 0.650386040625 0.5639420765625001 0.6411623359374999 0.575137765625 0.6331185421875001 0.59298746875 0.6228561671875 0.5998655796875 0.6171739328125 0.6153604703125 0.6122318875 0.6197155703125 0.6122500093750001 0.6224256703125 0.6095771828125 0.623033003125 0.6072192234375 0.6223594359375 0.5954330265625 0.6175926406250001 0.586980165625
27 0.32336888125 0.5464081671875001 0.32589189375 0.5407078109375 0.3263212015625 0.5303729515625 0.3242461296875 0.524710571875 0.31804005625 0.51556641875 0.3182080015625 0.510750965625 0.3133286484375 0.49515906875000004 0.3075526484375 0.48898634999999996 0.30043053125 0.476982959375 0.29871049375 0.46953265625 0.301308034375 0.45972079531250004 0.29193409375 0.456255278125 0.283952853125 0.4560507453125 0.2773549921875 0.4596211296875 0.27527111406250004 0.46334355 0.2753466640625 0.47697376875 0.2763002265625 0.4822126875 0.2783377796875 0.4854953875 0.278655803125 0.490198646875 0.27292715 0.49476252968749995 0.26857205156249997 0.49474440937499997 0.2672357609375 0.4972706609375 0.267273790625 0.508521203125 0.26972278437499997 0.5158032125 0.26948005468749997 0.520294740625 0.26432198125 0.5334272796875 0.2646586375 0.5371026624999999 0.2678179546875 0.54524425625 0.2733602859375 0.550959134375 0.2821545828125 0.5508053640624999 0.28039779062500003 0.5542816765625 0.280005746875 0.5625607828125 0.2834828328125 0.5709702046875 0.291222621875 0.5978434234375001 0.2974103171875 0.6124508828125 0.300803046875 0.6166148859375 0.309055221875 0.6152215078125 0.3121485609375 0.6136543750000001 0.3147090921875 0.6103337 0.3167927140625 0.6021758484374999 0.3166615234375 0.5960646875 0.3124741140625 0.5867956828125 0.3133244359375 0.584381625 0.323398615625 0.5759143703125 0.3276975625 0.5745806890625 0.33008057812499997 0.572153971875 0.3257436 0.5622371125 0.32155644687499996 0.5574035375 0.32336888125 0.5464081671875001
5 0.6157550656249999 0.6483070890625 0.6119420890625 0.6495285765625 0.6106151140625 0.651540890625 0.607895953125 0.659163084375 0.6080274 0.669709675 0.60929873125 0.6752164203125 0.6129626499999999 0.68221794375 0.6248412250000001 0.685446409375 0.629458196875 0.6888159890625001 0.6329909234375 0.6897063515624999 0.6487008515625 0.6862500234375 0.6572146437499999 0.6837726734375 0.6600088453125 0.6809098359375 0.659391428125 0.670475440625 0.662353828125 0.6672325796874999 0.6632227828125 0.663790646875 0.6627740765625 0.6618470890625 0.6576522484375 0.6551821515625 0.65478300625 0.6532856312499999 0.6365961390625 0.6510017625 0.62809140625 0.6485297453125 0.62339990625 0.649271671875 0.6157550656249999 0.6483070890625
8 0.454571265625 1 0.45457110468749995 0.997197796875 0.452253046875 0.9915915156249999 0.428336503125 0.97612980625 0.41794353125 0.9665875093749999 0.41375663281249997 0.9661893640624999 0.409654346875 0.9744720703124999 0.4085985609375 0.979321903125 0.3752141515625 0.9522277656250001 0.3695318234375 0.949786528125 0.3650835640625 0.9549077875 0.361803646875 0.96231825 0.3561037078125 0.9786466125000001 0.3521789390625 0.98603535625 0.3478139 1 0.454571265625 1
7 0.3292911265625 0.8203824703124999 0.328075690625 0.8117920953125 0.330215465625 0.804986046875 0.3346637265625 0.7998647859375 0.33936403125000003 0.7897380593750001 0.339195575 0.7856826531250001 0.3348588546875 0.780201225 0.3301577828125 0.7770216578125 0.319110896875 0.7724070109375 0.310961453125 0.7725825000000001 0.3050734046875 0.7681416078125001 0.2999331984375 0.7669399765625 0.29023242968749996 0.768156003125 0.2803823453125 0.7731596046875 0.276980809375 0.7783804015625 0.2720843546875 0.790428965625 0.2619356453125 0.803007725 0.25990791875 0.8080819484375 0.26018867968750004 0.8148409609374999 0.25864692499999997 0.8198029890624999 0.25051636875 0.8233860328124999 0.2485259078125 0.8264045046874999 0.25091900312500004 0.8367701421874999 0.2541903671875 0.843179909375 0.2650323 0.8591011953125 0.2704348890625 0.8725251453125 0.273135928125 0.8748016890624999 0.27764059531249996 0.8754676625 0.27890235625000004 0.877052915625 0.27996796874999996 0.88056000625 0.27923926718750003 0.8851637296874999 0.2815759578125 0.8897421359375001 0.29745459531249996 0.894776646875 0.299520096875 0.8965175328124999 0.30217455625 0.9013637687499999 0.3050437953125 0.9032602875 0.314782084375 0.9044239421875 0.322800846875 0.9070081546875001 0.329099825 0.9065774953125001 0.3313242109375 0.9084522968750001 0.344931375 0.905310834375 0.3502773 0.9085121203125001 0.35595005625 0.907031865625 0.3575197609375 0.9005280234375 0.3560238203125 0.88961406875 0.345368721875 0.8722848828125 0.3343402125 0.8622069296875001 0.32869489375 0.8532745078125 0.326937590625 0.8478799578125 0.3350583203125 0.8359399890624999 0.3356842875 0.832554153125 0.338170034375 0.82890955 0.33729125625 0.8239945578125001 0.3323847203125 0.82325076875 0.3292911265625 0.8203824703124999
16 0.4069581609375 0.73165438125 0.4000233890625 0.7271139515625 0.394640196875 0.7259684187500001 0.39150959531249996 0.7295913015625 0.3906502140625 0.7369547296875 0.39594152031249996 0.7654167968750001 0.41400102656250004 0.828120971875 0.41934746250000005 0.84019311875 0.421983034375 0.8416317984375 0.42959967031249996 0.8397027625 0.43353375625 0.8318000812499999 0.4355519109375 0.8228043656249999 0.4333453921875 0.8065953953125 0.42811125937499994 0.797226853125 0.42095136718750004 0.778408353125 0.41936226562499995 0.772633778125 0.41898783437500003 0.7621432859375 0.41736146874999996 0.7584244625000001 0.41625808124999997 0.7481022625 0.4142016421875 0.74141200625 0.4069581609375 0.73165438125
7 0.277269225 0.918202340625 0.2731009609375 0.9167763203125 0.2704842765625 0.9187451937500001 0.265148940625 0.9372071265624999 0.26522398125 0.9419664843750001 0.26670077812500004 0.9450374531250001 0.2829724828125 0.95953458125 0.287084596875 0.9596088 0.2906357 0.9550358546875 0.29761705312500003 0.9570065937500001 0.2987295015625 0.962379425 0.3037294546875 0.9624192656250001 0.3044770421875 0.961223096875 0.30357963125 0.9573359828125 0.30021485000000003 0.9516301640625 0.29959768750000004 0.9456311984375001 0.300849878125 0.943294959375 0.3007375734375 0.9405913546875 0.3067741703125 0.9279383765624999 0.3008768046875 0.924011421875 0.29478329062499997 0.9220063046875 0.283642734375 0.9136601765625001 0.280259575 0.913417665625 0.277269225 0.918202340625
7 0.3368106453125 0.9172508031250001 0.33219341875 0.90944579375 0.3297353640625 0.907113153125 0.319324271875 0.9074695937499999 0.3173061171875 0.9164653093749999 0.307979778125 0.9281718265625001 0.3044196140625 0.9376941390625 0.30397141875 0.94462144375 0.30550513437500004 0.962350509375 0.31322526875 0.9725098781250001 0.31531871875 0.97270895 0.321047371875 0.96814506875 0.3265987640625 0.9689105781249999 0.334187196875 0.964087925 0.3488786046875 0.9634256796875 0.3521308265625 0.9619924624999999 0.357672390625 0.954401046875 0.355503903125 0.9494426171875 0.351644090625 0.9487983625 0.3477185546875 0.9428808140625 0.34501802656249997 0.94947513125 0.3424008328125 0.9425731453124999 0.3368106453125 0.9172508031250001
7 0.645771371875 0.9368491406249999 0.6391923984375001 0.94382708125 0.6305008328125 0.9427629625 0.62762253125 0.9458158125 0.617286478125 0.950931609375 0.6086510656249999 0.9512192953125 0.604912871875 0.9527647078125 0.5986703015625 0.9589826 0.5958388359375 0.9639011890625 0.5981571484375 0.9739429015625 0.597110678125 0.978278796875 0.597148453125 0.98509390625 0.5958869484375 0.9879440828125 0.591298434375 0.991903553125 0.5916308796874999 0.9919973984375 0.685816515625 0.9702529312499999 0.685987821875 0.9697015953125 0.676230134375 0.9562595234375 0.674398046875 0.950541046875 0.6714912890625 0.9462648484375 0.663509790625 0.9416248828124999 0.645771371875 0.9368491406249999
8 0.525276828125 1 0.52008390625 0.9871908484375 0.5170557828125 0.9851604140625 0.5154107828125001 0.9824694671875 0.5144572203125 0.9772305515624999 0.5162512765625 0.9716984875 0.51279256875 0.9578257578124999 0.5131382859375 0.956551771875 0.52797900625 0.9521019468749999 0.5318758296875 0.9462550171874999 0.53142686875 0.9398760296875001 0.52818370625 0.936359878125 0.51609035 0.936081125 0.51259514375 0.937570440625 0.501698590625 0.9469099390625001 0.497950828125 0.944533859375 0.49725888124999995 0.9382109671875 0.49532406250000005 0.9337103796875 0.49250191406250005 0.9381150312500001 0.48448340781250004 0.9399662484375 0.48232474375 0.9433647421875 0.482250215625 0.9474762484375001 0.5028390703125 1 0.525276828125 1
7 0.84198435625 0.7734975359375 0.839199471875 0.775846434375 0.8316855671875001 0.77655758125 0.820171853125 0.779898115625 0.8101163046875 0.7873374937500001 0.8037800609374999 0.78982390625 0.8013877296875 0.792764559375 0.799845975 0.7977265874999999 0.8093984531249999 0.8180398640625001 0.8131275828125 0.8214438218750001 0.8212395062500001 0.818888653125 0.83348243125 0.8198152593750001 0.8574165859375 0.8165073671874999 0.8692946515625 0.8108649734375 0.874004528125 0.8046597390624999 0.87832210625 0.80229818125 0.88169569375 0.7986192 0.8816020218749999 0.79488771875 0.879583103125 0.7905771421875001 0.8729283234375 0.77948943125 0.8665447359374999 0.7712392421875001 0.8622830531250001 0.7705171703125 0.85676918125 0.7721313390625 0.8473300281249999 0.7722633906249999 0.84198435625 0.7734975359375
16 0.5664883125 0.7142718593749999 0.5622079984374999 0.7145776640625 0.5564881500000001 0.7097567484375 0.5477776984375 0.7052850765625001 0.5437590015625 0.7045069078124999 0.539852609375 0.70643234375 0.5358711765625 0.7035984234375 0.531684278125 0.7032002796875 0.52596443125 0.6983793625 0.524955225 0.7006595046874999 0.5195536578125 0.7049772796875 0.5165821953124999 0.713169509375 0.5106667078125 0.7191412921875 0.5109661 0.7248724281250001 0.5149853078125 0.7345214578125 0.5303039593750001 0.75265053125 0.535145028125 0.75255645625 0.5412941828125 0.7470425140625 0.545256728125 0.7464688796875001 0.5540792296875 0.749208725 0.5610887859375 0.7540730812499999 0.567257084375 0.7564021234375 0.5717803828125 0.756040221875 0.5755372078125001 0.7534669328125 0.581163384375 0.75455636875 0.5824158296874999 0.7566555593750001 0.5879203859375 0.755555328125 0.5875837296875 0.75187994375 0.5885836171875 0.7501137390625 0.6018916421875 0.7456765734374999 0.606882025 0.741794921875 0.6082742109375 0.736185040625 0.6059747875 0.7295508828124999 0.5999467421875 0.72838363125 0.5916290984375 0.72893914375 0.58663820625 0.7239499359375 0.572151753125 0.7133055421875001 0.5699087359375 0.7124586171875 0.5664883125 0.7142718593749999
8 0.44911568593749995 0.715268315625 0.45438631718750006 0.7092748109375 0.45518980156250005 0.704995015625 0.453993253125 0.6998121953124999 0.45416119843749997 0.6949967406249999 0.4577495671875 0.6883680453125 0.4512070921875 0.6799839390625 0.4453557984375 0.6646164328124999 0.4413650484375 0.66229645 0.4293938234375 0.673078225 0.4400305453125 0.6958707171875 0.4446858015625 0.7149262671875001 0.44911568593749995 0.715268315625
16 0.3257555921875 0.7707023656249999 0.3287837171875 0.7727328015625 0.3386990140625 0.7641316312499999 0.3538940015625 0.744587590625 0.355772159375 0.7388655140625 0.35324838281250004 0.7312595765625 0.3455753390625 0.7274013796875 0.338341684375 0.726000675 0.3284913453125 0.7265688484374999 0.32092154375000004 0.7303636234375 0.320202159375 0.734453409375 0.3237729171875 0.7465943125 0.32362436875 0.7636881843750001 0.3257555921875 0.7707023656249999
16 0.35104084375 0.697308884375 0.348666125 0.6814799390624999 0.3445819578125 0.67986390625 0.3342831703125 0.6829239515625 0.3276377078125 0.6713223046875 0.32373054843750004 0.659941446875 0.3184500921875 0.6575780265625 0.303890896875 0.68209315625 0.296283575 0.6835082531250001 0.2951248015625 0.6851405421875 0.2860328984375 0.7106111937499999 0.2779496875 0.7249308390625 0.2725294875 0.730276490625 0.27101568125000003 0.733696703125 0.263343146875 0.7387093671875 0.2665399828125 0.749230640625 0.2691662375 0.7511832578125001 0.2977642 0.7531106859375 0.3134368625 0.7517101109375 0.3231001140625 0.7481144078125 0.3205947140625 0.7350451640625 0.3208188109375 0.7315815125 0.322641071875 0.728943065625 0.33471554062500003 0.7258142640624999 0.3505473421875 0.728983034375 0.35452852031250004 0.7273815234375001 0.355827290625 0.7224755921875 0.355920453125 0.7173362125 0.35163988281249997 0.7132065875 0.35005078125 0.7074320109375 0.35104084375 0.697308884375
18 0.8058228484375001 0.7216257749999999 0.8033549671875001 0.7109362078125 0.7993173828125 0.7067504859375 0.7980460500000001 0.7012437390625 0.792653796875 0.7050475765625001 0.7926820015625 0.7079411921875 0.791607328125 0.7093834703125 0.782841234375 0.71243085625 0.781533146875 0.7178507265625 0.7784491250000001 0.7189039203124999 0.778393228125 0.7219875484375 0.7769443796875 0.7173747640625 0.779402178125 0.7152719750000001 0.7799533624999999 0.7115622140625 0.7728871421875 0.69647519375 0.7688218640625 0.6982667171875 0.7668782390625 0.7031509265625 0.763158934375 0.7081038937499999 0.7587008484375 0.7048682312500001 0.7570090125 0.7003115453125 0.7550278671874999 0.7028160765625 0.7530185203124999 0.7024269921874999 0.7486817984374999 0.6969455640625 0.747092696875 0.691170990625 0.7427375984375 0.6911528703125 0.7372791125 0.68081255 0.73043775625 0.67556816875 0.725951465625 0.6694388890625 0.725932578125 0.6660313343750001 0.722922575 0.6541021609375 0.721810384375 0.6531647625 0.718988234375 0.6575694125 0.714090759375 0.651876253125 0.7108571687499999 0.6522815953125 0.710118896875 0.6529638265625 0.710605121875 0.6572870609375 0.709819759375 0.6516681203125 0.708371165625 0.6514907671875 0.7060813125000001 0.648778103125 0.7032581421875 0.6354410296874999 0.7072204328125 0.6304319656249999 0.70217364375 0.628526384375 0.700313609375 0.624349721875 0.6972857390625 0.62675471875 0.6963047375 0.6319284781250001 0.6980434078125 0.6383509046875 0.697333340625 0.641926753125 0.698286903125 0.64716566875 0.6972029140625 0.6491218859375001 0.6993525140625 0.650672759375 0.70051154375 0.6534759 0.7007361515625 0.6588831093749999 0.7028673750000001 0.665897290625 0.7087272203125 0.6674445671875 0.7128018140625 0.6651391078125 0.716932815625 0.6686208812500001 0.7183159421875 0.6679603703125 0.7201847828125 0.66275223125 0.722736253125 0.6643809234375 0.72361503125 0.6692959140625 0.7176247609375 0.674943771875 0.7168212765625 0.67922356875 0.7149521812499999 0.6799962749999999 0.7153543046874999 0.6845095234375 0.7141582671875 0.688197565625 0.7163826531249999 0.6900723656250001 0.718532509375 0.696058671875 0.7196633343750001 0.6959681953125 0.7210746625 0.6982013015625 0.7196822218750001 0.6993757515625 0.7174764687499999 0.6964730734375 0.7153643875 0.697301878125 0.7147570515624999 0.6996598374999999 0.7185234484375 0.701008040625 0.7203086984375 0.7048607765625 0.7260564953124999 0.7081398796875 0.727102965625 0.703803984375 0.7309159421875 0.7025824984375 0.7341122671875 0.704232909375 0.7378318265625 0.7037153734375 0.7400562125000001 0.7055901718750001 0.7420748765625 0.70546531875 0.744196528125 0.7085580078125 0.742720240625 0.7143579 0.745112828125 0.715852678125 0.746963546875 0.720543278125 0.7577578765624999 0.72129253125 0.7594031296875 0.7284189078125001 0.7605432703125 0.72781449375 0.7610851375000001 0.72461866875 0.7627112484375 0.7239020625 0.763954378125 0.726515190625 0.7619732328125 0.7290197234375 0.7623285234375 0.73166723125 0.7655996328125 0.7336415671875 0.767721284375 0.73673425625 0.7738334296875 0.7377114953125 0.7784501453125 0.7366456421875001 0.78188945625 0.7382399562499999 0.78413221875 0.7346514515625 0.789440625 0.7354730578125 0.79381435625 0.7344633015625 0.794533996875 0.734808946875 0.793487528125 0.7391448421875 0.7945531390625 0.7426519328125 0.7968709406250001 0.743822784375 0.798188853125 0.746759840625 0.80029161875 0.7464449734375 0.8015251765625001 0.7451366109374999 0.8013194562500001 0.7431369546875 0.7967586375 0.741119178125 0.7961603625 0.7385277703125 0.799160028125 0.73322915625 0.802804803125 0.73238769375 0.8055151593750001 0.7341503 0.8092344640625001 0.7291973328125 0.8130570109375 0.7318973390625 0.81028999375 0.71991206875 0.8070098234374999 0.7228871 0.8058228484375001 0.7216257749999999
18 0.481067596875 1 0.480757846875 0.9986583250000001 0.4811126265625 0.9924349703124999 0.47832723125000004 0.9859130078125 0.4777848546875 0.9802379703125 0.47276601406249996 0.9767905734375001 0.4707473484375 0.976915428125 0.46679386406249995 0.9725396937499999 0.46653199062499995 0.9691882359375 0.46980259062499996 0.9622917109375001 0.46426855624999996 0.9383211703125 0.4618198171875 0.9354745921875001 0.46256715000000004 0.9298429921875 0.46169794375000006 0.9288494953124999 0.458866221875 0.9293326531250001 0.45641722968750004 0.9220506421874999 0.45466018124999996 0.9210915234374999 0.4549776953125 0.9169239203125 0.4523788796875 0.9045586265625 0.44664014375 0.8963301546875 0.44250837656249997 0.8795420890625 0.43971392187499997 0.8779694953125 0.4300131515625 0.8791855203125 0.4289009609375 0.87824811875 0.426993834375 0.8677702843749999 0.4212734765625 0.8540785062499999 0.419432328125 0.8533093984375 0.41664744374999996 0.8556582984375 0.41066572343749996 0.8474859234375 0.4072173515625 0.8508409796875 0.4048806625 0.8462625750000001 0.40392710000000004 0.84102365625 0.4004971046875 0.8389154062499999 0.39660934375 0.8398129671874999 0.3947868296875 0.8380159828125 0.394506325 0.8356923999999999 0.397309840625 0.8323156265625 0.3958985109375 0.8300825203125 0.3939546296875 0.8305313015625 0.3930015765625 0.8341632453125 0.3882541796875 0.8379888 0.38452505000000003 0.8345848453125001 0.3822163078125 0.8284646234374999 0.3811416359375 0.8299069015624999 0.382020415625 0.83482189375 0.380198153125 0.837460340625 0.37762779687500003 0.83242409375 0.377029521875 0.8298326843750001 0.3781694078125 0.8247928390625001 0.37461779375000004 0.8204949218750001 0.375542896875 0.8184047906249999 0.38096335312499996 0.817494571875 0.3839260109375 0.8186871421875 0.38561784375 0.823243828125 0.39501973125 0.8251675296875 0.39802922343749997 0.8282258406249999 0.40040266718749995 0.8218776328124999 0.4033932734375 0.8215283890625 0.4079264 0.829523409375 0.4136648796875 0.8333164484375001 0.41607635312499996 0.8382187812499999 0.41689872499999997 0.8373465375 0.41549620000000004 0.8257286328125 0.41142084062500006 0.8147278 0.4084773265625 0.8213782171874999 0.40638387812500004 0.82117914375 0.4042808578125 0.817058578125 0.402560565625 0.8051728453125 0.40085941406250003 0.8011300953125 0.3996724359375 0.79986876875 0.3983547796875 0.8013671453125 0.3988410046875 0.80569038125 0.39799068437499996 0.8081044390625 0.3958504 0.806039625 0.3957192078125 0.7999284671875 0.3931767984375 0.7933504046875 0.39331679531249997 0.7900767656250001 0.3952699921875 0.789114046875 0.392858775 0.7886471453125 0.3909894234375 0.7849844218750001 0.39052182968750004 0.7796333093750001 0.3860536609375 0.7636052906249999 0.38627775937500003 0.7601416390625 0.3884084734375 0.7582849578124999 0.3855299171875 0.7569023765625 0.38452045625000003 0.7547470890625 0.3816600234375 0.7434657671875 0.382173940625 0.7418117578125 0.3840244046875 0.7420669281250001 0.3869591125 0.7448013140625 0.38832335156250003 0.740733246875 0.393827653125 0.735197584375 0.3902760375 0.730899665625 0.3921637671875 0.729099084375 0.3924999125 0.7239036046875 0.39055577812500003 0.7199169546874999 0.388864196875 0.7197956999999999 0.3860793125 0.7221445984375 0.38477122656249996 0.7275644671875 0.3781361 0.7331906046875 0.3760804265625 0.7398066421875 0.3709500484375 0.746961934375 0.3692028265625 0.7543597390625 0.363240503125 0.7584657828125 0.3636053640625 0.76503478125 0.35993264062499997 0.767418059375 0.35874591875 0.7705921625000001 0.36118534062499996 0.77395268125 0.3646991796875 0.7714354890624999 0.3662787109375 0.773288571875 0.368148571875 0.78582215625 0.365887178125 0.7904385406250001 0.3681490828125 0.79469301875 0.36780336406249997 0.7959670046875 0.3631493859375 0.7990886109375 0.3604483453125 0.796812065625 0.3571764703125 0.7815314359375 0.356895709375 0.774772425 0.3554282296875 0.771187515625 0.3518020859375 0.7710011015625 0.3503255421875 0.7723655640625 0.3483353359375 0.7798194656249999 0.34416758125 0.7872643078125 0.34342956562500004 0.79238196875 0.3390654046875 0.7973132171875 0.3379909875 0.8031909265625 0.3315895296875 0.809274903125 0.3318141390625 0.8146821140625 0.3397397390625 0.82240570625 0.3421325796875 0.8283359156250001 0.340600140625 0.8327840046875 0.340637915625 0.8395991140625 0.3402174140625 0.8405491734374999 0.335544546875 0.8402632234375 0.334451240625 0.842733378125 0.3344514953125 0.847168809375 0.337956275 0.8496009875 0.341638315625 0.8467037718749999 0.3434887796875 0.8469589421875 0.346498271875 0.850017253125 0.3490212828125 0.8443168953125 0.357376446875 0.8461410624999999 0.3612266890625 0.8428638218750001 0.3648248828125 0.8445920515625 0.366909271875 0.8497404921875 0.37109616875 0.8501386359374999 0.3742922390625 0.8473536156250001 0.377591553125 0.8522215703124999 0.3778909453125 0.8579527062500001 0.380545403125 0.8627989406250001 0.3858633796875 0.8675420390624999 0.3920223625 0.870385021875 0.3930507109375 0.8759478640625 0.398910809375 0.8819305703125 0.40244353750000006 0.882820934375 0.4033875296875 0.8841383593750001 0.4006215328125 0.8898948125 0.40083682343750004 0.895815959375 0.39519227031250004 0.90018983125 0.3908651203125 0.8986298953125 0.3907339296875 0.8925187359375 0.388275875 0.890186096875 0.38580875937500003 0.8928028234375001 0.385117325 0.8953507937499999 0.38086495781249996 0.894114784375 0.3816875859375 0.8976779734375 0.383426 0.8996649703124999 0.3825102125 0.9012411609375001 0.382772084375 0.9045926203124999 0.3847351078125 0.911986825 0.3847728828125 0.918801934375 0.3883438953125 0.9353782687500001 0.388568503125 0.940785478125 0.38812936875 0.9427634140625001 0.38468048593750004 0.9372476078125 0.38259635468750003 0.9365345968750001 0.3824566109375 0.9442436687500001 0.3792232765625 0.949084440625 0.3861583046875 0.9580603015625 0.3925043765625 0.9639308124999999 0.39970076718750003 0.9673872687499999 0.40276641093750004 0.97179738125 0.40704672343750004 0.9714915765625 0.40983160781250005 0.969142678125 0.4107378265625 0.9636449921875 0.4067936578125 0.95875531875 0.4057653109375 0.953192475 0.40805490781250003 0.951469709375 0.414279103125 0.950715125 0.41514831093750004 0.951708621875 0.414550546875 0.9579880734374999 0.4199715125 0.9659487171875 0.42634553124999996 0.9702774140624999 0.430766353125 0.97556883125 0.44140179843749994 0.97618416875 0.44663567656250003 0.9811172812500001 0.4492805640625 0.982042021875 0.45040232812500003 0.9869009156249999 0.45670181718749997 0.9953411171875001 0.45855228124999997 0.9955962875000001 0.46051343125 1 0.481067596875 1
18 0.5228869171875 0.6501288796875 0.518531053125 0.6368044640625 0.516792128125 0.6259466078125 0.5171378468750001 0.6246726218750001 0.5247638 0.6222296484375 0.5288572796875 0.62333174375 0.5298196500000001 0.619185859375 0.5289219828125 0.6108633140624999 0.5307721921875 0.606683053125 0.5286973749999999 0.6054561046875 0.5272578421875 0.6003293828125 0.535584546875 0.5948245 0.5386028453125 0.5884980109375 0.5386398546875 0.582006828125 0.534283990625 0.5686824140625 0.5317791 0.5644840328125 0.5277324546875 0.565247678125 0.52476954375 0.559619678125 0.5221432874999999 0.557667059375 0.517246321875 0.5608447625 0.5172186296875 0.5668220078124999 0.5162187406250001 0.5685882125 0.5059388390625 0.5750558109374999 0.5050701421875 0.5829331765625 0.502107740625 0.5861760359375 0.5007155531249999 0.5917859187500001 0.4984073234375 0.594536559375 0.49031403281249997 0.59606385 0.48815511406249995 0.5950269140625 0.48090231718750004 0.5857832265625 0.477677534375 0.5768037671874999 0.47630397812499997 0.5813857734375001 0.476939771875 0.5863568609375001 0.475556646875 0.587017371875 0.472509378125 0.5771439515625 0.4727334765625 0.5736803 0.477228828125 0.5748602093749999 0.47806957656250004 0.5685246609375 0.48321884375 0.564776921875 0.482377584375 0.5622416109375 0.477667196875 0.55957598125 0.47486316874999995 0.5540818953125 0.47528341718749995 0.54869640625 0.47901229218749997 0.54766493125 0.4782080421875 0.5386384359374999 0.47391764687500004 0.526151884375 0.47284297343750004 0.5275941640624999 0.47362833593750003 0.5332131046875 0.47288100312500003 0.5388447046875 0.47086208437500005 0.534534128125 0.46990852031249997 0.5292952093750001 0.47082405312500003 0.5232835875 0.46874923749999997 0.5220566375 0.4652348875 0.5157029671875 0.46290777031249997 0.5150460546875 0.45987989999999995 0.5174510515625 0.4578143984375 0.5157101640625 0.45626230625 0.5034444078125 0.456608025 0.502170421875 0.4595520484375 0.50439086875 0.4600196421875 0.5097419796875 0.462945034375 0.5129903015624999 0.4635052796875 0.5043311734375 0.46513139062500003 0.5036145640624999 0.4695333234375 0.5054984250000001 0.4695144359375 0.5020908703125 0.4675609859375 0.49861815624999994 0.4646640515625 0.5026988828125 0.46267333437499997 0.501281921875 0.4611401296875 0.49242371875 0.461597896875 0.48941790625000003 0.465672746875 0.491547878125 0.46609324843750005 0.49059781874999997 0.4649339640625 0.483359246875 0.46545694375 0.47675586875000003 0.4634752890625 0.47038953906250003 0.4641385203125 0.46494795 0.46860592343749996 0.46766967656249997 0.47122235312500005 0.461265371875 0.47601683906250003 0.4637409859375 0.4744463703125 0.45693853593749995 0.4720162640625 0.45306408125 0.4731750375 0.45143179062499994 0.471828921875 0.44560111874999997 0.468156196875 0.4479843953125 0.46731519375 0.44988451406249996 0.4606611796875 0.452103096875 0.457614678125 0.45553597031250004 0.4540446875 0.45670135937499995 0.448810809375 0.45176824687500006 0.4449978328125 0.4529897328125 0.439240465625 0.4457891390625 0.43542748906249995 0.447010625 0.4308853015625 0.4439649734375 0.4278949515625 0.4487496484375 0.422604921875 0.442464734375 0.4107920703125 0.44450956250000007 0.4064556046875 0.4434635671875 0.39729695625 0.4459191984375 0.3927177609375 0.4493647296875 0.3920545296875 0.45480631718750003 0.393886615625 0.46052479375 0.394354209375 0.46587590624999997 0.3968590984375 0.47007428906250004 0.3967377328125 0.4723200515625 0.3937284953125 0.47369717187499993 0.39197170468750003 0.4771734828125 0.38625236875 0.48122342968750004 0.3749254875 0.4831560625 0.3716546328125 0.4856171546875 0.3668694609375 0.4826276015625 0.363748175 0.4857365484375 0.35924350625 0.48507057500000006 0.3561035890625 0.48920739687500003 0.3516361859375 0.48648567187499997 0.348122346875 0.48900286406250004 0.345645659375 0.4876980984375 0.34278522499999997 0.47641677812500005 0.3442335640625 0.47215870000000004 0.3501405 0.4800071484375 0.34910258125000004 0.4705228109375 0.34752305156249996 0.4686697296875 0.34384101093749997 0.4715669453125 0.33914925625 0.467873440625 0.3379252703125 0.473103296875 0.3402433265625 0.478709578125 0.3395894109375 0.4836372296875 0.34127192968750003 0.48870785312500004 0.3376087765625 0.4950126234375 0.33868370312499996 0.4980057765625 0.34191729375 0.49760043437499996 0.3427865015625 0.49859393281250003 0.340562371875 0.5011545609375 0.34265633125 0.510224496875 0.338609940625 0.5154235734375 0.333834340625 0.5163555125 0.3348344828125 0.5190247375 0.338797028125 0.5184511046875 0.3401897265625 0.5217120859375 0.33975059218750003 0.523690021875 0.33610581562499997 0.524531484375 0.3351620796875 0.527649490625 0.3357792421875 0.53364845625 0.3334244296875 0.5389687875 0.3353313015625 0.545011190625 0.33533155625 0.549446621875 0.33863086875000004 0.5543145765624999 0.3510606265625 0.55383328125 0.35465882187500003 0.5555615078125 0.356341340625 0.5606321328125 0.356678253125 0.568742946875 0.36052976875 0.5876428625 0.36553980468749997 0.60047505625 0.368905096875 0.6150517359375 0.37557825 0.620676140625 0.3727188390625 0.62713654375 0.37729854375 0.632561875 0.38167278437499996 0.64042298125 0.38148620625 0.6462663109375 0.38348649375 0.6516047640625 0.3828325796875 0.6565324140625 0.385412253125 0.661054721875 0.3880108140625 0.6689845859375 0.3912265375 0.6829134125 0.3934416078125 0.6853021515625 0.397105015625 0.6834328125 0.398534721875 0.6802026109375 0.39750637499999997 0.6746397671875 0.3984501125 0.6715217609375 0.4029922984375 0.6745674125 0.405178909375 0.6696271046875 0.41119738437500003 0.6668728640625 0.4118606140625 0.661431275 0.409392734375 0.6507417109375 0.4078132046875 0.6488886296875 0.4050842171875 0.6481538984374999 0.4011030390625 0.649755409375 0.39648606875 0.6463858328125001 0.3934395671875 0.649818703125 0.3898224828125 0.644682921875 0.3884197046875 0.6286295859375 0.383185571875 0.6192610421875 0.38240020937499997 0.6136421015625 0.3801383046875 0.6093876234375 0.37693291875 0.6126865796875001 0.375428171875 0.6111574265625 0.3738949671875 0.6022992234375 0.3725677375 0.59987610625 0.3731750734375 0.5975181453125 0.3765302828125 0.599302471875 0.3762689203125 0.6048218750000001 0.3799046359375 0.6089297828125 0.3776704234375 0.5986980578125001 0.37795041875 0.5921507765625 0.37913714062500004 0.588976671875 0.3872868390625 0.5932366140625 0.3898196765625 0.59589318125 0.3913153609375 0.60237170625 0.391446553125 0.6084828671875 0.38782066406250004 0.6127318828125 0.3925124203125 0.6164253875 0.3923724234375 0.619699028125 0.3895034375 0.6222379390625 0.38939164375 0.6284051953125 0.3929712078125 0.6311613 0.3945411671875 0.6290928874999999 0.4005223765625 0.6283944 0.4018586671875 0.6258681484374999 0.399222840625 0.6199940374999999 0.400194525 0.615334215625 0.3984372234375 0.609939665625 0.399044559375 0.60758170625 0.40018469999999995 0.60697729375 0.4039417796875 0.608839434375 0.4078481734375 0.6069139984375 0.41074536093749997 0.6072687046875 0.411689353125 0.608586128125 0.41322230156249995 0.6130089 0.4125683859375 0.61793655 0.4141572328125 0.6192756953125 0.41546582968749995 0.6227266874999999 0.4134287875 0.628314846875 0.41535429218750003 0.633329375 0.41331724999999997 0.6389175359375 0.41578487500000005 0.6451716703125 0.41276632187500006 0.647062728125 0.4108506453125 0.6504051265624999 0.413505103125 0.655251359375 0.4128511875 0.6601790109375 0.41443071875 0.662032090625 0.41660826718750005 0.6620411515625 0.415916321875 0.6557182609375001 0.4180188328125 0.650967965625 0.42241144999999997 0.6533657640625 0.4237192828125 0.6435104640625 0.42614913281250005 0.6429494890624999 0.428466934375 0.6441203390625 0.42974707187499994 0.6402422859375 0.429111278125 0.635271196875 0.42979339687499996 0.6332371640625001 0.43161591250000003 0.6350341484375 0.43314886250000006 0.639456921875 0.4344292546875 0.640014296875 0.43727029218749996 0.6390172 0.43912981718750005 0.6343230015625 0.43574640468750003 0.6296450609375001 0.4328675921875 0.6238270453125 0.4318392453125 0.6182642031250001 0.428530615625 0.6139101874999999 0.4242684234375 0.6043172546875 0.41591172812500005 0.5758805046875 0.412004825 0.5689350796875 0.4093314796875 0.560681290625 0.4061348984375 0.5545954484375 0.40129357499999996 0.5502540921875 0.4003770203125 0.538523990625 0.40115255781250003 0.5357860078125001 0.40319917031249997 0.534119340625 0.404076928125 0.5212926078125 0.40666591875 0.525300978125 0.4092453375 0.5253878546874999 0.4100581375 0.52059411875 0.40837536406249997 0.5110880640625 0.40854331093749996 0.5062726093750001 0.4108611125 0.5074434609375 0.41401085625 0.5116635609375 0.41332822656249996 0.5048267328125 0.4154307359375 0.5000764359375001 0.4182813453125 0.5030008328125 0.42364641406250003 0.514045103125 0.4311139921875 0.5203390765625 0.43371204375000005 0.5193980781249999 0.4353192671875 0.515273915625 0.440338109375 0.5187213093749999 0.439394371875 0.5218393171875 0.43336658124999994 0.5251074953125 0.43349751875000003 0.526783225 0.438750028125 0.5306884593750001 0.434497915625 0.53388788125 0.43258224062500006 0.537230278125 0.4354703671875 0.5425343546875 0.42709708125 0.5506089265624999 0.4225362625 0.54859115 0.4209569875 0.5511735 0.4234618765625 0.5553718812499999 0.42656529687500006 0.5665971046875 0.438678815625 0.5924605656249999 0.44095935312499995 0.5956871703125 0.448997003125 0.6016789375 0.45000646250000004 0.6038342250000001 0.4503806390625 0.6098892874999999 0.456595771875 0.6140840703125 0.4620441765625 0.6116320375 0.4611739484375 0.592896815625 0.46307124843749997 0.595017725 0.46442668125 0.6003344609375 0.467249084375 0.6003652390625 0.4680805171875 0.5945436281250001 0.46964115937499995 0.5929891546875 0.4725104 0.594885675 0.47658550312500003 0.6014510765625001 0.47854852656249997 0.6088452828124999 0.47882954218749996 0.620039725 0.476596096875 0.6231142921874999 0.46887672656249996 0.626261215625 0.46844716406250003 0.63216064375 0.46049438125000003 0.6392851578125 0.467279840625 0.6476131656249999 0.469055775 0.6519798390625 0.47105580781249995 0.6528828625 0.4693362796875 0.654303421875 0.4695795203125 0.6586827546875 0.47595379375 0.6674468828125 0.47825321875000004 0.674081040625 0.48078605625000004 0.676737609375 0.48376734531250004 0.6769023015625 0.4813563828125 0.6808708328125 0.48131911875 0.6829265859375 0.4850014140625 0.6844648 0.487525190625 0.6920707359375 0.49097381718750005 0.6931511125 0.4945161140625 0.69796296875 0.49717082812499996 0.7072446343750001 0.49984391875 0.7110629937499999 0.5025734171875 0.7206685828125 0.507293121875 0.7228202734375 0.5105360265625001 0.72190099375 0.5124141843750001 0.7161789187500001 0.5169465453125001 0.7108676468749999 0.5185441984375 0.7028219906250001 0.522534690625 0.7007065421875 0.5301500531250001 0.6766003515625 0.535187015625 0.670149009375 0.5360091312499999 0.6648413359374999 0.5303824453125 0.6548810390625001 0.5274099624999999 0.64533154375 0.5254192468750001 0.6439145828124999 0.523624934375 0.6450112156250001 0.5228869171875 0.6501288796875
18 0.5483871703125 1 0.549177665625 0.99736300625 0.55213075 0.9946340828125001 0.5545606015625 0.9940731078124999 0.5583176812499999 0.9959352484374999 0.56102778125 0.993262425 0.5662800359375 0.9927322296875 0.568971503125 0.9910872812499999 0.57355095625 0.9920771796875 0.576933859375 0.9878842593750001 0.5807843546875 0.9890424515625 0.585101934375 0.98668089375 0.5888590140625001 0.9885430359375 0.594251009375 0.98030376875 0.5949233031250001 0.9699128124999999 0.5940070046875 0.96261814375 0.6039220453125 0.9495815421874999 0.6232112812499999 0.9444458890625 0.6304633125 0.940383284375 0.6343510734375 0.9394857234374999 0.638837109375 0.9411795734374999 0.6420518109375 0.9373666765625 0.6438645000000001 0.9308067375 0.651602503125 0.9266319375000001 0.6532568171875 0.9288089453125 0.652677684375 0.934060521875 0.653621678125 0.9353779453125 0.6666310765625 0.9385159375000001 0.6686212828125 0.9310620343749999 0.666209809375 0.926159703125 0.6677704531249999 0.9246052296875 0.6720882875 0.9266791031249999 0.6744710453125 0.9198169578125001 0.67088165625 0.9087039296875 0.6727691296875 0.9024679156250001 0.666488271875 0.8929998375 0.667189025 0.889937928125 0.671525490625 0.8909839249999999 0.6719459921875 0.890033865625 0.6696652000000001 0.8823718312500001 0.6654876187500001 0.88145975 0.66312298125 0.8784231578125 0.6629731578125 0.8733398749999999 0.6608233015625 0.8673535687499999 0.6607482609375 0.8625942109375 0.6567106765624999 0.8584084890625 0.6554393453125 0.85290174375 0.65521448125 0.843059103125 0.6587562703125001 0.839000096875 0.6671859625 0.8367127562500001 0.671354228125 0.838138778125 0.6772045015625 0.8357645609375 0.67812960625 0.8336744296875 0.6772787765625 0.827217625 0.681297471875 0.8279957937500001 0.6829517875 0.8301728015625001 0.6825688046875 0.8335025390625 0.6797746046875 0.8363653765624999 0.6842140578125 0.8406289156250001 0.6895594734375 0.834959340625 0.6946807921875 0.8327534156249999 0.6974374734375 0.8275109 0.696521175 0.8202162296875001 0.6954089828125001 0.8192788312499999 0.691838990625 0.8204442203125 0.6897921234375 0.8176754562499999 0.68891334375 0.8127604671875 0.6895954625 0.8107264328125 0.6941280796875 0.8098505921875001 0.6927633296875 0.8050477953125 0.6878567921875 0.80430400625 0.68667913125 0.8025287421874999 0.683239821875 0.8009344281249999 0.67567908125 0.7997798359375 0.676351884375 0.798259740625 0.67545421875 0.7899371937499999 0.6698078796875 0.7632630484375 0.6658171296875001 0.7609430671874999 0.6619855234375 0.7631924296875 0.6554992000000001 0.7561601265625 0.6498730234375001 0.755070690625 0.6477420546875 0.7524919390625 0.6443030000000001 0.7553330578125 0.6425739 0.7528321234375001 0.6431618375 0.738195746875 0.64632064375 0.7374664796875 0.6476199234375 0.7414314125 0.64936765625 0.74290446875 0.6524703093750001 0.7408234 0.6577973484374999 0.7406171296874999 0.6603671953125 0.7367825140625001 0.661366828125 0.7305808796875 0.6659739734375 0.7255935328125 0.66595483125 0.7177505484375 0.6690668 0.7151555390625 0.6694404671874999 0.7123397406249999 0.6709917937500001 0.7112992046875 0.672795678125 0.7141240640625 0.6755901328125 0.715696659375 0.678188184375 0.714755659375 0.6800663421875 0.709033584375 0.6796360140625 0.7016267203125001 0.6756263765625 0.695899184375 0.6734115640625 0.697945875 0.6708233375 0.707243796875 0.6610291515625 0.709163771875 0.6563094484375 0.7070120828124999 0.6560941546875 0.701090934375 0.660654975 0.7031087109375 0.6672246328125 0.6966447078125 0.66679405 0.6848024125000001 0.6631208140625 0.678314828125 0.6637472921875001 0.683799853125 0.66177571875 0.6902258812500001 0.6585980250000001 0.6875475921875001 0.655364434375 0.6879529343749999 0.6496637296875 0.6909750031249999 0.6468415828125 0.695379653125 0.6419816265625 0.6920661734375 0.6384305218749999 0.6966391171875 0.635953834375 0.695334353125 0.6337012468750001 0.690565934375 0.6288040265625 0.6893082078125 0.6262618718749999 0.6871655765625 0.6133086234375 0.6853793890625 0.609990678125 0.6815393109375 0.60703708125 0.675397371875 0.6052795234375 0.6655673906249999 0.605335165625 0.6580483312500001 0.60808253125 0.6533197546875 0.6093906171875 0.647899884375 0.6076428875000001 0.646426828125 0.6061849765625 0.6467634125 0.6041665671875001 0.651323696875 0.602418834375 0.6498506390625 0.6006615328125 0.6444560890625 0.598353046875 0.6427712984375 0.5946710078125 0.6456685140625 0.5895305453125 0.640031453125 0.5799979765625001 0.640867453125 0.57861510625 0.645963396875 0.5769048953125 0.646870015625 0.5771667671875 0.6502214734375 0.576166878125 0.651987678125 0.5741482140625 0.6521125328124999 0.5712789734375 0.6502160124999999 0.570270025 0.656931584375 0.5717095578125 0.6620583078125 0.5694295312500001 0.667702565625 0.5702521578125 0.6712657546874999 0.5721119375 0.6710069875 0.576542075 0.6757844640624999 0.579925234375 0.676026975 0.587019146875 0.6851367484375 0.5866830015625 0.6903322281250001 0.5893938671875001 0.7009656953125 0.588263296875 0.705491603125 0.5859736984375 0.70721436875 0.5896187296875001 0.7108083359374999 0.590385459375 0.717455153125 0.592983765625 0.720949584375 0.593114703125 0.7226253140625001 0.5911335578125 0.7251298453125 0.5914140625 0.7274534265625 0.5940589484375 0.72837816875 0.59708681875 0.725973171875 0.604124325 0.7292957125 0.60887223125 0.7343410203125 0.6094705046875 0.7369324296875 0.608003278125 0.737782953125 0.6066951921875 0.743202821875 0.5947330281250001 0.749035228125 0.5901535765625 0.748045328125 0.5821164375000001 0.7509244234375 0.581209965625 0.7519866765625001 0.5812850046875 0.756746034375 0.579817778125 0.7575965578125 0.57861216875 0.7573631078124999 0.5773969890624999 0.7532081640625 0.5760418109375001 0.7523268609375 0.57368674375 0.7532117625 0.5723972890625 0.7576037546875 0.5714253499999999 0.7578281453125 0.5668831625 0.7547824921874999 0.5612383546874999 0.7547209328125 0.5550700578125001 0.752391890625 0.5527618265625 0.7551425328125 0.5570245296875 0.7736063265625 0.5535295765625 0.7795310734374999 0.5522965296875 0.7897102984375 0.553642646875 0.7955409718750001 0.5516803890624999 0.8014530578124999 0.5545778328125001 0.80624319375 0.5571391296875 0.8162288109375 0.5618026828125 0.8170286984375 0.5639804859375 0.8214731890625 0.5686160890624999 0.8238148921875 0.569120946875 0.8271102499999999 0.5673641546875 0.8305865625 0.572784865625 0.8341117734375001 0.5717197640625 0.8394755453125 0.576355878125 0.8506881078124999 0.5749075390625 0.8549461859375 0.5709263625000001 0.8565476953125 0.56672083125 0.8571774281250001 0.5639450078125 0.8545769578125 0.5613464453125 0.8466470953125 0.5616639609375 0.84247949375 0.5531778593750001 0.8389795984375 0.5503552015625 0.8345133890625 0.546578978125 0.8248082609375 0.5386906421875 0.815028915625 0.5342602484375 0.80581600625 0.5336992390625 0.8011688421875001 0.537624009375 0.7937801 0.5370257359374999 0.7911886906250001 0.5328574703125 0.7897626703125 0.5329692640625 0.7835954125 0.5290064625 0.779733615625 0.52745488125 0.7763387203125001 0.5231931984375 0.7756166484375 0.530753684375 0.7723358109375 0.53242663125 0.77348494375 0.534240340625 0.784666728125 0.5368761671875 0.7905408375 0.53922191875 0.790169875 0.53992266875 0.787107965625 0.5372863328124999 0.7723629921875 0.5398093453125 0.7666626375 0.5383322921875 0.7591562374999999 0.54033206875 0.755623828125 0.5388925359375001 0.75049710625 0.5376776109375 0.75077759375 0.5372759968749999 0.7551352062500001 0.5350704984375 0.7566679609375 0.53009849375 0.7550863062500001 0.5252385375 0.7517728265625 0.520584046875 0.7460235703125 0.51871495 0.7467962765625 0.5177712125 0.7499142828124999 0.5215658125 0.7541561031249999 0.5229119296875 0.759986775 0.5222580125 0.764914425 0.518772378125 0.7703252328125 0.5140433578125 0.76868748125 0.5040892671874999 0.7527318171874999 0.50137865625 0.7465337796875 0.49810754687500003 0.7445594437499999 0.4947241328125 0.7398815015625 0.49128431250000004 0.7294163265625 0.48500345468750006 0.7199482484375 0.48324615312499997 0.7145536984375 0.479769321875 0.7105797046875 0.47838594062500006 0.7068047859375 0.47598403749999996 0.705823946875 0.47174124375000004 0.70850943125 0.46658240468749995 0.7083356765625 0.45680710625 0.71366320625 0.452601575 0.7142929375 0.4496298578125 0.7180497359375 0.4485083484375 0.7176262734375001 0.44205023125 0.7134875875 0.439377140625 0.7096692296875 0.43517058906250006 0.6925572375 0.43064677968750004 0.684048278125 0.4296184328125 0.6784854359375 0.428581025 0.6778719609375 0.42604844062499997 0.679650825 0.42708610468749997 0.6846997296875 0.4216470171875 0.686637825 0.41168488437499995 0.6933732531250001 0.40936759375 0.701073265625 0.3972279109375 0.7077996343749999 0.401303525 0.723235896875 0.40485514062499994 0.727533815625 0.4062198890625 0.7323366124999999 0.411734015625 0.7351578734374999 0.41590253749999995 0.7410193234375 0.4163701296875 0.7463704375 0.41853861875 0.751328865625 0.41732394843750004 0.756044784375 0.42285798281250003 0.780015325 0.4250639921875 0.7873534328125 0.4291763609375 0.7918630828125 0.4297187375 0.7975381203125 0.432690965625 0.8026521828125001 0.43699067812500003 0.8146247953125 0.44036452031250006 0.8153812421875 0.444607315625 0.8126957593749999 0.4456258359375 0.8099016796875 0.4447188546875 0.802093071875 0.4486814 0.8015194375 0.450036321875 0.797965309375 0.44989581406249995 0.7923680875 0.45499850000000003 0.791190040625 0.4574842484375 0.7875454359375 0.461521578125 0.7872957281249999 0.4623154890625 0.7790944375 0.463315378125 0.7773282328125 0.47041784062499997 0.772617778125 0.47625905468749996 0.7751929296875 0.47555830156249995 0.7782548390625 0.46901684843749997 0.7876124578125 0.467353728125 0.79482025 0.4599707609375 0.797207125 0.45840105624999994 0.8037109671874999 0.4506353609375 0.8138630109375 0.45077586875 0.819460234375 0.44243984843749995 0.825479053125 0.441393378125 0.8298149484374999 0.4388421625 0.8326216875 0.44187079687499997 0.843522984375 0.4463195671875 0.8472725859375 0.4468619453125 0.852947625 0.4532545953125 0.856248446875 0.45299323437499994 0.86176785 0.45579726093749995 0.8672619375 0.453685434375 0.8725261718749999 0.45998466875000005 0.87653094375 0.4600410765625 0.8823181765625 0.46262074999999997 0.8868404859375 0.461798634375 0.8921481578125 0.46387370624999996 0.8978105375000001 0.4659309109375 0.9178070875 0.471744940625 0.935230346875 0.4732033609375 0.943764621875 0.47637173906249997 0.9469568468749999 0.47853997187499997 0.9474798468750001 0.481250071875 0.9448070203125001 0.48435247031250006 0.9382905203125 0.4885580015625 0.9376607890624999 0.4948753578125 0.931766821875 0.501530134375 0.9428545328125001 0.5043150187500001 0.9405056328124999 0.5091560875 0.940411559375 0.515697796875 0.9354893703125 0.52846395625 0.934248028125 0.5305294578125 0.9359889156250001 0.53294093125 0.9408912468749999 0.5341374796875 0.946074065625 0.5331285296875 0.9527896406249999 0.5296242609374999 0.9592283234375 0.5247643046875 0.9559148421874999 0.52428790625 0.95994853125 0.5226338453125 0.9622069546875001 0.5179234578125 0.9595413265625 0.51628803125 0.9607718734375 0.516811521875 0.9630393578125 0.5184378875 0.966758178125 0.5222511187500001 0.9699721234375 0.521597203125 0.9748997718749999 0.5258034984375 0.9875763328125 0.5323829828125 0.9894692562499999 0.5308037078125001 0.9920516062500001 0.528280440625 0.99331653125 0.52767310625 0.9956744890625 0.529832021875 0.9967114265625 0.5337197828125 0.995813865625 0.5402992671875 0.9977067875 0.5443599796874999 1 0.5483871703125 1
18 0.3053453640625 0.4594710875 0.308224175 0.4652891 0.3162258359375 0.49551377499999993 0.3231427421875 0.514388371875 0.3278533859375 0.52148943125 0.3283023453125 0.52786841875 0.329704359375 0.5306154624999999 0.3329004296875 0.5278304421875 0.33243283749999997 0.5224793296875 0.329609921875 0.5135776890625 0.3236654671875 0.5033495625 0.31775751093750004 0.477759390625 0.3117193828125 0.463799784375 0.3030074 0.43271552656249995 0.29908211875 0.43123340781249997 0.29656765625000003 0.4231135328125 0.29940014375 0.43593666875 0.30194229687499996 0.43807929687499997 0.3053453640625 0.4594710875
18 0.535475175 0.80553551875 0.5416064625 0.8143557453125 0.54633599375 0.8248643578125 0.5534019578125 0.835515946875 0.5586451515624999 0.8399351203125001 0.5625049640625 0.8405793750000001 0.5635894640625 0.8474940203125 0.5649914765624999 0.8502410625 0.5668139937500001 0.852038046875 0.5705990203125 0.852358375 0.5733839046875 0.850009475 0.5725051265625 0.8450944859374999 0.56692553125 0.8414353578125 0.563290071875 0.841762884375 0.5626542765625 0.8367917953124999 0.5639623640625 0.8313719265625 0.5618872921875 0.8257095484375 0.5575316828125 0.816820565625 0.5462410453125 0.798955721875 0.5395024234375 0.7924934546875 0.535082365625 0.8005083328125 0.535475175 0.80553551875
18 0.47527295 0.6916580703124999 0.4749647515625 0.6953117343749999 0.47741349062499994 0.6981583140625001 0.47971291562499996 0.704792471875 0.4901063953125 0.7232056296875 0.4959015390625 0.7372213359375 0.5018457390625 0.74301403125 0.5063136515625 0.75460661875 0.5134357671875 0.766610009375 0.5186134921875001 0.77019131875 0.5222580125 0.764914425 0.519098696875 0.7567728296875 0.518014196875 0.7498581843750001 0.5144253187500001 0.7476160203125 0.5114903562500001 0.7404462046875 0.5079762609375 0.7385279640625 0.507284315625 0.7322050734375 0.5053026593750001 0.7258387453124999 0.4884784984375 0.6928742234375 0.48241267812500005 0.6848918609375 0.47988941093750004 0.6861567859375 0.47527295 0.6916580703124999
18 0.40121814999999994 0.7012487546874999 0.4033674953125 0.6983641984375 0.4099839890625 0.6937659359375 0.4152918859375 0.68571668125 0.4401126046875 0.6601972593750001 0.4459623671875 0.64895218125 0.45030815156250004 0.6494842390625 0.4568322484375 0.6633316515625001 0.4670761609375 0.6810969578125 0.4693846453125 0.682781746875 0.4735901765625 0.682152015625 0.47722538124999997 0.6773890609375 0.4748698046875 0.6694031 0.460756253125 0.6426366140625001 0.45767197656249997 0.639254378125 0.4600174703125 0.6344479828125 0.4753058765625 0.6141999921875 0.4771840328125 0.6084779171875 0.4761932046875 0.605294753125 0.47461367499999996 0.603441671875 0.47138008593749997 0.6038470125 0.45549340625 0.62150359375 0.45167111406249993 0.62323901875 0.4503625171875 0.619788025 0.450137909375 0.614380815625 0.4466049265625 0.6090550218749999 0.442810071875 0.6003777703125001 0.435015153125 0.589894475 0.4176483578125 0.546819484375 0.4097507046875 0.5375540765625 0.40758247187499996 0.537031078125 0.4041527328125 0.5393582578125 0.40819108281250005 0.5568502734375 0.42348280625 0.5942628828125 0.42860514531250005 0.6097986828125 0.4322876953125 0.61577233125 0.43606391875000006 0.6254774578125 0.44182128593750003 0.632678053125 0.442588015625 0.6393248687499999 0.441494709375 0.6417950234375 0.43596220468749997 0.6444370703125 0.4293832328125 0.651415009375 0.42828061249999994 0.6543991015625 0.4232902296875 0.658280753125 0.42168300625 0.6624049171874999 0.41744021093750006 0.6650904015625 0.4158329875 0.669214565625 0.4103752671875 0.6721805375 0.40779610312500003 0.676529090625 0.40517941874999996 0.678497965625 0.402749825 0.683494371875 0.3980024265625 0.687319928125 0.39493729375000003 0.6917806765625001 0.3923578734375 0.6916937984375 0.39062877500000004 0.689192865625 0.3833379484375 0.668698634375 0.3745325484375 0.6383183265625 0.3726445640625 0.6356834796874999 0.3682514359375 0.6244148171874999 0.363558915625 0.607415021875 0.34490215625 0.5598611609375 0.34373380937500003 0.5575719578125 0.33992083281249996 0.5587934453125001 0.3389209453125 0.56055965 0.339145553125 0.5659668578125 0.3482868453125 0.5867162578125 0.3553160546875 0.6082944609375 0.36243842656249997 0.6247332812499999 0.3663831046875 0.6384938171875 0.3701965921875 0.64614319375 0.38036674062500003 0.681326296875 0.38705929375000003 0.6992291140625 0.37151833125 0.7156117125 0.369266253125 0.7197141546875 0.3690142078125 0.7247196234375 0.366565725 0.726308475 0.352268146875 0.7497396296875001 0.338586965625 0.76586345625 0.3365312921875 0.7724794953125 0.3337184578125 0.7763702078125 0.339475825 0.783570803125 0.34537268125 0.7786268953125 0.35288581875 0.7646094546875 0.36118431875 0.7562109578125 0.3681742234375 0.7443614640625 0.375930603125 0.7347233578125001 0.3803786078125 0.7251666671875 0.38828455625 0.7161764125000001 0.39192933124999996 0.71533495 0.3951254015625 0.71254993125 0.3948166921875 0.7073327328125 0.3957604296875 0.7042147265625001 0.40121814999999994 0.7012487546874999
16 0.841455509375 0.678086003125 0.8376239 0.680335365625 0.8327929125000001 0.69322179375 0.8333352890624999 0.6988968328125 0.831036884375 0.7100043984375 0.8231130703125 0.733328821875 0.8233376781249999 0.73873603125 0.8272070625 0.743301778125 0.8326932421875 0.7476648546875 0.838132584375 0.7501621890625 0.8426465671875001 0.750314225 0.8453287203125001 0.7491832140625 0.8488050390625 0.7442863421875 0.852822971875 0.73175821875 0.856598428125 0.728157053125 0.8593737406249999 0.7218866625 0.8598969750000001 0.7197187140625 0.8575225109375 0.7083252 0.8582512109374999 0.7037214765625001 0.8632224515625 0.6919968390625 0.8576332843750001 0.68441621875 0.8510255953125 0.6796296796875 0.841455509375 0.678086003125
14 0.698316253125 0.8324258906249999 0.7021201671874999 0.8361537734375 0.7130736375 0.8414723703125 0.7179149625 0.845813728125 0.7221859609375 0.846021859375 0.7229894453125 0.8417420625 0.7262134640625 0.837415228125 0.7270917328125 0.8334593578125 0.7305121546875 0.831646115625 0.730540103125 0.8301043015625 0.72878305625 0.82914518125 0.7277174453125 0.8256380906249999 0.7225022 0.819677103125 0.7172590046875 0.8152579296875 0.705127875 0.80816406875 0.7017822359375 0.810301234375 0.698316253125 0.8324258906249999
7 0.23315085 0.802488196875 0.22924420156249997 0.799978203125 0.22240310000000002 0.7991692546875 0.2086088484375 0.799283184375 0.19208586562500002 0.8030978171875001 0.190441121875 0.8048423015624999 0.1860860234375 0.8048241812500001 0.1778809375 0.8125187296874999 0.17713360625000002 0.8181503296875 0.17068531250000002 0.8223685671875 0.1702184859375 0.830323746875 0.167807521875 0.834292278125 0.16143401562499998 0.8388344406250001 0.15802341875 0.84900460625 0.16827613749999998 0.8573851140625001 0.1790422625 0.8552407484375 0.1941828859375 0.8653929218749999 0.2008371546875 0.8676097703125001 0.209164115625 0.86654031875 0.217416034375 0.860711509375 0.22154652656249998 0.855322421875 0.241358996875 0.84801881875 0.242788703125 0.8447886171875 0.24286323125 0.8406771125000001 0.246806634375 0.83226049375 0.24697457968749997 0.8274450375000001 0.252039490625 0.81945188125 0.252749303125 0.8114406031250001 0.251029521875 0.8084257312500001 0.247767728125 0.8059374546875 0.23315085 0.802488196875
16 0.7291244359375 0.7524688703125 0.7299566343749999 0.759953553125 0.7272185859375 0.7641681921875 0.71968605 0.765907215625 0.713022465625 0.7642043046875 0.7145831078125 0.76264983125 0.7204895328124999 0.7616274171875 0.7213302828125 0.75529186875 0.7240031171875 0.7546747953125 0.726077934375 0.75590174375 0.7285168453125 0.7503913984375 0.7257878578125 0.7496566687499999 0.7243296921875 0.7455578234375 0.718067721875 0.7394973 0.709104459375 0.7267248015625001 0.6978145875 0.7221662515625 0.6834971015625 0.7244481296874999 0.67802049375 0.7240065453125 0.6747209265625 0.7147031609375001 0.6708611125 0.71405890625 0.66804828125 0.7179496203125 0.668646809375 0.7249764609375 0.66601149375 0.7279732125 0.6613862265625 0.7428592953125001 0.6580405890625001 0.7449964640625 0.6534797703125 0.7429786875 0.649461071875 0.74220051875 0.6490405703125 0.7431505781250001 0.648087771875 0.7512179546875 0.6507701796875 0.754522375 0.66063940625 0.75736175625 0.668900896875 0.7554544421875 0.67040564375 0.7569835968749999 0.6731726609375001 0.768968865625 0.6780144953125 0.7821810859375 0.6798093171875 0.789955315625 0.6827160765625 0.7942315140625 0.6861553875 0.795825828125 0.6942300453125 0.7953264124999999 0.700127665625 0.8036887968749999 0.7043986640625 0.8038969296875 0.7082866796875 0.8074348 0.712473578125 0.80783294375 0.717772925 0.8136039203125 0.71940860625 0.8168088046875001 0.72970765 0.818184190625 0.7366610546875 0.8216967421874999 0.755670296875 0.82310836875 0.7584272328125 0.822301284375 0.7604831625 0.8201206796875 0.7599591609374999 0.8089823328125 0.761397675 0.7963673328125 0.7666776234375 0.7898598906250001 0.7674531578125 0.78712190625 0.76767725625 0.7836582562500001 0.7651909984375 0.7784319984375 0.7596390953125 0.7687956265625 0.75159213125 0.763317796875 0.7490127125 0.7632309187499999 0.73639535625 0.751813821875 0.7291244359375 0.7524688703125
18 0.6480417078125 0.43784417343750004 0.6454723687499999 0.45054965156250004 0.6468562609374999 0.46319543281250003 0.6463984953125 0.46620124374999994 0.6435292546875 0.46430472343750007 0.6408561640625 0.460486365625 0.6358461296875 0.447654171875 0.6333880749999999 0.44532152968750005 0.6249400046875 0.4530721765625 0.6219403390625 0.4583707890625 0.621398471875 0.4615666125 0.6225950203124999 0.4667494328125 0.6263148359375 0.4706673265625 0.6280907703125 0.47503399999999996 0.6326329578125 0.478079653125 0.6376706859375 0.484934603125 0.6423621859375 0.4841926765625 0.6472221421875 0.48750615625 0.6547735671875 0.4891746875 0.661147584375 0.49350338593750004 0.6685867046875 0.49246831249999995 0.6735680265624999 0.49353602968750004 0.6766613640625 0.491968896875 0.6802311015625 0.48636807812500005 0.6820344734375 0.480322075 0.6802771703125 0.474927525 0.676650771875 0.47030568125 0.672332171875 0.454925515625 0.6697524968749999 0.45040320625 0.6667800140625 0.44085371249999994 0.6656678234375 0.4399163125 0.6566212234375 0.4406401171875 0.6515930671875 0.43770666093750005 0.6480417078125 0.43784417343750004
18 0.6029462828125001 0.5584601359375 0.60769368125 0.5546345796875001 0.620851371875 0.5362432687500001 0.6252711734374999 0.5237929609374999 0.6264855890625001 0.5146416125 0.6188767359375 0.4894441234375 0.6151380343749999 0.482118675 0.6134650859375 0.48096954218750004 0.6059139171875 0.4837364421875 0.585503684375 0.49731949531249997 0.5752796796874999 0.5007034671875 0.569485303125 0.49999405625 0.55733605 0.50279893125 0.5529250546875 0.5058644390625 0.5393554109375 0.511385578125 0.525636709375 0.525129728125 0.5239547015625 0.5289299656249999 0.5156189343750001 0.5393842171875 0.5126006375000001 0.5457107062500001 0.5119097125 0.5571295390625 0.51382564375 0.5582225734375 0.5246476671875 0.5529945796875 0.5283299625 0.5545327953125 0.5340780140625 0.562247328125 0.5379846625 0.5647573234375 0.544564403125 0.5710856765625001 0.54572343125 0.5738888156249999 0.5486767718750001 0.575595325 0.5466956265625 0.5780998578125 0.5462285437500001 0.5816196062500001 0.5476585046875 0.5828248359375 0.5518733515625 0.5816811656249999 0.557807725 0.5791169375 0.5587328296875 0.5770268078125 0.5588630015625 0.56539624375 0.5561894 0.5527070234375 0.559226584375 0.5497880890625 0.5605815078124999 0.5462339609375 0.561740025 0.540166240625 0.560075884375 0.5296323093749999 0.5649071265625001 0.521181309375 0.569617259375 0.5194115078125 0.5746361 0.522858903125 0.6029462828125001 0.5584601359375