16 0.6134215109375 1 0.6215144203125 0.9953929484374999 0.640840225 0.9819311140625 0.6571685734375 0.9668836187500001 0.6673423515625 0.9532368234374999 0.6735608296875 0.9397211765625 0.675069003125 0.9273873968749999 0.6774523296875 0.925989634375 0.68158229375 0.9259992203125 0.6831598796875 0.9322475359375 0.6868991703125 0.9383020671875 0.7053383796875 0.9553714859375001 0.7187367390625 0.9728034156250001 0.72494388125 0.9750397015625 0.7325708953125 0.9726133375 0.7390034390625 0.9683950015624999 0.7458792265625 0.961768709375 0.7758576765625 0.94665934375 0.8050284421875 0.9546790453125 0.81289208125 0.9557614609374999 0.8279770578125 0.9557496984375 0.834830284375 0.9549119359375 0.8558707734375 0.948914921875 0.8641776562500001 0.94758938125 0.8823577859375 0.9412232093749999 0.8899566234374999 0.939603671875 0.9183499312500001 0.9287472812500001 0.9373076250000001 0.9155418640624999 0.9499266937499999 0.9038653546875001 0.95795755 0.88987445625 0.9677162578124999 0.877828790625 0.9664034734375001 0.8742824296875 0.96223033125 0.8703669109375 0.950103409375 0.862807759375 0.9440465328125001 0.8562683890624999 0.9441968 0.8519653078125 0.952757259375 0.8433783140625 0.953547996875 0.83101948125 0.9512961531249999 0.82865204375 0.9436541343749999 0.82636565 0.941642696875 0.82225635 0.9382771296874999 0.8209271046875 0.9350054796875 0.8169084328125 0.930785378125 0.8143376265625 0.9292885390625001 0.8109194734375 0.92373870625 0.815572540625 0.9176968343749999 0.8137459296875 0.9153041156249999 0.8154126328125001 0.9124455906250001 0.8252758234375 0.9130127625 0.8296039593750001 0.9113750484375001 0.8302199453125001 0.9070892031250001 0.8295317390625 0.9041856640624999 0.8252566515625 0.9046364656250001 0.8123474046875 0.9062216078124999 0.8080944296875 0.9015056906250001 0.8042945921875001 0.8958319296875 0.8022115671875 0.8889974890625 0.8025114437499999 0.88436231875 0.8015417687499999 0.872408115625 0.8096063421874999 0.8689448531249999 0.8162171671875 0.8585814078125 0.8250104687500001 0.8566375453124999 0.8292509171875 0.8542354359375001 0.8311865640624999 0.8438325875 0.8308232875 0.8274536109374999 0.8267508031249999 0.8210905890625 0.8238358953124999 0.8092716484375 0.822884628125 0.8039472140624999 0.8210830703124999 0.79380916875 0.8234217484374999 0.76840586875 0.8206497515625 0.753858053125 0.8155641296875 0.75019011875 0.8126087015625 0.7465823109375 0.8027889734375 0.7471288640625 0.7974226468750001 0.7494220515625 0.7934636687500001 0.7542074890625 0.7901302609374999 0.7580012953125 0.784338790625 0.7652695890625 0.7818999 0.76835535 0.7758144328125 0.771418546875 0.7755174953124999 0.7727351109375 0.7738132125 0.7692324453125 0.7712674609375 0.7635005015624999 0.76056574375 0.754913809375 0.7544765734375 0.7495893765625 0.752675015625 0.7380915890625 0.7528120453125 0.7353157546875 0.7500224046875 0.732096675 0.749640721875 0.7258669703125 0.7531929625 0.7156913578124999 0.7566074109375001 0.7035343171874999 0.765338078125 0.6938489078125001 0.76499985625 0.6778850000000001 0.75932624375 0.675798428125 0.7573684859375 0.66622571875 0.7538029500000001 0.6567281406250001 0.7480858765625 0.6471366484375001 0.745058228125 0.6419155234375 0.740298303125 0.6281602796875 0.73308619375 0.602794546875 0.7292384265625 0.59711139375 0.7274243421875 0.587610040625 0.7269579125 0.5773818562499999 0.726735371875 0.570684509375 0.7282517546875 0.5708929609375 0.7325673640625 0.58008816875 0.7366582562499999 0.5855647046875 0.7443890765625001 0.586755396875 0.7514316921875 0.583433009375 0.754008378125 0.583357875 0.75615991875 0.5839907875 0.75860545625 0.588513259375 0.76280244375 0.5897978671875 0.76715563125 0.5891799609375 0.7694228546875 0.5812411859375 0.7704919796875 0.578230559375 0.7744259046875 0.5727446328125 0.7669640265625 0.5673262828125 0.767851896875 0.5636113890625001 0.7662411796875 0.5619586703125 0.76214440625 0.562801978125 0.7534225625000001 0.56117365625 0.7537696046875 0.5611754906249999 0.764001953125 0.5569610015625 0.76641285 0.5553608546875 0.765953065625 0.551475075 0.7589509703124999 0.544631240625 0.759519790625 0.5411229640624999 0.7519923375 0.5342077749999999 0.7494620546874999 0.53253249375 0.7511538109375 0.53161783125 0.7567765515625 0.52889456875 0.7576239015625 0.5210065312500001 0.7520976687500001 0.51916975625 0.7481291031249999 0.5159600703125 0.747478478125 0.49975197812500005 0.7487973718750001 0.49625492656250003 0.7512333234375 0.493952346875 0.75546124375 0.495879259375 0.761991028125 0.4948612875 0.7705721390625 0.49615712343749996 0.7848887328124999 0.49849910625 0.7898173875000001 0.504107125 0.7937830124999999 0.5075252625 0.7987492453125 0.5073749953125 0.8030523296875 0.5007696234375001 0.817362275 0.49789231718750004 0.8277633515625 0.5007657375 0.8483282593749999 0.5113976546875 0.8627016046874999 0.514873978125 0.8762865296875001 0.5210585609375 0.8843113484374999 0.5297635640625 0.8921549109375 0.532454875 0.8973650359375 0.527132275 0.905795825 0.5278045890625 0.9173979390625 0.5321974125 0.9355924703125 0.547430603125 0.9724759546874999 0.558941453125 0.9925346765624999 0.5655725296874999 1 0.6134215109375 1
16 0.9442088953125 0.6562060046875 0.9475519 0.6633237796875 0.9459198000000001 0.66892146875 0.9506882890625 0.67635829375 0.9548896062500001 0.6794669843750001 0.9562211734374999 0.682475459375 0.9617728421875 0.6880547390625 0.9817351203125 0.723218475 0.9816318125000001 0.72617684375 0.97546029375 0.738347778125 0.9802475656249999 0.7452467171875 0.98138190625 0.7539029890625 0.9746150421875001 0.7625526140625001 0.972832675 0.772453384375 0.969463328125 0.7763747828125 0.9721922046874999 0.7805091359375 0.969827659375 0.7813690125 0.9645220109375 0.7790295703125001 0.9632242328125 0.7801959671875001 0.963073965625 0.7844990515625 0.9693712453125001 0.78929655625 0.963712490625 0.7919262890625001 0.9583880562499999 0.7901247328125 0.9545228968749999 0.7928170999999999 0.9568836609375 0.7972078687499999 0.9526879578124999 0.79908088125 0.9450459375 0.7967944859375 0.9455549234375 0.79250393125 0.9429255781249999 0.7906618546875 0.9383805468749999 0.792253396875 0.936804796875 0.7962374296875 0.9392782609375001 0.7974008875 0.9405910453124999 0.8009472484375 0.9444524265625001 0.8035055249999999 0.9466573140625 0.8072176750000001 0.9491871281250001 0.806767478125 0.952150796875 0.8041782656249999 0.9537321609375 0.805175934375 0.9507027515625 0.8096477453125001 0.95757098125 0.8135227421875 0.96442420625 0.8126849796875 0.972806225 0.8092078984375 0.9894718499999999 0.8102143171874999 0.99538555 0.64086810625 0.973522478125 0.6447085734375 0.964073696875 0.6478791328125 0.9575979734375 0.6481915359375 0.9467424890625 0.6505051609375 0.9443591625 0.651902921875 0.9442088953125 0.6562060046875
7 0 0.7548768921875 0.022603175 0.7542151578125 0.028295718749999997 0.7557603 0.039265737499999995 0.7604517093750001 0.0459217359375 0.7652617421875 0.0498920421875 0.7698433546875 0.050449820312500004 0.7744404312500001 0.056288853125 0.7769331359375 0.08447554375 0.7719934828125 0.1236979953125 0.76986264375 0.1273415328125 0.7683742546875 0.1362043625 0.7614134453125 0.153945025 0.7522045875 0.15696504218750001 0.7480017171875 0.1642990796875 0.743680228125 0.166988553125 0.7386580046875 0.16900754843750002 0.732266015625 0.168468553125 0.7271310515625 0.1722060078125 0.7229532375 0.1730267546875 0.720019921875 0.1729009921875 0.7030514828125 0.1776939875 0.6892167875 0.18186151718750002 0.688150603125 0.18756723125000002 0.6841761562500001 0.20015812500000002 0.673306475 0.2047125484375 0.6714459890625 0.21855426093750002 0.660754621875 0.21889797500000002 0.656054390625 0.23007461093749998 0.6548290625 0.2380077703125 0.6487782359375001 0.23472672968750002 0.64502850625 0.2194896515625 0.6391110046875 0.18279518125 0.6305592984375 0.17499728125 0.6275942828125001 0.164447946875 0.626283446875 0.0946442515625 0.62478829375 0.0721876703125 0.6301973171874999 0.052052454687500006 0.6308405328125 0.033286371875 0.6334164546875 0.008534768750000001 0.632552109375 0 0.6355994203125 0 0.7548768921875
7 0.521363425 0.2944847484375 0.5193106421875 0.2967018640625 0.5242106140625 0.3003734921875 0.5262032703124999 0.305020678125 0.533236771875 0.30930535312499996 0.53518246875 0.31529725000000003 0.5390156765625 0.31866235625 0.5397537328124999 0.328381871875 0.538055890625 0.335862159375 0.533176534375 0.341884990625 0.5308176046875 0.34772656875 0.5288023890625 0.3488679140625 0.5136516703125 0.3507622734375 0.4964425546875 0.34989204687500003 0.49442733906249997 0.3510333921875 0.48449202187499996 0.378421315625 0.47872434531249997 0.37902771562500004 0.479094290625 0.389003646875 0.47278189687500005 0.40520871875 0.46336312343749997 0.41780479687499994 0.4602022296875 0.4260418046875 0.45415280156250004 0.434716484375 0.44834939374999994 0.4466310015625 0.4500208953125 0.4501898890625 0.45336767812499995 0.45205702031249995 0.470114765625 0.4558730890625 0.48191492187499996 0.457362240625 0.48383622343750005 0.4589103234375 0.4901089984375 0.48497935156249994 0.5003540234375 0.5001469984375 0.5063601625 0.5132817265625 0.512879065625 0.516875253125 0.5374503921875 0.5126171609375 0.5411314968750001 0.5100530015625 0.55270441875 0.50776443125 0.5814376625000001 0.49745845468749994 0.593331734375 0.49625818125 0.60493283125 0.49316278125 0.6110404453125 0.49310679375 0.616505753125 0.4908742109375 0.64035219375 0.47137701718749997 0.6448822203125 0.46507271406250006 0.6515645609375 0.45884357343750004 0.666647703125 0.4485994640625 0.6755762734374999 0.43975605624999997 0.6866271484375 0.42156228906250004 0.6883531656249999 0.413275175 0.685293746875 0.4083214671875 0.6823244640625 0.40592897812500006 0.677708078125 0.40442141718749997 0.6758055609375 0.40233545 0.6753416999999999 0.3950489453125 0.669666103125 0.382733571875 0.66410504375 0.377423234375 0.6556254390625 0.36312504843750004 0.6371092625 0.337974825 0.6104702546875 0.31402193437500003 0.6006139609375001 0.3082923328125 0.5785893984375 0.30132999531250004 0.560294734375 0.30069113125 0.5495801250000001 0.298970615625 0.5442932593750001 0.2960932890625 0.537855103125 0.29532992187499996 0.5327147250000001 0.29340015625000004 0.521363425 0.2944847484375
7 0.8820800406249999 0.4452170671875 0.878030825 0.44803764218750003 0.86829845625 0.4490441328125 0.8631449078125 0.45263395624999997 0.8432369265625 0.4570548953125 0.8340905140625001 0.46185163749999997 0.8068015359375 0.4719387796875 0.776445584375 0.487573503125 0.75210149375 0.49560931874999997 0.735602259375 0.5052654359375001 0.714813403125 0.5194839906250001 0.703364409375 0.5285086546875 0.704327865625 0.531773546875 0.714726934375 0.537387465625 0.717795746875 0.5420722312499999 0.7287845484375 0.5462257578124999 0.7371965765625 0.5521741953125 0.7470904390625 0.556828025 0.7588060703124999 0.5607376625 0.763799959375 0.5617198640625001 0.7724279968750001 0.5614826203125001 0.7776285015625 0.5565480843749999 0.7841042265625 0.55623568125 0.7902775796875 0.55429709375 0.7941577468750001 0.5563174875 0.8030881515624999 0.557706425 0.8064349359375 0.5595735578125 0.8074453515625001 0.5614937359375001 0.8082115812499999 0.5704064234375 0.8197149828124999 0.5752510953125001 0.83008965625 0.5764212 0.8351680703125 0.57498291875 0.84053006875 0.5757087046875 0.8447971296875 0.5769347953125 0.8493383828125 0.580593896875 0.8514813046875 0.5809380015625 0.8654431671875 0.5822333703125 0.8748168156249999 0.581214353125 0.8750158765625 0.5857989046875 0.88820395 0.5886828765625001 0.8920841171875 0.5907032703125 0.9196021625 0.5946261984375 0.929584328125 0.5916089015625 0.9253642265625001 0.589038096875 0.925991525 0.58650193125 0.9446918671875 0.585808609375 0.949028446875 0.57990145625 0.94586571875 0.5779061171875 0.9450337453125 0.5708760296875 0.9486472750000001 0.5599621203125 0.949201384375 0.54409450625 0.950918009375 0.536076334375 0.94900988125 0.5290086656249999 0.9398372343749999 0.5191292437499999 0.933842321875 0.5159579203125 0.9309631796875 0.5161266484375 0.9275130875 0.5172178859375001 0.9217510234375 0.5228059875 0.9167101750000001 0.5231684984375 0.9108673656249999 0.5259264406249999 0.905165428125 0.5246502421875 0.9027633187499999 0.5265858875 0.9029435953125 0.5317083234375 0.9010185171874999 0.5354108875 0.90086825 0.53971396875 0.8992117531250001 0.540867840625 0.89417090625 0.541230353125 0.8880914671875001 0.5404795124999999 0.8872275406250001 0.5395068968750001 0.8913612828125 0.5342658375 0.8930121671875 0.5281302640625001 0.899080378125 0.5189177 0.901882553125 0.5106681640625 0.8998992890625 0.5057520375 0.90184315 0.5015115906250001 0.9002805703125001 0.49997603437500004 0.8943945796874999 0.49882804375 0.891173665625 0.48821401406250003 0.8933823296875 0.48667551875 0.8951421359375 0.48256327812500005 0.9131438218750001 0.481307015625 0.91540505625 0.4834055109375 0.916992034375 0.48938488125 0.9163421734374999 0.49770957656250003 0.9175742093749999 0.49842577656250003 0.9203707718749999 0.48519454062499995 0.917084115625 0.4764631078125 0.912377590625 0.47239432812500004 0.9100600062499999 0.47190949218749995 0.9130142828125001 0.469589221875 0.910719259375 0.46331585468750003 0.8995877468750001 0.4529641203125 0.8963348796874999 0.4484075640625 0.8910761875000001 0.44472340781249997 0.8862475703125 0.44415088281250004 0.8820800406249999 0.4452170671875
7 0.42066510937499996 0.2263433421875 0.41583271406250005 0.2310214625 0.40786576406249997 0.23289741562500002 0.40274978125 0.2354114671875 0.3905157734375 0.2360613296875 0.3839329625 0.24458274531250002 0.37172335 0.24967642343750002 0.3549837125 0.2610744046875 0.3497832046875 0.266008940625 0.3466692703125 0.272901234375 0.3464814359375 0.2782800875 0.3534510328125 0.29467970781249997 0.3556051796875 0.30498721406249996 0.3620395578125 0.3110012265625 0.37503980000000003 0.3192640515625 0.38352695937500003 0.323060946875 0.38956883124999997 0.3248875578125 0.3956858359375 0.324562628125 0.40025904375000004 0.32216425625 0.4012638453125 0.3191027328125 0.40661267343749996 0.32534810625 0.4106543328125 0.333028821875 0.41432227031249996 0.33598425 0.43964104375 0.3411767296875 0.45699286875 0.3482451640625 0.515813375 0.350568490625 0.526640684375 0.3490616953125 0.5320064624999999 0.3445368359375 0.5394795390625 0.3259488609375 0.53653281875 0.317767840625 0.5285452515625 0.30994933125 0.5224076281250001 0.30057980156249997 0.5185838140625 0.296945753125 0.5193951671875 0.29428138125 0.521410384375 0.2931400359375 0.5343242640625 0.2935909984375 0.5614084578125 0.29965294062500003 0.5722075906249999 0.29895297187500003 0.5721925859375 0.2942402125 0.5655084109375 0.2902370078125 0.5542022359375001 0.279744540625 0.54435533125 0.273745996875 0.5390308984375001 0.2719444390625 0.53104333125 0.2641259296875 0.524699090625 0.26067313593749997 0.511576759375 0.255906565625 0.49857090625 0.2426620390625 0.49383620625 0.2394000859375 0.48385781874999995 0.2371667390625 0.47164259218750004 0.23727871562499997 0.45420624218750005 0.232630765625 0.44684219531249997 0.2275267375 0.4367605 0.22825175781249998 0.4284010453125 0.2259403109375 0.42066510937499996 0.2263433421875
16 0.627509234375 0.5768865109375 0.623413059375 0.5810518 0.614039409375 0.58207081875 0.5854188671875 0.589149484375 0.5792173390625 0.5918948984375 0.5668988046875 0.59496524375 0.5543530343749999 0.5942578640625 0.539540415625 0.586470290625 0.533791521875 0.58653880625 0.527745871875 0.5899628406249999 0.525452684375 0.5939218187499999 0.518430409375 0.5996005484375 0.5172133765625 0.6035971078125 0.5233134328125 0.614042409375 0.5261756265625 0.6246439125000001 0.5312277015625 0.63424480625 0.531323453125 0.6417877265625 0.533967803125 0.6483425640625 0.533601528125 0.6588313265625 0.5363116203125 0.663503565625 0.542066128125 0.6684167515625 0.54878225625 0.6663624859375 0.5500386890625 0.6715225031250001 0.55452359375 0.676795259375 0.55895398125 0.6939140203124999 0.5627214484375 0.6991617234375 0.5758681765625 0.7083721125 0.586620353125 0.7090168578125 0.5985801656249999 0.705933984375 0.6108235671875 0.7050151812500001 0.6253413734375 0.700675284375 0.6377444328124999 0.6951844546875 0.6550662484374999 0.6928273703125 0.67214204375 0.6872304453125 0.682236909375 0.6809858359375001 0.6912406140625 0.6699908875 0.7033506968750001 0.662604934375 0.7131094046875 0.65055926875 0.7174985578124999 0.6482891046875 0.7212360125 0.6441112890625 0.7192339671875 0.639733046875 0.7247706296875001 0.64059956875 0.7273192296875 0.6396114859375001 0.732788315625 0.6321282578125 0.736118259375 0.6190502828125 0.7332241109375001 0.6145062515624999 0.6957915859375 0.59623503125 0.687616184375 0.5937953765625 0.6758160265625001 0.5923062234375001 0.6680181296875001 0.5893412078125 0.6602953640625 0.5842246515625 0.65178941875 0.5809656421875 0.6483149296875 0.5776130625 0.642457115625 0.57565824375 0.627509234375 0.5768865109375
16 0.8054338046874999 0.5830997734375 0.79813355625 0.5915961390625 0.7924184515625 0.5958395265624999 0.7792885625 0.6015742453125 0.7656215125 0.6124063468750001 0.7453979921875 0.620720690625 0.7322511546875 0.637225640625 0.7104668890625 0.6542367765625 0.7036624578125 0.6639621734375 0.6912124390625001 0.6707977140625 0.6836717859375 0.6810359421875 0.6704104125 0.6905358578125 0.66083198125 0.7077039609375 0.6556333109375 0.7228708421875 0.648526509375 0.7309700578125 0.6475085375 0.7395511671875 0.65185634375 0.7436074203125 0.6593612656250001 0.744677309375 0.668763090625 0.7428514640625 0.6730057546875 0.7396337390625 0.6761478640624999 0.731934615625 0.678172471875 0.7305243296875 0.687574296875 0.7286984828125 0.6966737515625 0.7252464546875 0.7046219171875 0.7239083875000001 0.7232565156249999 0.7250976625 0.7315446171875 0.7243100078125 0.7406158984375 0.72166480625 0.7611849671875001 0.7188825765625 0.7713511875 0.7157370703125 0.78394769375 0.709849090625 0.785514053125 0.7061340015625001 0.7961085125 0.695867778125 0.8135430296875 0.6902833828125 0.8221278859375 0.6861402062499999 0.8190590734375001 0.6814554421875 0.8134604484375 0.6772208749999999 0.8136107156250001 0.6729177921875 0.8155545765625 0.66867734375 0.82704675 0.6635586124999999 0.8302132562500001 0.6603033078125 0.83295908125 0.653667428125 0.8335807671875 0.6461495609375 0.8386855203125 0.6336721062499999 0.8675746453125001 0.624044746875 0.8787324984374999 0.6233573046875 0.8804735203125 0.61978295 0.8753707078125 0.6167774140625 0.8668271984375 0.6145941734375 0.839525159375 0.604485565625 0.8293477125000001 0.5976676671875001 0.8180095843749999 0.593232671875 0.8133312328125 0.5883570640625 0.8124429093750001 0.58294063125 0.8054338046874999 0.5830997734375
8 0.084302725 0.334691996875 0.06503705 0.3412895296875 0.0500853921875 0.34776844218749997 0.04301615625 0.3547918859375 0.035398534375 0.3569493078125 0.0293622765625 0.3601043984375 0.0306468859375 0.3644575875 0.058869198437500006 0.3739251578125 0.0700852359375 0.38185640625 0.0813857984375 0.38736717187499997 0.11040813281249999 0.409922303125 0.1237952671875 0.41739082656250004 0.150287784375 0.44039615468750004 0.16519993125000001 0.45047600625 0.1710821453125 0.4568746390625 0.202474634375 0.48355159687500004 0.21931747499999998 0.4949105859375 0.230217971875 0.5067352390625001 0.2363068015625 0.5072171359375 0.24720924375000003 0.5035588 0.2676299875 0.48959665937499997 0.269121215625 0.48803311093749996 0.268148365625 0.4850371625 0.26516969375 0.4829136140625 0.2590996484375 0.48189383281250003 0.235803646875 0.46505871875000004 0.23031771874999998 0.45759683906250004 0.22607883437499998 0.4555639203125 0.22024357968750002 0.4478205703125 0.2069785375 0.43685579218750004 0.19944360781249998 0.426360384375 0.1924382796875 0.42126888281249997 0.18242049062500001 0.409878959375 0.1765532828125 0.40819308125 0.174716509375 0.40422451875 0.167003134375 0.39883902031249996 0.1667759 0.3950612953125 0.152453484375 0.3835210515625 0.1428977234375 0.3691852859375 0.1292363953125 0.35928375 0.1261488015625 0.3551368703125 0.1174156203125 0.3481001359375 0.114677353125 0.344234725 0.11009853124999999 0.34165139375 0.10005256874999999 0.3310682984375 0.094728134375 0.329266740625 0.084302725 0.334691996875
8 0.2527077984375 0.6340777828124999 0.2495882484375 0.6359883765625 0.2449267390625 0.6460578734375 0.2408211734375 0.65049210625 0.234388628125 0.654710440625 0.21909703593750002 0.660638940625 0.206746546875 0.6697667578125001 0.198912915625 0.6781098625 0.18730804375000001 0.6864559046875 0.1805637390625 0.6893170015625001 0.1775531125 0.6932509265625 0.17316579375000002 0.7057534359375001 0.1748579171875 0.719006784375 0.1732164234375 0.7248734171875 0.17063025781250002 0.7269372703125 0.170895059375 0.7296392234375 0.18183312499999998 0.74038810625 0.1931618625 0.7450920437499999 0.1992075125 0.7416680109375 0.20447375937499998 0.7348508765624999 0.21093447968749998 0.7298257125000001 0.2185521 0.7276682906249999 0.22916156562499998 0.7221148281249999 0.24462220937499998 0.7113453609375 0.2596020421875 0.704059621875 0.2789090640625 0.6911356703125 0.3029207765625 0.672048153125 0.30197610468749997 0.668245378125 0.2902079015625 0.6606987515625 0.2769898171875 0.648389259375 0.255034775 0.6342936781249999 0.2527077984375 0.6340777828124999
16 0.6925607484375 0.2670735375 0.6842256890625 0.26920590624999996 0.6575226671875 0.2830832984375 0.6415230281250001 0.2887178015625 0.6272850296875 0.3004724125 0.6148256203125 0.307576896875 0.6135522375 0.3131871125 0.6391902203125001 0.33495088125 0.6456283765624999 0.33571424843750003 0.6507067921874999 0.334275965625 0.656096965625 0.334194925 0.661930384375 0.33170592656250003 0.6871909734375 0.3282797171875 0.6962810390625 0.3250966296875 0.7157269921875 0.323621534375 0.7251288171875 0.3217956875 0.7499067593750001 0.31162085781250004 0.7543146953125001 0.3088128109375 0.78048055625 0.3000328 0.788083171875 0.29316261875 0.7928216531250001 0.291173925 0.79844661875 0.2843693171875 0.7985968859375 0.2800662359375 0.7888589031250001 0.276091025 0.7333176046875 0.26728507968750004 0.6925607484375 0.2670735375
16 0.7351438046875 0.106998209375 0.7316937109375 0.10808944843749999 0.7350085421875 0.1160140515625 0.7317762937500001 0.12115195625 0.7290380265625 0.1172865453125 0.7134328375 0.11162545937499999 0.7095057140625001 0.1109497796875 0.7034412796875 0.1149116984375 0.6859747031250001 0.1522689078125 0.679870759375 0.1727895890625 0.678221709375 0.189157509375 0.67947814375 0.1943175265625 0.6821262734375 0.19562171875 0.6993353875 0.1964919453125 0.717663840625 0.2013056828125 0.708479859375 0.20717819375 0.7057997765625 0.211931475 0.700047103125 0.21725063437499997 0.6946287546875001 0.2181385046875 0.6891428265624999 0.21067662656250002 0.68565516875 0.2128436328125 0.682653934375 0.216508615625 0.682843603125 0.2213621109375 0.6875125609375 0.2265066609375 0.6917608375000001 0.2282706375 0.702191859375 0.22782708437500002 0.7112631406250001 0.22518188437500003 0.7245057296875 0.2162198546875 0.7306884765625 0.21401232499999998 0.7719411484375 0.2154529 0.802319553125 0.21974498437499998 0.825191203125 0.21273483437500001 0.8354513406249999 0.20689990156250002 0.84342206875 0.199773303125 0.855445790625 0.1845754875 0.8614088578124999 0.16808894375 0.8608698625000001 0.16295398125 0.8574705078125 0.1574498609375 0.8482227281249999 0.14972198125 0.83450505 0.1414341015625 0.8277363484375 0.1398513796875 0.8101872984374999 0.138430740625 0.7774856953125 0.1286721171875 0.7743041828125 0.12721466406249998 0.7687431218749999 0.121904325 0.761974421875 0.1203216046875 0.7574143859375 0.11720038749999999 0.7503151406249999 0.11479831250000001 0.738291528125 0.1042807890625 0.7351438046875 0.106998209375
16 0.7884869078125 0.307313425 0.783748428125 0.3093021171875 0.7812524 0.31392719062499996 0.776320475 0.31631303437499997 0.7435080046875 0.3200140671875 0.7187582375 0.3293820703125 0.7040883296875 0.327792703125 0.6947428546875 0.32800489375 0.696102596875 0.330206540625 0.7133398875 0.3302699390625 0.715214228125 0.333162734375 0.7070820062500001 0.334629009375 0.7037596203125001 0.3372056953125 0.68595699375 0.3430465078125 0.6698070875 0.35298409375 0.66325623125 0.3554480390625 0.659740396875 0.358421875 0.6589102578125 0.361624134375 0.6730166640624999 0.379350059375 0.685521090625 0.386383853125 0.6990678828125 0.389280353125 0.7118502796875 0.39349651093750004 0.7315234671875 0.3957991390625 0.7455322875 0.3957497953125 0.7729000671875 0.40397580624999996 0.7857388140625 0.40657830937500006 0.79721781875 0.40697916406249995 0.8267454671875001 0.404779046875 0.8321826 0.40335329218749993 0.8347781578125 0.4010204953125 0.8406021859375 0.3988004390625 0.8467473640625001 0.3976686796875 0.8411713000000001 0.387645584375 0.83390116875 0.379852128125 0.8295157968750001 0.376871646875 0.8241913640625 0.3750700890625 0.8201741 0.371833190625 0.8127518703125001 0.3581104703125 0.810862521875 0.350504915625 0.8116250828125 0.3389529109375 0.8140873234375 0.3301529640625 0.81861735 0.32384866093750003 0.8176820687499999 0.31977694218749997 0.8066876531249999 0.3106417140625 0.7940705296874999 0.30683523125 0.7884869078125 0.307313425
16 0.7890762046875001 0.4087143828125 0.7839996250000001 0.4203850125 0.7797925859375 0.43800995781249996 0.7752156 0.4456589734375 0.7750559421875 0.45023099687499996 0.798579178125 0.4708438359375 0.8046492234375 0.47186361874999994 0.814456725 0.46870558593749995 0.8378185765625 0.457942765625 0.8537994328125 0.4528461453125 0.8725692953124999 0.44501958124999996 0.8723890187500001 0.43989714375 0.8687116890625 0.4372106578125 0.8622077921875 0.43832988906250003 0.8456973296875001 0.43802260156250006 0.8285821328124999 0.43446295 0.8208030171875 0.43096005000000004 0.813052078125 0.42665032187499996 0.7981962796875 0.414956815625 0.7958167296875 0.41110393125 0.7912473015625 0.40825165781250006 0.7890762046875001 0.4087143828125
16 0.3269829125 0.2761181953125 0.3204414453125 0.2783131984375 0.31782710625 0.2811838796875 0.312446321875 0.280995978125 0.3041112625 0.283128346875 0.296324590625 0.2901267375 0.273755309375 0.298763071875 0.2594929140625 0.306073865625 0.242813403125 0.31060754375 0.2393257453125 0.312774553125 0.2301342078125 0.32914835625 0.2218028171875 0.35174541718749996 0.217272790625 0.35804972031250004 0.2158021828125 0.3693077296875 0.2165120640625 0.3798340734375 0.22083730781250002 0.38967885468749996 0.23460378125 0.40685436875000003 0.25894776249999996 0.4245338921875 0.2720419203125 0.43010729062499997 0.2903384171875 0.4409785015625 0.30026984687499997 0.44455656250000003 0.30638307187499997 0.449482275 0.307620721875 0.4551801765625 0.3137959125 0.4634739375 0.31398558125 0.4683274328125 0.31097678906250004 0.4824937046875 0.31202660625 0.493570459375 0.3143122375 0.5001127703125 0.3207184421875 0.506933609375 0.3267227453125 0.509835990625 0.3327927921875 0.5108557734375 0.33839519687499997 0.5098396953125001 0.345209021875 0.49984535625 0.34786665 0.4751652671875 0.34613696250000003 0.4629876890625 0.3425479375 0.45263007499999997 0.3421686015625 0.4429230859375 0.344065503125 0.4400273515625 0.3516305546875 0.43423293906250005 0.35739823125000003 0.433626540625 0.363081384375 0.4354406234375 0.38630419531250004 0.43894428750000003 0.39659434375 0.4425348765625 0.404118046875 0.44306687968749997 0.40810152187500004 0.442128903125 0.41488339218750003 0.4381920375 0.42165964999999994 0.42927346875000005 0.41571169531249996 0.4247574328125 0.4109225890625 0.4076261453125 0.402414809375 0.3941347875 0.40183824687499997 0.39007559375 0.40430987656250006 0.3810067046875 0.401986678125 0.37554016562500003 0.3965627140625 0.3714463328125 0.3869806140625 0.3681497421875 0.3774830375 0.3624326671875 0.36290704687500003 0.3581538734375 0.360112428125 0.35590211875 0.3553119859375 0.35452276562499996 0.3601875609375 0.353750578125 0.364595496875 0.35094253124999997 0.37179805 0.35038623750000003 0.38313434375 0.344588884375 0.392076084375 0.3302258890625 0.3863121859375 0.3255816453125 0.361964425 0.31315276718749996 0.3558699828125 0.3076891671875 0.3459536671875 0.283108528125 0.3405053078125 0.2745708796875 0.3269829125 0.2761181953125
16 0.29779540312499997 0.6748311499999999 0.2950965375 0.680122315625 0.2875972296875 0.684034128125 0.284789440625 0.6873019593749999 0.2669830375 0.6983934171875 0.25959265 0.7043285640625 0.24569836562499997 0.7113829421875 0.23410288281249997 0.7194600421875 0.2159940015625 0.7546406546875 0.20997274843749997 0.76250850625 0.21251756875 0.7667710671875 0.23713768906250002 0.771400609375 0.24884392968750002 0.7755791890625 0.2624095046875 0.777937803125 0.2712459921875 0.78201616875 0.27839219531250003 0.7830735328125 0.28471203906250003 0.7820825078125 0.2862971828125 0.77782953125 0.289242065625 0.7757782062499999 0.3097850109375 0.7326044734375 0.3099540609375 0.7277635046875 0.3031535171875 0.70652291875 0.30924623281249997 0.6760388328125 0.31116191875 0.6726052124999999 0.304062675 0.6702031359375 0.29779540312499997 0.6748311499999999
8 0.4040057703125 0.7908259359375001 0.3989198 0.8027655078124999 0.395403965625 0.80573934375 0.380112371875 0.8116678437499999 0.371059875 0.813775159375 0.3563354515625 0.82403179375 0.3486896546875 0.8269960453125 0.3418270375 0.82810275 0.3328083296875 0.8343849406249999 0.333054346875 0.8376247781249999 0.3378453984375 0.8392730734375 0.3604259046875 0.84060014375 0.37053577656250003 0.8390682937499999 0.38740495468749997 0.8393881078125001 0.394295746875 0.8374745734375001 0.40793645781250004 0.8376816484375 0.4118541890625 0.8386262703125 0.41447414374999997 0.8407372890625 0.4207244671875 0.846879509375 0.42239596874999996 0.850438396875 0.43412660625 0.85906079375 0.4391298859375 0.859774053125 0.4582922546875 0.8561348890625 0.46219498281250004 0.8523667515625 0.45272558125 0.8458428484375 0.45137522968750005 0.8433722578125 0.458500815625 0.834735159375 0.46574849062499996 0.8226018046875 0.4626702890625 0.8181859828125001 0.45565556875 0.8133634234375 0.45205337500000004 0.8085253968749999 0.446653809375 0.80887538125 0.43527994843749995 0.8157485031249999 0.4295404453125 0.815548075 0.42658055624999996 0.8128866421875 0.421877809375 0.8035672187499999 0.41432409375 0.7936096953125 0.4076680921875 0.7887996625 0.4040057703125 0.7908259359375001
7 0.4493794484375 0.6896836875 0.44396671249999997 0.6955532578125 0.439016003125 0.6984769875 0.4189521421875 0.7022193078125001 0.41773510937499997 0.706215865625 0.41901971875 0.7105690546875 0.41138698281249997 0.73372905625 0.40695454218749993 0.7578086265625 0.40817340937499996 0.7640444140625 0.42259913437499996 0.7726262890625 0.427311271875 0.7816767718750001 0.4355674203125 0.7869465875 0.4452246546875 0.7880916375 0.4477225171875 0.7936989125 0.4528441109375 0.7961665625000001 0.471713503125 0.7906322718750001 0.48981288437500003 0.7814359390625001 0.490397003125 0.77499384375 0.4854294546875 0.762972465625 0.49029941718750003 0.7572185765625 0.4931391578125 0.7478932703125001 0.4918414875 0.7233443312500001 0.48053725625 0.697368871875 0.4762082328125 0.692774734375 0.45745531875 0.6898310671875 0.4493794484375 0.6896836875
7 0.4937916140625 0.5697935546874999 0.4903039546875 0.5719605624999999 0.48942685781249995 0.576507534375 0.48497196562499995 0.5806602953125 0.485189809375 0.5847069609375 0.4936487953125 0.589310684375 0.4908372296875 0.5978291625 0.48302238124999997 0.6056343796875 0.4847051109375 0.619156671875 0.495462790625 0.65049845625 0.5005712140624999 0.65848569375 0.5137555109374999 0.6666203125 0.5366665609375 0.6687667375 0.537964340625 0.6676003390624999 0.5316107078125001 0.6644164890625001 0.5296556203125 0.65869353125 0.5286603203125 0.635770775 0.5228889718749999 0.6159124828125 0.5161466124999999 0.6032905859375 0.5186182421875001 0.5942216953125 0.5158687468750001 0.58039288125 0.5157917796875 0.5723120749999999 0.5142667656250001 0.56970075 0.5108730234375 0.5691783328125 0.4937916140625 0.5697935546874999
7 0.332940571875 0.650612375 0.331652184375 0.6515098296875 0.325452490625 0.6644875906250001 0.32486837031250004 0.6709296874999999 0.327569071875 0.67587086875 0.3498752765625 0.7004802671875 0.36463154375 0.7098814953125 0.376752853125 0.712458946875 0.3815589078125 0.7188200015625 0.387251453125 0.7203651437499999 0.3909043828125 0.7186078109375 0.39859152343750004 0.7093171468749999 0.40224445624999994 0.707559815625 0.4045188609375 0.7041387218749999 0.407997128125 0.7022406546875 0.43362582656250004 0.6985580296875 0.4458072640625 0.6942711781249999 0.4466843609375 0.6897242078125 0.44264831562499996 0.6870251953125 0.422691540625 0.6825585000000001 0.41197693125 0.6808379859375 0.4051330984375 0.6814068062499999 0.377312684375 0.67585769375 0.361177890625 0.6647927015625 0.35124646249999997 0.6612146421875 0.3374198609375 0.6509034296875 0.332940571875 0.650612375
7 0.2550030390625 0.5889204734375 0.250897471875 0.5933547046875 0.235577703125 0.6000900328125 0.2204175921875 0.6022533359375 0.1935718609375 0.609932521875 0.1719360265625 0.612408228125 0.162297575 0.6107252937500001 0.15038471874999998 0.612463453125 0.1487282203125 0.613617325 0.1486530875 0.6157688640625001 0.1555682765625 0.6182991484375 0.15764545624999998 0.6205258515625001 0.1633473921875 0.6218020484375 0.167406 0.61871253125 0.1720693453125 0.6188753796875 0.174339971875 0.6207049296875 0.1665570796875 0.622452675 0.1653963984375 0.624835578125 0.1804250234375 0.626437471875 0.1824646375 0.62973994375 0.1995986171875 0.6327617109375 0.20347878437500003 0.6347821031249999 0.21737490468749998 0.637960071875 0.2319227203125 0.6430456953125 0.2369353921875 0.6434900109374999 0.2420175859375 0.6368010859375001 0.25677957500000004 0.6254686796875 0.2586670875 0.6228418859375 0.267389040625 0.6199152156250001 0.26359339843749996 0.6154743390624999 0.26490057031249997 0.6140389984375 0.2717537953125 0.6132012359375001 0.27561517812499997 0.6157595140625001 0.277592828125 0.615693940625 0.279536690625 0.6114534921875 0.2778933625 0.607087775 0.2737108265625 0.6034412015624999 0.273831084375 0.5897125984375 0.27265539687499996 0.58738274375 0.2699697015625 0.587154321875 0.2550030390625 0.5889204734375
15 0.1643162546875 0.23408622031249998 0.1599928453125 0.234473784375 0.15578775 0.23661573906250002 0.14778506875 0.24979980937500001 0.13803758593749998 0.2718088796875 0.136707853125 0.27903275 0.13442405625 0.2827227859375 0.1328971 0.295594453125 0.12815106406250001 0.3080844375 0.1245393703125 0.329230690625 0.1170644578125 0.3375863203125 0.11798095625 0.342195925 0.121894909375 0.3483911921875 0.1276156296875 0.3491295046875 0.1298149015625 0.3478599515625 0.1330433703125 0.34797269218750004 0.13541730624999998 0.3468438734375 0.136469065625 0.3424376375 0.144766559375 0.3413810390625 0.1456886703125 0.350972346875 0.1489791046875 0.35445313437500003 0.1613839984375 0.3591946515625 0.1730151046875 0.3655247734375 0.18262538125 0.368014534375 0.1994288203125 0.370216946875 0.20625386875 0.3701860125 0.2082690859375 0.36904466875 0.220386725 0.35115742499999997 0.235719771875 0.313187171875 0.241457440625 0.303155253125 0.249289234375 0.28457980312500003 0.25726190625 0.26197021249999997 0.255333159375 0.2452080828125 0.2527319890625 0.242559178125 0.24671829218750002 0.23992573906249998 0.2278470671875 0.2352276828125 0.2180057765625 0.234210840625 0.1643162546875 0.23408622031249998
5 0.48263387968749993 0.09737255781250001 0.47592714375 0.0991578828125 0.46916966875000005 0.107538565625 0.4627633578125 0.126433065625 0.4472388078125 0.149317478125 0.44330412656249996 0.1591430875 0.4365372609375 0.16779271406250001 0.412273915625 0.178658690625 0.39546108750000003 0.1767252203125 0.389509353125 0.177459828125 0.38900975937500004 0.1814814421875 0.39334817499999997 0.1858066359375 0.4002164046875 0.1896816328125 0.40506942031250004 0.194697975 0.4063728125 0.198513278125 0.40514638906249995 0.20277877968750002 0.40133757656249996 0.2038574921875 0.38269358750000004 0.202937159375 0.3622860109375 0.21137971093750002 0.35577272187500003 0.2127678859375 0.3425658640625 0.2104217984375 0.337109946875 0.2123854375 0.33273580156250004 0.219368359375 0.3242504734375 0.22580381093750002 0.3184414515625 0.2327366265625 0.313344253125 0.23471279374999998 0.3080386046875 0.23237334999999998 0.3015347046875 0.2334925828125 0.291473628125 0.243912065625 0.2785277953125 0.2495185765625 0.2781709109375 0.2597383953125 0.2796865328125 0.2626186625 0.2942531328125 0.2671663984375 0.296698421875 0.2691366859375 0.30063493750000003 0.269543421875 0.3064214 0.26839913593750003 0.3111692703125 0.2661415 0.3194949375 0.264278075 0.33233185 0.25664823124999997 0.3505871109375 0.24813051874999997 0.36272536875 0.23993773593749998 0.3729667234375 0.23464069062499998 0.3805843453125 0.23248326718749998 0.39850150625 0.2336474890625 0.40975327500000003 0.2302706234375 0.41496317187500004 0.2250671453125 0.42512000156249996 0.22219058125000002 0.46107274687500005 0.20055807812499998 0.4687373265625 0.1970559421875 0.47171038593750003 0.1941977875 0.495203721875 0.17966976875000001 0.5079748921875 0.173922525 0.518990034375 0.167036875 0.5240778390624999 0.16532965156249999 0.5393450359374999 0.154957334375 0.546414271875 0.147933890625 0.54812150625 0.14018466093749998 0.5448254593749999 0.131722171875 0.538999596875 0.12370988125 0.5338442140625 0.11706735625 0.5254885359375 0.10950526406250001 0.516543125 0.10340356718749999 0.5063093265624999 0.0981993234375 0.49541066562499997 0.096607015625 0.48263387968749993 0.09737255781250001
3 0.2815614171875 0.1369347671875 0.271092828125 0.1384540890625 0.22545100312500002 0.13928367656250001 0.21462369374999998 0.1407904734375 0.1973770125 0.1409960171875 0.1834151515625 0.13970064843750002 0.168311390625 0.14025029375 0.151669446875 0.143708203125 0.14597312499999998 0.14741370781250002 0.14332121874999998 0.151360159375 0.14317095156249998 0.1556632421875 0.1353692734375 0.1579488734375 0.13140080468749998 0.1635996078125 0.1327435984375 0.1765714890625 0.14326098125 0.18393980000000001 0.14356335 0.18556598124999998 0.1405715046875 0.188962021875 0.1411198921875 0.1938280421875 0.14791299062500002 0.19985458125 0.1546535171875 0.2022441296875 0.16569866718749998 0.204784 0.1836346125 0.20541033749999998 0.20237251875 0.20364124375 0.2063841703125 0.20189644062499998 0.23475113749999998 0.2020792234375 0.2578688046875 0.1983089109375 0.2686209796875 0.19895365625 0.2896332921875 0.19376346718749998 0.295688334375 0.190070490625 0.2998690328125 0.18348471875 0.3033680265625 0.1655657765625 0.307283925 0.156278053125 0.30829250468749997 0.1479658828125 0.3066679609375 0.1430622828125 0.3030094171875 0.1398379109375 0.28927856875 0.1370696203125 0.2815614171875 0.1369347671875
5 0.538888621875 0.16288487812500002 0.5270565125 0.167453196875 0.519592828125 0.18577223125 0.5121028015625 0.215130440625 0.5121609874999999 0.22374913125 0.51375735625 0.229459559375 0.519879975 0.23411633125 0.5290563984375 0.23874510937500001 0.54513300625 0.241191409375 0.5537516515625 0.241223109375 0.5557574765625 0.24035070625000002 0.5561913296875 0.23821169375 0.5685136421875 0.229890703125 0.5776224875 0.22616973125 0.5975774281249999 0.22040407968750003 0.6091127828125 0.21919127968750002 0.6209598984375 0.2193357203125 0.6477229390625 0.22430936406250002 0.653387309375 0.226661334375 0.6759114640624999 0.22960205937499997 0.694065253125 0.2342750625 0.7046389859375 0.24002971718750002 0.7153028578125 0.248345590625 0.720099521875 0.2549755875 0.7240848296875 0.26426995781249996 0.7260249125 0.2652801546875 0.763880065625 0.27144895625 0.7835908218750001 0.2726758125 0.7855966453125001 0.2718034109375 0.787899225 0.2675754890625 0.781592553125 0.2630469265625 0.7847440546875 0.255078859375 0.7826838234375 0.2420819265625 0.7773763375 0.22951013593749997 0.7683070015625 0.21667234687499998 0.75075795 0.21525170781249997 0.7456325781250001 0.218034703125 0.740713821875 0.21490095937499998 0.7284985953125 0.2150129359375 0.7108668546875 0.22624512812500003 0.701087528125 0.22859633281249997 0.688928653125 0.227094653125 0.6817768375 0.22105558906249997 0.681200275 0.21699639531249998 0.6830971781249999 0.21410065937499997 0.68846295625 0.2095758015625 0.69239008125 0.2102514796875 0.69445786875 0.212747125 0.703095296875 0.2122409375 0.7096311484375 0.205064234375 0.7088799234375001 0.20086430625 0.69748544375 0.1980429671875 0.6781240140625 0.19709758125000001 0.6726380890625 0.1896357015625 0.66210375625 0.1930376234375 0.6549763375000001 0.191442375 0.6490096000000001 0.1874642234375 0.6358590921875 0.18350448125000002 0.6275315890625001 0.175135559375 0.613267359375 0.17221400625 0.609655775 0.167644921875 0.6052610078125 0.16493338125 0.571554603125 0.15823628125 0.538888621875 0.16288487812500002
16 0.4514278140625 0.3996161484375 0.444991490625 0.409085128125 0.42308513437500006 0.42959251875 0.4218587109375 0.4338580203125 0.4181400375 0.43749795 0.4080263875 0.44428044531250005 0.40225871093750004 0.44488684375 0.3968027953125 0.44685048437499997 0.379030178125 0.46211681562500007 0.36734455625 0.4676326984375 0.35828266875 0.47000895624999994 0.355814815625 0.4738272 0.3628971109375 0.48699950937500003 0.3701240609375 0.4908870328125 0.3818265234375 0.50031625625 0.3845741828125 0.503912725 0.40049674375000005 0.5159127531250001 0.41286407187499996 0.5217300421875 0.4212817140625 0.53266018125 0.42548303125000003 0.5357688703125 0.42819312343749993 0.540441109375 0.43256910625 0.543690534375 0.43859219375 0.5460550296875 0.44641265468749997 0.5432315140624999 0.45181038593749995 0.5326491828125001 0.460327775 0.494440921875 0.463026640625 0.48914975624999996 0.48659694375000007 0.48270254218749997 0.4836953484375 0.46294446406249995 0.48149046249999994 0.4592323140625 0.4757603515625 0.45876294375000004 0.4700959828125 0.45641097343750003 0.45894752343749995 0.45682947343749997 0.44530119843750005 0.451640696875 0.44581957812499995 0.44708119999999996 0.47023329687500004 0.40619680156250004 0.4666123203125 0.4018966609375 0.4606268 0.3984563953125 0.4561756828125 0.3973585109375 0.4514278140625 0.3996161484375
16 0.6712242546875 0.5438118015625 0.6707358875 0.55779681875 0.667235059375 0.5654834140625 0.6673965515625 0.5711437359375 0.6728355203125 0.5799503296874999 0.6848873078125 0.5896610234375 0.69581036875 0.595697146875 0.7427874296875 0.618340728125 0.7485457156249999 0.6180032703125 0.764554746875 0.6120998234374999 0.7681081484375001 0.6080502171875 0.7767681375000001 0.6017555 0.7922625703125 0.5951609078125 0.79863315 0.5875745265625001 0.79844348125 0.58272103125 0.8012043109375 0.5807979125 0.8089872046875 0.5790501671875 0.80465818125 0.5744560296875 0.7694455453125 0.5646097171875 0.7612325765625 0.5632458328125 0.744900559375 0.5578286359375 0.73379905625 0.556902421875 0.712813084375 0.551053434375 0.6791254609374999 0.543818446875 0.6712242546875 0.5438118015625
8 0.768068203125 0.7274703328125 0.7484344171874999 0.7343242828125 0.741284434375 0.7385175640625 0.7433052640625 0.7423579218749999 0.74976781875 0.7475651062499999 0.7560031359375 0.7489945640625 0.79994884375 0.7915929484374999 0.8080585015624999 0.7959152031250001 0.8136195624999999 0.8012255421875001 0.8189346046875 0.8032960421875 0.827006696875 0.808694065625 0.8327931562499999 0.8075497796875 0.83748845625 0.8016551562500001 0.8436599765624999 0.7894842234375 0.84527329375 0.7844244203125 0.8439511187500001 0.781147 0.8378660671875 0.7754144593750001 0.821500259375 0.7658223875 0.8095893468750001 0.7520775546875 0.8014139468750001 0.7496378984375001 0.7987939921875 0.747526878125 0.78987114375 0.7356366484375 0.7793913265625 0.7271925671874999 0.768068203125 0.7274703328125
7 0.43414625625000003 0.6528002015625 0.4317347546875 0.6550047890624999 0.4315375296875 0.6606525859375 0.42590317187500004 0.6677261359375 0.4331019453125 0.6724204859375 0.45979924531250005 0.67927673125 0.4878281125 0.6891414484375 0.5198310609375 0.6983371359375 0.5276853109374999 0.69968849375 0.5472082312500001 0.706294203125 0.602443384375 0.7187246109375 0.6117700765625 0.71905030625 0.614205975 0.7212895328125 0.6212056875 0.7213993328125 0.6118114218749999 0.712723890625 0.614949753125 0.7102754124999999 0.620542765625 0.7095282765625 0.62054654375 0.7042776328125 0.6132876421875 0.70644758125 0.6035834484375 0.7066472453125 0.580446996875 0.71095544375 0.575434325 0.7105111265625 0.5730453828125001 0.7069271859375 0.5609372453125 0.6988301484375 0.5531037234375 0.6814579125 0.5374609671874999 0.676872596875 0.51869305 0.6692161703124999 0.4973014 0.66469936875 0.47599427656250004 0.6577620843750001 0.455999934375 0.6543711609375 0.43612390625 0.6527346265625 0.43414625625000003 0.6528002015625
7 0.8250451375000001 0.5563190171875 0.8132919390625 0.55348515 0.8077984562499999 0.556524559375 0.790258796875 0.55483498125 0.7804982546875 0.5566482984375 0.77606775625 0.565244878125 0.7786971015625 0.5670869546875 0.7897140796875 0.5704336515625 0.795802909375 0.5709155499999999 0.8014672781250001 0.57326751875 0.8072161718749999 0.5731990046875 0.8121537109375 0.5757948625 0.8182801078124999 0.5752009890625 0.8239163015625 0.578359784375 0.8292783015625 0.579085571875 0.8349426703124999 0.581437540625 0.8635462640625 0.5851291062499999 0.86814386875 0.587174553125 0.8749407437500001 0.5879504453125 0.8798782828125 0.590546303125 0.886693940625 0.5907843109375001 0.9023930468750001 0.5937559718750001 0.9142401625 0.5939004125 0.9199139234375 0.5959834374999999 0.9232363093749999 0.5934067515625 0.9313685312500001 0.5919404765625 0.9294754078125 0.5895855671875 0.92276305625 0.5863891906250001 0.9141819765625 0.5852817203125 0.908904503125 0.58213545 0.903136825 0.5827418515625 0.9033152671875 0.577631940625 0.8904201703125001 0.5766430921875 0.880111240625 0.573590390625 0.8639876734374999 0.572488803125 0.8625096171875001 0.5685327640625 0.8641135437499999 0.563741903125 0.8623575156250001 0.5626035 0.862111496875 0.5593636609375 0.8591234328124999 0.55750905625 0.8555174609374999 0.5579216734375 0.850444659375 0.5643416578125 0.8466358484375001 0.56542036875 0.843657175 0.5632968234375 0.846299690625 0.5596193125 0.8454451562499999 0.5583777546875 0.8419237078125 0.5563698875 0.8351174421875 0.5558629374999999 0.830694503125 0.5539582265624999 0.8250451375000001 0.5563190171875
7 0.972944515625 0.52755568125 0.9610410515625001 0.529024896875 0.9565448125 0.5395040734375 0.9499845640625001 0.5422369609375 0.949334703125 0.55056165625 0.9517048593749999 0.5546834828125 0.9487318 0.5575416375 0.9470357921874999 0.575254271875 0.9543096999999999 0.5777970828125001 0.96547694375 0.5768406984375 0.971083128125 0.5705739765625 0.9772470906249999 0.56890433125 0.9850055875000001 0.56271276875 0.9889890625 0.56177479375 0.9983652375000001 0.5555409890624999 0.9996053125 0.520029915625 0.9962030593750001 0.519751228125 0.99380095 0.5216868734375 0.9936225078125 0.526796784375 0.9901160640625 0.5295016765625 0.9854902859375001 0.5282630593750001 0.972944515625 0.52755568125
7 0.6226133671875 0.49081822343750003 0.616034334375 0.49408899687499996 0.6045177625 0.49476391093750005 0.5810507671875 0.49825275625 0.56359746875 0.5043750375 0.5540923359375001 0.5091592515625 0.52914350625 0.513942703125 0.5255807156250001 0.5182612515625 0.537074725 0.5233748671875 0.5581733984375 0.52599654375 0.5634884390625 0.5280670421875 0.5724751953125 0.5278423265625001 0.6104430468750001 0.530783815625 0.6365262171875 0.5346566359375 0.6432573515625 0.537315128125 0.6611651203125 0.53874829375 0.666102659375 0.5413441515625 0.6718515546875 0.5412756375 0.6764491578125 0.5433210828124999 0.6857476734375 0.54445360625 0.7224327515625 0.553274253125 0.7299564578125 0.5538062578125 0.7326797203125001 0.552958909375 0.7334628999999999 0.5511013640625 0.7313857203125 0.5488746640625 0.715359846875 0.539833003125 0.70608389375 0.53291195 0.7044029984375 0.5296220046875 0.7040818468750001 0.5285337078125 0.7112168234375 0.5196276656250001 0.7174371359375 0.5163443671875 0.7156285359375001 0.5115689734375 0.7053102140624999 0.5087852140625 0.688110490625 0.5076460453125 0.6622715046875001 0.49678071562500004 0.6504807390625 0.4950226203125 0.633936490625 0.4905404578125 0.6226133671875 0.49081822343750003
7 0.40416544062500004 0.3388608125 0.39468848125 0.3428382 0.3870952578125 0.3494394390625 0.3827061046875 0.3517096015625 0.3782230375 0.3566691890625 0.37703417968749997 0.359858921875 0.382080640625 0.3644781125 0.3997442265625 0.3729037859375 0.40374270624999997 0.3766785703125 0.40572596875 0.38159469687500003 0.40327312187500003 0.39012570156250004 0.4035003578125 0.39390342500000003 0.4106859625 0.4041173640625 0.41510890156249997 0.4060220765625 0.43083434687500005 0.39795456093750003 0.44179691875 0.3874319234375 0.45350132343749994 0.3813781546875 0.45551092656250003 0.37525510781250004 0.45623592031250004 0.36477887343750004 0.455753275 0.35803025312500003 0.4530431828125 0.3533580140625 0.43851792968750003 0.3424838625 0.4332028859375 0.3404133640625 0.41300570781249996 0.3376885328125 0.40416544062500004 0.3388608125
8 0.681868159375 0.3881411828125 0.6776254953125 0.391358909375 0.6832823078125 0.40421216718749997 0.689570196875 0.409278615625 0.6901467593749999 0.41333780937500003 0.681559959375 0.432963975 0.6744062 0.4424079015625 0.6767481828124999 0.4473365578125 0.6832914828125001 0.4553739015625 0.684217371875 0.45971456406250005 0.6740999453125001 0.471747703125 0.6681913921875 0.47638824218750003 0.6669649671875 0.48065374375000003 0.6727476515624999 0.484760103125 0.6784214109375 0.48684312968750004 0.6847186921875 0.4916406359375 0.690448803125 0.49211000625 0.6939364609374999 0.489942996875 0.6962390421875 0.48571507656249996 0.7023504328125 0.48040844375 0.71131840625 0.4807216125 0.7163254640625001 0.4761842265625 0.7191821546875 0.45608868906250005 0.72302291875 0.44895250625000005 0.724887978125 0.42639890625000004 0.73164178125 0.397553528125 0.6885185468749999 0.3879695140625 0.681868159375 0.3881411828125
16 0.288050734375 0.4756345203125 0.2840484765625 0.47711038125 0.2742747625 0.4844432890625 0.26641295625 0.49359321874999995 0.2652241 0.49678295156249996 0.2661499890625 0.5011236140625 0.27536959375 0.509658321875 0.280656459375 0.51253565 0.3008686453125 0.5199732390625 0.3209475109375 0.5209436796875 0.3554878328125 0.519187878125 0.36403134375 0.5213711187500001 0.37144235000000003 0.5251304328125 0.38037275625 0.5265193734375 0.3933148109375 0.52616350625 0.39533941875 0.5247532203125 0.396188340625 0.521013078125 0.3814414640625 0.5113429046875 0.3808179421875 0.508628425 0.38346985 0.504681971875 0.380391646875 0.5002661484375001 0.36939723281250003 0.49113092187499996 0.361231221875 0.488422321875 0.354355434375 0.4950486140625 0.3463039609375 0.4993450515625 0.3396460171875 0.5100180109375 0.3320283953125 0.5121754328125 0.3231261640625 0.509979665625 0.31804213593749997 0.5064362453125 0.3153132609375 0.5023018921875 0.30750230156249997 0.47914112500000006 0.3000912953125 0.4753818109375 0.288050734375 0.4756345203125
16 0.3942863546875 0.8377435171875 0.3834402640625 0.8397881984375 0.3708944953125 0.8390808203125 0.360407121875 0.841138028125 0.3474932421875 0.840687065625 0.343868484375 0.8416375687500001 0.3336083484375 0.8474725015625 0.3198079796875 0.8518374515625 0.298115796875 0.8559268156250001 0.2859663125 0.85415619375 0.27840881875 0.8494493140625 0.27478784218749996 0.845149171875 0.263838440625 0.8501522234375001 0.23446472968749998 0.8685139546875 0.22317539375 0.8729665921875001 0.21086624999999998 0.8757679953125 0.20575027031249998 0.878282046875 0.16939746093750002 0.9062284390625001 0.1660187234375 0.9104187796875 0.16877577500000002 0.91374630625 0.1756158296875 0.91842813125 0.19291130625 0.9271102203125 0.231523296875 0.9424606515624999 0.2482234265625 0.9476214328125 0.2618453515625 0.9483663906249999 0.2744850375 0.9463843437499999 0.29488505625 0.94844308125 0.314661553125 0.9477873375 0.3255921703125 0.9433221734374999 0.33514426249999996 0.9371932453125 0.3521731 0.932941034375 0.35843098125 0.9285819656250001 0.3893916703125 0.91619960625 0.39838220468749996 0.91072424375 0.4024689875 0.9068278984375 0.415294671875 0.8892346515625 0.42159951093750003 0.8835308671875 0.4344721546875 0.8645929078125001 0.4317996296875 0.8588448984375001 0.42412382187500003 0.8523836296875 0.4220936 0.8488122140625001 0.4168255171875 0.845397003125 0.41480468750000005 0.8415566453125001 0.410768640625 0.8388576328124999 0.40630813281249994 0.8380286921875 0.3942863546875 0.8377435171875
16 0.3502900203125 0.7760251515625 0.34622201874999997 0.7793836125 0.3431456515625 0.7852001359375 0.3397856984375 0.7888525921875 0.33428282343750004 0.7921609468749999 0.32156983906250003 0.8065268812499999 0.2761701453125 0.8415622921875 0.2763316390625 0.8472226125000001 0.285248875 0.8541311390624999 0.29738896718749996 0.8561707046875 0.3198079796875 0.8518374515625 0.3328909109375 0.8474474484375 0.338577840625 0.8440108859375 0.33862479843750004 0.8426661734374999 0.333026171875 0.83843160625 0.3320721078125 0.8348977718749999 0.34164298125000003 0.8282309578125 0.3435586671875 0.8247973375000001 0.3548611734375 0.8148251109375 0.36123358906249997 0.8174710765625001 0.3676097828125 0.8148663968750001 0.36603780937499997 0.8135997843749999 0.3610345296875 0.812886525 0.3556067859375 0.8140433375 0.3552142796875 0.8098559375000001 0.367433284375 0.804493315625 0.3713472390625 0.8106885828125 0.3736648234375 0.8111734203125 0.378790196875 0.808390425 0.38529409531250003 0.8072711937499999 0.387761946875 0.8034529484374999 0.39559179843750003 0.800360490625 0.39726708125 0.798668734375 0.4018064984375 0.7920954890624999 0.40239061875 0.7856533921875 0.396617328125 0.7812780906250001 0.3851664984375 0.78007040625 0.3826516875 0.7852333640625 0.373043246875 0.79297595 0.37111816875 0.7966785109375001 0.3671253015625 0.7978854296875 0.3661298921875 0.8006780109375 0.362514528125 0.8013595718750001 0.3557176515625 0.8005836796875 0.3534845921875 0.7976783578125 0.35473735624999997 0.78237368125 0.35152583437499996 0.7714907078125 0.3502900203125 0.7760251515625
16 0 0.8900619796875 0.0002549734375 0.8902242046875 0.015142725000000001 0.8958602375 0.0227997484375 0.9028593921875 0.0344308546875 0.9091895140625 0.041757334374999996 0.9153693125 0.055135076562499996 0.9231067796874999 0.057018809375 0.9257306328125001 0.05821889375 0.9325043046875001 0.0639640078125 0.937686434375 0.07353671875 0.94125196875 0.0871116859375 0.943341640625 0.106897575 0.9424169546875 0.11197598906249999 0.9409786734375001 0.11806482031250001 0.9414605703125 0.12338363906250001 0.938280425 0.12603554687500002 0.9343339734375 0.130047196875 0.9325891687500001 0.14124077968749998 0.9205936109374999 0.164465534375 0.9086142828125 0.1720681515625 0.9017441015625 0.20580662031250002 0.876668390625 0.23128321718749997 0.8670565 0.23721994531249999 0.8616091328125 0.2525678890625 0.8540669765625 0.255540946875 0.8512088203125 0.2602700359375 0.8494890703125 0.2701902390625 0.8431037265624999 0.29367795937499996 0.8235940062499999 0.31020536875000004 0.8131310609375 0.315462225 0.80658286875 0.322088215625 0.801967384375 0.3262876984375 0.7948437265625 0.33406497968750004 0.7881142796875 0.3361685 0.77930180625 0.3427663140625 0.7754931484375 0.342999271875 0.758537234375 0.3409878328125 0.754427934375 0.3402122109375 0.745784190625 0.341079915625 0.7415061625 0.335146965625 0.7417028859375 0.3310921359375 0.7395417578125 0.3239609390625 0.7431971546875 0.3181838703125 0.744072496875 0.312151390625 0.7419769453125 0.3093999515625 0.7436311203125 0.30924029375 0.748203146875 0.313875465625 0.749172821875 0.31221896718750003 0.7503266921875 0.306682303125 0.749460171875 0.30491871875 0.7588230578124999 0.3014554578125 0.7654338828125 0.30201323593749996 0.7700309609375 0.2943768296875 0.7727262671874999 0.2891669328125 0.7779297453125 0.2879499015625 0.7819263046875 0.286293403125 0.7830801765625 0.2783358453125 0.7846871875 0.2722751921875 0.7833984625 0.265808859375 0.7834419234375 0.2630424171875 0.780383340625 0.2541307953125 0.7784565171875 0.250652528125 0.78035458125 0.2474634609375 0.7893984171875 0.2396298296875 0.7977415203125 0.23069564531250003 0.8016032265625 0.21445937812500002 0.80372895 0.20264982968749998 0.8025087390625 0.1859872671875 0.7962721875 0.1798984375 0.7957902906250001 0.1686917921875 0.7875900984374999 0.1619137 0.7862763187499999 0.1531241703125 0.7808532406250001 0.14628972812500002 0.78115311875 0.14240017031250002 0.7794016671875 0.12991075000000002 0.7770806328125001 0.1232077921875 0.7736153140625001 0.1067442890625 0.7719633140625 0.0948877828125 0.7720878156250001 0.062755184375 0.776889675 0.055477498437499995 0.7795975078125 0.0480871125 0.785532653125 0.037118928125 0.791073590625 0.0269620984375 0.7939501515625 0.0212319890625 0.79348078125 0.010716440625 0.79634481875 0 0.7977983390625 0 0.8900619796875
8 0.0632532796875 0.2380966 0.06292835 0.2422589484375 0.07444675625 0.25181637968750004 0.083209946875 0.26827863281250003 0.08700558593749999 0.272719509375 0.0947114046875 0.288606296875 0.10569265000000001 0.30326111093749997 0.11688234687500001 0.3222315359375 0.12266502812499999 0.3263378953125 0.12554795000000002 0.32091852187500003 0.125707609375 0.3163464984375 0.1314528328125 0.2958132890625 0.1316500578125 0.29016549375 0.1271933296875 0.284085909375 0.1146269421875 0.27368406875 0.10496787187500001 0.262306671875 0.0917741859375 0.25444099531250003 0.0785842765625 0.24132467656249998 0.069526165625 0.23845029062499998 0.0632532796875 0.2380966
8 0.310791575 0 0.31002662187499996 0.0006007890625 0.3036316453125 0.003743353125 0.2882423578125 0.017611925 0.2738090765625 0.0195313390625 0.2730409015625 0.026101643749999997 0.278055409375 0.0367783078125 0.2891719171875 0.04241728125 0.2934671515625 0.04283654375 0.31557440468750003 0.0371460515625 0.3264862375 0.033218771875000004 0.3373041546875 0.03198091875 0.3557960421875 0.026971985937499998 0.371455746875 0.0207870703125 0.38302866875 0.0184985 0.38778593125 0.0159719203125 0.3894706046875 0.014011221874999999 0.3896302625 0.009439196875 0.3826996484375 0 0.310791575 0
7 1 0.031039959375 0.9621887906250001 0.0333378046875 0.9467544859375 0.033068096875 0.9394186156250001 0.027157240625000002 0.9288448828125 0.0214025859375 0.91020466875 0.0152316078125 0.9097088531249999 0.014002576562499999 0.7648597968749999 0.0089443359375 0.76405959375 0.0091856625 0.7554089953124999 0.0152114359375 0.758128478125 0.01961473125 0.75869565 0.0239428671875 0.7631335953125 0.0305603375 0.770828184375 0.0364837234375 0.7731889515625 0.0408744921875 0.7797454203124999 0.043392248437499996 0.7843486375000001 0.050419396875 0.7923399828125001 0.0529872609375 0.7961544078125 0.05689025156250001 0.8022995875 0.055758492187499994 0.8062698906250001 0.06034010468749999 0.807451190625 0.0676516625 0.8071318734374999 0.0767957125 0.80468841875 0.0850577734375 0.7798203359375 0.092671384375 0.7610260796875 0.096054134375 0.7487037671875 0.1043751234375 0.748544109375 0.1089471484375 0.7525425875 0.11272193125 0.7613978609375 0.1162624109375 0.7737182296875 0.1234244125 0.78258289375 0.12669595 0.7853587281250001 0.129485590625 0.810196690625 0.1381617984375 0.8510530765625001 0.14066561875 0.880297140625 0.13630143125 0.8991665328125 0.130767140625 0.9534345578125001 0.1194679625 0.9603817015624999 0.1159407734375 0.975853571875 0.115134709375 0.993353828125 0.1076677140625 1 0.10743323906249999 1 0.031039959375
16 0.0229528375 0.2299575140625 0.036612331250000005 0.22962670156249998 0.0463916578125 0.227275496875 0.058569317187500004 0.228239290625 0.0741932890625 0.2333624921875 0.081377059375 0.2333440859375 0.0870076390625 0.2315211796875 0.0922175375 0.22631770156250003 0.09343457031249999 0.2223211421875 0.0989750109375 0.21793701875 0.0926195453125 0.204520821875 0.0815631671875 0.192017546875 0.0860274515625 0.1875958421875 0.08761259375 0.18334286718749998 0.08289106406249999 0.174561328125 0.0794880375 0.148592515625 0.09082066250000001 0.1223304703125 0.10196728906250001 0.11167962499999999 0.09432526875 0.10939322968750001 0.0819335453125 0.099132125 0.077816753125 0.09360295156250001 0.0805625765625 0.086967071875 0.08478645781250001 0.08428723125000001 0.09245665 0.0857667984375 0.089286365625 0.0942727484375 0.10063949999999999 0.103420503125 0.11351581250000001 0.1049472359375 0.1151723109375 0.10379336406249999 0.11029112187500001 0.0995838515625 0.11358911249999999 0.0925633484375 0.117087996875 0.1003597453125 0.124673665625 0.10425979375000001 0.1424669 0.098687925 0.1545394140625 0.0923777421875 0.16320501874999999 0.09106472812500001 0.16867971875 0.0885632015625 0.17077946093750002 0.0850013734375 0.1777641703125 0.0803984140625 0.1780740953125 0.07152330625 0.1711439 0.06428026406250001 0.16952874843750002 0.0591077203125 0.169432996875 0.0515648 0.1670534484375 0.047711915625000004 0.13817943906250002 0.0363366953125 0.1286630796875 0.031157504687499997 0.11587129062499998 0.027210289062499997 0.070558175 0.018626882812500002 0.053764129687499995 0.0161555296875 0.022418489062499998 0.013849196875 0.0166789875 0.013648768750000002 0.009376953125 0.22275166875000002 0.011789371875 0.22566325312500002 0.015660146875 0.2279525875 0.009779768749999999 0.2317862984375 0.012437289062499999 0.23282154843749997 0.018544903125 0.23276556093749998 0.0229528375 0.2299575140625
16 0.9413037390625 0.5902678921875 0.9256346421874999 0.5967217515625001 0.9184320890625 0.59727804375 0.9088218124999999 0.5947882812499999 0.8687955640625 0.589082203125 0.8634993046874999 0.58647381875 0.8574010843750001 0.5862608640625 0.8353107796874999 0.581181125 0.8238505593750001 0.580242384375 0.818928025 0.5823592859375 0.8169278140625 0.5882133890625 0.8290171687500001 0.5968483124999999 0.8399402281249999 0.6028844359375001 0.854450478125 0.609045828125 0.8803927734375 0.6169527890625 0.8846222656249999 0.6192546515624999 0.891069815625 0.619749075 0.9127638328125001 0.625892059375 0.9303710687500001 0.6359313875 0.9404452078125001 0.6457076546875 0.9565593828125 0.6470781875 0.9915899078124999 0.6415697140625001 0.9953937093749999 0.640634440625 0.9982593906250001 0.5585720640625 0.986761615625 0.5638511734375 0.9612248890625 0.580327365625 0.9657379671875 0.584793296875 0.9673906875 0.5888900687499999 0.96026888125 0.592276521875 0.9413037390625 0.5902678921875
16 1 0.3003278015625 0.986289446875 0.29968022968749997 0.9755842296875 0.2976907703125 0.9724402859374999 0.295157546875 0.9634910968750001 0.2943064921875 0.9611359437500001 0.294897425 0.9681694468750001 0.2991821 0.963870434375 0.30401348125 0.9493226171875 0.298927859375 0.9363129859375 0.2909339765625 0.9301865906250001 0.29152785 0.9191602218750001 0.2884500953125 0.9136555109375 0.2815261015625 0.8996372984375001 0.28184438749999996 0.893033871875 0.2806713421875 0.8788503875 0.28057995 0.8687123421875 0.2829186265625 0.8637146734375 0.2871870703125 0.85041756875 0.307995103125 0.85119319375 0.316638846875 0.8552536359375 0.323781675 0.87042119375 0.336832421875 0.8774734796875 0.3405792109375 0.8831941984375 0.341317525 0.8882632218750001 0.3401481859375 0.8915762171875 0.3378404421875 0.9002699953125 0.33572060000000004 0.9079195703125 0.32750570625000003 0.9106184359375 0.322214540625 0.9126430437499999 0.3208042515625 0.9180426109375001 0.32045426718750003 0.92133304375 0.32393505624999996 0.924488215625 0.33643168437500004 0.930913203125 0.3427146375 0.9393909734375001 0.346780475 0.956849884375 0.3456398953125 0.9611281703125 0.356829390625 0.9710238671875 0.37171556875 0.9763595281249999 0.3834805296875 0.9822041734375 0.3909549359375 0.992830478125 0.4003465796875 1 0.4031611328125 1 0.3003278015625
7 0.9062161140624999 0.330004290625 0.9008127703125 0.33560491875 0.8918410187499999 0.3405423953125 0.8835247421875 0.342136878125 0.877095978125 0.3411045703125 0.8710785031249999 0.34372177656249997 0.8687853140625 0.3476807546875 0.8764347812500001 0.3651811984375 0.885682559375 0.372909078125 0.89952233125 0.3777007046875 0.945184771875 0.38656557812500003 0.9552007265625001 0.3877231546875 0.9666985140625 0.387586125 0.972381665625 0.3894002078125 0.9745001921875 0.38530049375000003 0.972931996875 0.3787832375 0.962091628125 0.360094284375 0.9584049078125 0.357676740625 0.9505788359375 0.35551855468750004 0.942846678125 0.35067094062500004 0.9328307234375 0.3495133640625 0.9281241984375 0.3454445859375 0.9226382703124999 0.3379827046875 0.9121302796874999 0.33034545312499997 0.9062161140624999 0.330004290625
7 1 0.4305174046875 0.983706515625 0.4250701296875 0.9541488578124999 0.4178447296875 0.94000671875 0.41142692187499996 0.8945415015625 0.396914253125 0.880502671875 0.3875380765625 0.8573099796875001 0.3677445921875 0.85148411875 0.35973230156249997 0.8488491578125 0.352908521875 0.8272547796874999 0.32334247656250004 0.8211283828125 0.3239363484375 0.81462631875 0.33528792812499997 0.8122880078125 0.35082396718750003 0.8154807453125 0.362244825 0.8226663484375001 0.3724587640625 0.834996109375 0.3793518234375 0.8484696046875 0.3946322109375 0.8575427187500001 0.40221935625 0.87068566875 0.416680390625 0.8826303718749999 0.434600096875 0.900446059375 0.44895503437500006 0.9132490734375001 0.46286565625 0.9236368078125 0.4842315109375 0.9255185984375001 0.5023383546875 0.9316750046875001 0.51117 0.9495996124999999 0.5275482703125001 0.9672331875 0.526548425 0.9791648281249999 0.5242723812500001 0.9901048375 0.5195382734375 0.9997208578125001 0.5167211015625 1 0.50872751875 1 0.4305174046875