16 0.7404316109375 1 0.760062475 0.9969158374999999 0.78008708125 0.9884714171875 0.7939809171875 0.9801943718749999 0.8041061656249999 0.96889039375 0.8154405953125 0.9597143015625 0.8149264703125001 0.9561942234374999 0.8118529390625 0.9517750968750001 0.80217440625 0.9424477250000001 0.797881015625 0.9352457624999999 0.7988609515625 0.9313154515625 0.8084164406250001 0.9250877140625 0.8115613421875001 0.9138697421875 0.809952653125 0.911250875 0.8033690015625 0.9076525249999999 0.8023222046875 0.90347780625 0.799485790625 0.9015964921874999 0.7972618359375 0.8972587328125 0.793882075 0.8940678312499999 0.7931735343749999 0.8906297359375 0.7871573875 0.893826209375 0.78195598125 0.8909638640624999 0.7794286046875001 0.8920296640625001 0.77486943125 0.9005467843750001 0.77454465625 0.9046404453125 0.7729174249999999 0.90488701875 0.7691089437499999 0.9034156281250001 0.7672738156250001 0.8989138999999999 0.7702136265624999 0.8871229640625 0.7725038890625 0.8835193531250001 0.7689083640625001 0.8791005359374999 0.764095784375 0.876074221875 0.7577492484375 0.8750136828124999 0.7536744296875 0.873214971875 0.7410987890625 0.8782983296875001 0.73661940625 0.883704365625 0.725364765625 0.8897693734375001 0.7227469203125 0.8932913093750001 0.720158296875 0.8946027546875 0.7106584421875 0.8922341734374999 0.6963859 0.8852837375 0.6911018984374999 0.8813571390625 0.6804142093750001 0.8781705687500001 0.6758679671875 0.8754715734375 0.6660832296875 0.8756411125 0.6432536828125001 0.8681226640625 0.63086403125 0.860598025 0.6280675125 0.85716116875 0.6266689765625 0.847419540625 0.6282214796875001 0.842588325 0.6311056578125 0.8393937093750001 0.6361604125 0.8372621078125 0.6407836375 0.83267468125 0.6479477250000001 0.8318517406250001 0.651977034375 0.8268553187500001 0.6548533421875 0.827181090625 0.6563979765625 0.8258702640625 0.6536733781249999 0.8228427140625 0.6504930921875001 0.8118740984375 0.6437841421875 0.8045917015624999 0.6392378984375 0.80189270625 0.62863280625 0.799770390625 0.626624615625 0.7966605437500001 0.62373763125 0.7956798218750001 0.6173113046875 0.7977303671875 0.607281584375 0.798882484375 0.5943890374999999 0.804539115625 0.5855443421875 0.8023338859375 0.5719668609374999 0.7939912578125 0.5704300953125 0.7917816953125 0.562320353125 0.78662873125 0.55470058125 0.7795106109375001 0.546468346875 0.7748489359375 0.5425958093750001 0.769447853125 0.5313512921875 0.7601214078125 0.508766728125 0.75162038125 0.503892903125 0.7488397109375 0.49524262343750003 0.7465524953125 0.485875934375 0.7443475765625001 0.47941758125 0.7444332734375 0.47876522499999996 0.7484452609375001 0.48642489375000003 0.7540078390625 0.4899513046875 0.7621926875 0.48966923281249997 0.7689061453125 0.486108540625 0.7706275125000001 0.485618571875 0.7725926671875001 0.4857225203125 0.7749668187500001 0.48906238750000003 0.7797132640625 0.48939277499999995 0.7839702765625 0.48838081093749997 0.785935740625 0.4808677921875 0.7853671109375 0.477328453125 0.7883983765625 0.4737407953125 0.780459171875 0.4685820921875 0.780216621875 0.46547934062499996 0.7780079875 0.4647601265625 0.77391494375 0.4672419953125 0.7660540124999999 0.465676009375 0.766054940625 0.4636762421875 0.77547110625 0.45932721875000004 0.7768654640625 0.45794497187500005 0.776129459375 0.4557395625 0.7689262609374999 0.4493317796875 0.768111365625 0.4475764421875 0.7604985515625 0.4417092 0.7568179078124999 0.439836984375 0.758047059375 0.4378956546875 0.7630422421875 0.43522443437499997 0.7632894343750001 0.4290481546875 0.7566616749999999 0.4281345234375 0.752650615625 0.425308784375 0.7514242515625 0.4101389046875 0.7494683796875 0.4064450453125 0.7510260875 0.403499621875 0.7544663484374999 0.40399520312500004 0.7608518671875 0.40138016875 0.768549140625 0.3997720328125 0.781976675 0.400962671875 0.7869700015625 0.4053465296875 0.7917158265625 0.4075199125 0.7969541796875 0.406539975 0.8008844921874999 0.3976638078125 0.812760815625 0.39298214374999996 0.8217692234375 0.39160325625 0.84125495625 0.39857348125000003 0.8565604015625 0.399114571875 0.8697410515625 0.4032348984375 0.878334896875 0.4097095421875 0.8872548203124999 0.41116651718749997 0.8925754687499999 0.40462050625 0.8992926390625 0.40296966875000007 0.9101003765625 0.403452321875 0.927702009375 0.41025284375000004 0.9646210749999999 0.41691964531250003 0.9853300781250001 0.4230519359375 0.9961215078125001 0.43860772031249995 1 0.4743954578125 1 0.494342896875 0.9915881203125 0.51230874375 0.9809344484375 0.5243382328124999 0.9703661671875 0.53270308125 0.9591450984375 0.53650314375 0.9480904796875 0.5389692734375 0.9472703234375001 0.5427670828125 0.948086765625 0.5429963296875 0.9541449640625 0.545252309375 0.9604475703125 0.5588781078125 0.97976066875 0.5677952765625001 0.9984216046875 0.570339375 1 0.5830068859375 1 0.587303503125 0.99832816875 0.59492553125 0.9935752250000001 0.625461959375 0.985533921875 0.650731225 0.9986180421874999 0.6545616796875 1 0.7404316109375 1
16 0.8406088531250001 0.7464296125 0.8381427234375 0.7472497687499999 0.8371627859374999 0.75118008125 0.8388462015625 0.7583835890625 0.8362497093749999 0.7632154234375 0.8391822031249999 0.7709912765625 0.8424394718749999 0.77467346875 0.8430760906250001 0.777702259375 0.847092471875 0.7839219515625 0.858580271875 0.82018328125 0.857906565625 0.8228853703125001 0.8498479453125001 0.8328782140625 0.8529029328125001 0.840162778125 0.8522533843750001 0.848350103125 0.8443358015625 0.85498621875 0.840759371875 0.8637483640625 0.83689245 0.866697953125 0.838594409375 0.8710360234375001 0.8362507703125001 0.871364890625 0.8318270203125 0.86817460625 0.8304048796875 0.86899414375 0.8294249421875 0.8729244546875 0.8342802218750001 0.878570565625 0.828559628125 0.879883865625 0.8240133859375 0.877184871875 0.8199306984374999 0.8789065484374999 0.82124383125 0.8834085875 0.8170173000000001 0.8843116562500001 0.81043365 0.88071330625 0.8117411671875001 0.87686466875 0.80968240625 0.8746554171875 0.805189540625 0.875231165625 0.8029605249999999 0.8785891328125001 0.8050086109375 0.8801434359375 0.8055227374999999 0.8836635156250001 0.808574915625 0.8867727421874999 0.8098773734375 0.8906198328125001 0.8122929328125 0.8907002687500001 0.81552604375 0.8888972265625 0.8167857984375001 0.8901245203125001 0.8131239656249999 0.893647075 0.8186849796875 0.8985559421874999 0.8251540078125 0.89912519375 0.833545821875 0.8975646984375001 0.8719554265625 0.9081849500000001 0.9119654265625 0.9144796703125 0.9519563546875001 0.754084815625 0.9365362375 0.7510392968749999 0.9139758312499999 0.74802350625 0.8663810203125 0.7463324640625 0.8570677078125 0.7474022875 0.851048753125 0.7464234249999999 0.8406088531250001 0.7464296125
7 0 0.688759796875 0.0235356703125 0.6896054453125 0.060038228125 0.6953146609374999 0.06368151718750001 0.694657546875 0.0731971109375 0.6899853484375 0.091320284375 0.6849805718749999 0.094920871875 0.6817036609375 0.10251367812500001 0.679161209375 0.1059704234375 0.675065690625 0.109078234375 0.6695785984375 0.109586746875 0.6647480015625 0.113842496875 0.6616344421875 0.11517136562500001 0.6590957046875 0.1183747046875 0.6434567515625 0.1254904734375 0.6316633390625 0.129533265625 0.6314972046875 0.1355600890625 0.6289556796875 0.14927018593750002 0.62141556875 0.1538242984375 0.6205941734375 0.16865030625 0.613462746875 0.16988590312500002 0.60920480625 0.1804083984375 0.61026286875 0.188890678125 0.606246240625 0.186605478125 0.6021541265625 0.17374440468750002 0.593729203125 0.14165717656250001 0.5786842578125 0.1350628484375 0.574430959375 0.1256135625 0.5711617859375 0.061684643750000004 0.55613571875 0.0399659453125 0.5567216796875 0.0213151640625 0.553376090625 0.0035459859375 0.5520767156249999 0 0.5511926015624999 0 0.688759796875
7 0.5188860296875 0.3356359984375 0.5165637421875 0.3372747625 0.52035368125 0.34161159375 0.521277984375 0.3462776015625 0.5269109203125 0.351595771875 0.5275289937500001 0.3574900015625 0.530397434375 0.3613361625 0.529175321875 0.370424390625 0.5261501078124999 0.376975734375 0.5204828906250001 0.38156378125 0.517169990625 0.3864779078125 0.5150926874999999 0.3871340953125 0.5007830578125 0.38591453593749997 0.4851204046875 0.381748484375 0.4830430984375 0.38240467031250003 0.468545225 0.4056641734375 0.46312018593750004 0.4050943046875 0.46150924531250004 0.4143465 0.45253193437499994 0.4280240109375 0.44140259375 0.4377730671875 0.436883315625 0.4447346453125 0.42962089531250003 0.451534109375 0.42195110468749997 0.4613629828125 0.4227928125 0.4649647375 0.42550673437500003 0.46733734218749995 0.440168103125 0.474123809375 0.4507333 0.47780166875 0.45219814375 0.479601925 0.45287014843750006 0.5048173015625 0.459329053125 0.520778003125 0.46228570625 0.534039090625 0.4675803828125 0.5386206390625 0.49101958593750006 0.53950730625 0.49490785937500004 0.5378676125 0.5060029203124999 0.5380247734375 0.534454175 0.5341600453125 0.5456318328124999 0.535381459375 0.55691063125 0.5348016875 0.562540759375 0.5359445203125001 0.5680056921875 0.5349588484375001 0.5937587625 0.5216807375 0.5991596421875001 0.5167653734375001 0.606526009375 0.5123400578124999 0.622406684375 0.5058629625 0.6323510015625 0.499471253125 0.646076834375 0.4848903640625 0.6492857875 0.47760208593750003 0.6474399843749999 0.47244540781250005 0.6451761359375 0.46966319062500006 0.641223809375 0.46737319218750006 0.6398814578125 0.46508164374999994 0.6408799390625 0.45828589218750004 0.6380671296875 0.44584341250000004 0.633989503125 0.4398693640625 0.6289847671875 0.425053971875 0.6168687687500001 0.3982898640625 0.5970453390625 0.3710391078125 0.5890979828125 0.3638393125 0.5701966046875 0.35312562812500004 0.553489959375 0.34896019375 0.54396875 0.345281715625 0.5396674921875 0.34160014375 0.5338935218749999 0.33963869999999996 0.5295416921875 0.336857721875 0.5188860296875 0.3356359984375
7 0.821272121875 0.5448786328125 0.8169950203124999 0.5466822953125 0.8078440953125 0.5457052874999999 0.8024005140625 0.5480008578125 0.78321986875 0.5481759687500001 0.7738666609375 0.550801334375 0.7467869796875 0.55474711875 0.715800478125 0.5631980359375001 0.6918314125 0.5658320671875 0.67476290625 0.571491175 0.6528554093750001 0.5805097953125 0.640556778125 0.586575421875 0.6408045703125 0.5897681828125 0.64927391875 0.596967665625 0.6511809671875 0.6018787 0.6604785421875 0.607849653125 0.667054325 0.6149683921875 0.6752466640625 0.621185609375 0.685260646875 0.62707426875 0.689663046875 0.6289546546875 0.6976474890625 0.63042356875 0.703397303125 0.6268997765625001 0.7094162578125001 0.6278786421875 0.7154751078125 0.6273019640624999 0.7186497796875 0.6299199015625 0.7265943265625 0.6329443609375 0.7293082484375 0.6353169624999999 0.7298622703125 0.6372815000000001 0.7288238953125 0.64563279375 0.7384597265624999 0.652340371875 0.7477758437500001 0.6554458859375 0.752729459375 0.6551154718750001 0.7575206859375 0.6568318875 0.761206678125 0.6587945687500001 0.7646690359375 0.6630497234375 0.7665732765625 0.6637854187500001 0.779165209375 0.667707684375 0.7879885515625 0.668603015625 0.78727495 0.6728606484374999 0.7988442421874999 0.67809343125 0.8020189140625 0.68071136875 0.826568965625 0.6897024468749999 0.8363430265625 0.688877959375 0.832963265625 0.68568705625 0.8340364750000001 0.683475946875 0.8513769312499999 0.686494834375 0.8565221515625 0.6819070968750001 0.8540026421875 0.679452509375 0.854612296875 0.6728207281249999 0.860071615625 0.6634843796875 0.8636851328124999 0.6489913546875 0.8668328390625 0.641948721875 0.8664597484375 0.6350719140625001 0.8599530796874999 0.6241871421875 0.8550579062500001 0.6200965734375 0.8523760093750001 0.61968881875 0.8489883796875001 0.6200183046875 0.8425940796875 0.6240336953125001 0.8378854499999999 0.6233815296875 0.8319704437500001 0.6247768171875 0.8269741265624999 0.6224874375 0.824385503125 0.6237988828125001 0.8235494093750001 0.628547803125 0.821054059375 0.6315784484375 0.8200741218750001 0.6355087609375001 0.8183244000000001 0.636246621875 0.8136157671875001 0.635594459375 0.8081693796874999 0.6337146921875 0.8075647874999999 0.632650746875 0.812393103125 0.6286362859375 0.8151120859375001 0.6233131625 0.8224969984375001 0.616022409375 0.8266886953125001 0.60897915625 0.8258256359375 0.604067503125 0.8284434781250001 0.6005455671875 0.8273062156250001 0.598826984375 0.8221154875 0.5966195890625 0.8212282703125 0.5862227015625 0.8235612343750001 0.5852388859375 0.8259846640624999 0.5817989359375 0.8427924499999999 0.58416318125 0.84446238125 0.5865364046875 0.8447528765625 0.592348959375 0.8425266671875 0.5998822640625 0.8435200859374999 0.6007822375 0.8486810453125001 0.589153725 0.8473651046875 0.5804763484375 0.8438308250000001 0.5758118890625 0.8417934171875 0.574912534375 0.84496528125 0.5733551343750001 0.8440808703125 0.5671335859375 0.8358643750000001 0.5554311328125 0.8337629124999999 0.550602084375 0.8296453906249999 0.546183578125 0.8253149125 0.544712496875 0.821272121875 0.5448786328125
7 0.43956925625 0.25324054218750003 0.43420827031250003 0.2566003671875 0.42651151406250004 0.2567686671875 0.421312915625 0.258081659375 0.40993016875 0.2562872828125 0.4022070015625 0.2628414125 0.3899774828125 0.2651410046875 0.3723470859375 0.2723559640625 0.3665972734375 0.27587975781249996 0.3623842265625 0.2816131125 0.3611593046875 0.286526003125 0.3643637484375 0.3029798515625 0.36432946718750003 0.3128860671875 0.36907293124999996 0.3196784140625 0.379417303125 0.3298240859375 0.3864830546875 0.33497766875 0.3916844609375 0.3378400140625 0.397375834375 0.338737203125 0.4020524359375 0.33742452031250003 0.4035757203125 0.334803796875 0.40727519375 0.3415967625 0.4094912796875 0.3494549109375 0.4122877984375 0.3528917671875 0.4345661328125 0.3626210171875 0.44914770937500004 0.37251856875 0.5028097921875 0.38615894375000004 0.5130659515625 0.38688968749999997 0.5188876875 0.3837752 0.5293989546875 0.3681319140625 0.5282881046875 0.360027503125 0.522468625 0.351270928125 0.518654528125 0.3414488625 0.5158473328125 0.33735705625 0.51711495625 0.3350639625 0.519192259375 0.33440777499999996 0.5309851859375 0.33734808125 0.5547176875 0.348222640625 0.564790109375 0.34969031875 0.5656981234375 0.345350703125 0.5603315249999999 0.34035985156250004 0.5519818609375 0.3284937390625 0.5440957531249999 0.32104830156249997 0.539549509375 0.31834930625 0.5337300296875 0.30959273125000003 0.52856851875 0.30517484375000004 0.5174279484375 0.29822255000000003 0.5080528390625 0.2834916171875 0.504334821875 0.279564090625 0.49559126718749996 0.2755576734375 0.48433101250000005 0.2732720078125 0.469198221875 0.26558525624999996 0.4634214421875 0.259448475 0.4540041828125 0.25814415 0.44676536875000006 0.2543824484375 0.43956925625 0.25324054218750003
16 0.56130511875 0.6162591265625 0.5567217875 0.6192910125 0.5478984453125 0.6183956796875 0.5201821421874999 0.619312675 0.5139395546875 0.6206262859375 0.50200559375 0.6210427078125 0.49060149375 0.6179384328124999 0.47849672343750005 0.607875671875 0.473194178125 0.606814515625 0.466962265625 0.6087830734375 0.4640780875 0.6119776906250001 0.4565066296875 0.615830040625 0.4546051953125 0.6192696828125 0.4581743078125 0.6300743265625 0.45873394375 0.6403895375 0.46150405 0.650212221875 0.46011674375 0.65717194375 0.46126748749999996 0.6637208140624999 0.458878890625 0.6733009484375 0.460458359375 0.67813030625 0.46479164375000004 0.6837767265625 0.47137248906250007 0.6831997375000001 0.4715191390625 0.6881936828125 0.474614021875 0.69392270625 0.4753416578125 0.7105417609375 0.47778137656249997 0.7161074328125 0.488075178125 0.7271537 0.49784136874999996 0.7298495984375 0.5094477515625 0.7293515015625001 0.52089174375 0.7309002359375001 0.5350974234375 0.7297456421875 0.5475825999999999 0.7271184203125001 0.56398020625 0.728336740625 0.5807851859375 0.7265256499999999 0.5912942 0.722753428125 0.6017284828125 0.7143965640625 0.6143148015625 0.7099681546875 0.625649234375 0.7007920624999999 0.630131421875 0.6995613640625 0.634387171875 0.6964478046875 0.633401621875 0.6920274421875 0.6383260171875 0.6939075171875 0.64086406875 0.6934966671875 0.647359509375 0.6876800890625 0.652981215625 0.6762969109375 0.6512073359375 0.6715495375 0.620342221875 0.6474163640625 0.6132978203125 0.6435726796875 0.6027326234375 0.639894821875 0.5961382953125 0.635641521875 0.5900339359375 0.6294230671875 0.5828456921875 0.6247607734375 0.5803048328125 0.6209962875 0.575297840625 0.6180519578125 0.56130511875 0.6162591265625
16 0.7237854296874999 0.6567700171874999 0.7154070984375 0.6631607984375 0.7093190296875 0.6659479671875 0.6961174437500001 0.6686574828125 0.6814246015625 0.6759525703125 0.6611921 0.6796486875000001 0.645868253125 0.6922656593750001 0.6224987203125 0.703659359375 0.614336153125 0.7112780515625 0.6015447453125 0.7151334968749999 0.5926045249999999 0.723080128125 0.5785454953125 0.72922866875 0.5663749703125001 0.7431536796875 0.5586253875 0.7560936375 0.5505027171875 0.7621567890625001 0.54788768125 0.7698540609375 0.5510943796875 0.774436846875 0.557789846875 0.776888959375 0.5667969296875001 0.7770473578125 0.571329690625 0.774916065625 0.575726475 0.768445778125 0.5778650265625 0.7675439468749999 0.58687210625 0.7677023453125 0.5959190828125001 0.7663052031250001 0.6034933484375 0.7666281890625 0.62040508125 0.7713665890625 0.6281844359375001 0.7722625390625 0.6370476734375 0.7716023296875 0.6565160046875 0.7730644375 0.666484478125 0.7721579640625 0.679225315625 0.7692031125 0.681393084375 0.7660907890625 0.6931483703125 0.758715575 0.7102809296875 0.7569861609374999 0.7189896499999999 0.75485239375 0.7170826015625 0.7499413609375 0.7127599906250001 0.7449498906249999 0.713739928125 0.741019578125 0.7163577703125 0.7374976421875 0.7279321249999999 0.7350346984375 0.731482140625 0.7326583828125 0.7353063625 0.727088996875 0.7373488328125 0.7202926265625 0.744485953125 0.7098091125 0.772947884375 0.7065993328125 0.7833478875 0.7081486859375 0.785648825 0.7052000234375 0.781541978125 0.701436465625 0.7741087515625 0.69775675 0.7509673593749999 0.683115846875 0.74293740625 0.6748518 0.733373496875 0.6685535265625 0.73002295625 0.6631521328125001 0.730265134375 0.6579942171875001 0.7237854296874999 0.6567700171874999
8 0.1089132609375 0.2871667640625 0.0898978109375 0.28947038125 0.07487458125 0.2925084546875 0.0669968921875 0.29758902656249997 0.059566471875000006 0.29808464843750004 0.053395804687500006 0.29980756406250003 0.05372619375 0.30406457656249997 0.07783965468750001 0.31829555468750004 0.086607365625 0.32778720625 0.0959262921875 0.3350680578125 0.118215853125 0.36149865625 0.12907154375000002 0.370989071875 0.14894554531249998 0.3973392328125 0.16069351406250001 0.40953080625 0.1648537359375 0.41656910937499997 0.188517675 0.44725610156249995 0.20179173593750002 0.4610022890625 0.2095075890625 0.4740149484375 0.2150152234375 0.47564907187500005 0.22576135156250002 0.474414659375 0.24728002343750002 0.46556000781250007 0.24895782500000002 0.4644128421875 0.2486487875 0.46146572812500003 0.246323690625 0.45892915468749995 0.240938546875 0.45680374218750003 0.2227985328125 0.436756496875 0.2192108765625 0.4288172921875 0.2157086234375 0.42611767812499995 0.21185463124999998 0.4178511546875 0.2017951390625 0.4051673625 0.1969157 0.39403601875 0.19146650468749998 0.3879809140625 0.18447773437499998 0.375540909375 0.17940949687500002 0.3728422234375 0.1784958671875 0.36883116562499996 0.17245275468750002 0.362367065625 0.17298261875 0.3588463671875 0.162062875 0.3454262609375 0.15607539374999999 0.33036584375 0.1454433359375 0.3185829546875 0.1434137953125 0.31416320937500003 0.1367554140625 0.3059802171875 0.134992209375 0.30188779375 0.13128486718750002 0.29861521562500004 0.12411235937500001 0.2869121453125 0.11956611718750002 0.28421314999999997 0.1089132609375 0.2871667640625
8 0.205290540625 0.5955934968750001 0.2020467546875 0.5967415921875 0.195788428125 0.6050959796875001 0.19114385312499999 0.608373509375 0.18440062031249999 0.6109973281250001 0.1691723 0.6134624375 0.15602409374999998 0.6194466984375 0.1471850125 0.6255921437499999 0.13487570625 0.6310028203125 0.1281111234375 0.632316740625 0.1245717828125 0.63534800625 0.11808982500000001 0.6459948703125 0.11705425625000002 0.658521503125 0.11439651718749999 0.66359898125 0.11161348125 0.664992409375 0.11132860156249999 0.6675305296875 0.1192894390625 0.6795606109375 0.1287921015625 0.686104528125 0.135024015625 0.6841359687499999 0.14120254999999998 0.6788926640625 0.14812952031249998 0.6755319125 0.155559940625 0.675036290625 0.1664072109375 0.6720006921875 0.1827379578125 0.66511398125 0.197944925 0.6613389734374999 0.21823586874999998 0.6532218750000001 0.244060859375 0.6403530703125 0.24393555937500003 0.636669021875 0.23458460625000002 0.6274233234375 0.2248313453125 0.613511309375 0.2073891953125 0.5962472078125 0.205290540625 0.5955934968750001
16 0.6817540609375 0.34389011875 0.673668478125 0.34422239062500004 0.6463865125 0.3517705484375 0.630564278125 0.3538266625 0.6151657046875 0.3618589921875 0.6023130515624999 0.3659600828125 0.6000441390625 0.37087359062499997 0.6193747953125001 0.395914165625 0.625148765625 0.39787560625 0.6301023796874999 0.3975451921875 0.63507734375 0.398524675 0.6409311062499999 0.397375034375 0.66484173125 0.3991619859375 0.6738274625 0.3980104875 0.69200681875 0.400455790625 0.7010139 0.400614190625 0.7258005140625 0.396096678125 0.7304051968749999 0.39437469062499997 0.75619590625 0.391412103125 0.7645343421875 0.38657686406249997 0.7692828671874999 0.3856734859375 0.775788984375 0.3805118578125 0.776768921875 0.3765815453125 0.76858725625 0.3710192765625 0.71921014375 0.3520548515625 0.6817540609375 0.34389011875
16 0.7522425625 0.2049159703125 0.7488549328125 0.20524545624999999 0.7503546109375 0.2131858984375 0.746375871875 0.2172817265625 0.7446126671875 0.21318930156250002 0.731362765625 0.20492834843750002 0.7278818640625 0.2035386328125 0.7215274593750001 0.20599848125000003 0.6981506093750001 0.23695897187499998 0.6885209437500001 0.25464846875 0.683802190625 0.26938775625 0.6839488421875 0.274381703125 0.6861300921875 0.2760996671875 0.7017927484375 0.28026572031249997 0.7177138703125 0.28827948281250004 0.7081156796875 0.291887425 0.70472018125 0.2957373 0.698387128125 0.29950704687499996 0.693228425 0.299264496875 0.6896407671875 0.29132529375 0.686008153125 0.2926373578125 0.682530059375 0.295422978125 0.6817552109375 0.2999262546875 0.68504450625 0.30557329218749996 0.68860800625 0.3080272609375 0.6982916015625 0.3096589078125 0.7071548390625 0.3089986984375 0.7210913765625 0.3033414484375 0.727211471875 0.3025191265625 0.76488331875 0.311911771875 0.791992775 0.321801896875 0.8144065312500001 0.3198237421875 0.824987465625 0.316460825 0.8337147281249999 0.31146161875 0.8477496 0.29982784375 0.8564605734375 0.2858230125 0.8569690874999999 0.2809924171875 0.85491819375 0.2752627765625 0.84792155625 0.26634315937499997 0.8369220234375 0.25603413750000004 0.8310042093750001 0.2532540875 0.815136465625 0.2485150703125 0.7869588609375 0.2331403296875 0.7843168609375 0.23117702968749998 0.7802392359375 0.22520298125 0.7743214203125001 0.2224229296875 0.7707365703125 0.2186590640625 0.7646749140625 0.215060403125 0.7556700875 0.2030309421875 0.7522425625 0.2049159703125
16 0.762137878125 0.3996773890625 0.757389353125 0.4005807671875 0.7541882703125 0.4043486578125 0.7491840843750001 0.4055796640625 0.718271759375 0.4025688234375 0.6936688828124999 0.40634940156250005 0.6804830359375 0.4020181421875 0.6718434296875 0.400385875 0.6726637875 0.4026777328125 0.6885101812500001 0.40610685156250004 0.68966879375 0.4091353328125 0.681900115625 0.40889432968749995 0.6783394234375 0.41061569843749995 0.6608180359375 0.41250908124999996 0.6440158640625 0.418495509375 0.637506940625 0.41948179999999996 0.6336905890625 0.42153079687500006 0.632300475 0.42431518125 0.641811559375 0.44338511093750005 0.6519401671875 0.45230286875000003 0.6638370390625 0.4576173265625 0.6747725203125 0.46399665625 0.6924220140624999 0.46996265781249996 0.7053201765625 0.4726567015625 0.728890290625 0.4855780921875 0.7401932484375 0.4904835546875 0.7506758484375 0.4930971609375 0.778272465625 0.4968467921875 0.7835536609375 0.49659805312499994 0.7863979453125001 0.494958978125 0.792190459375 0.49405497968749995 0.7980655718749999 0.4942152375 0.7948959609374999 0.48390157343749995 0.7897316437499999 0.4753083484375 0.7862799609375 0.471708140625 0.7817337171875 0.46900914531250004 0.7786708640625 0.4652449703125 0.774526378125 0.451165890625 0.7742757796874999 0.44379779375000006 0.777236940625 0.4333167578125 0.7812235484375 0.42570053906250005 0.7866244296875 0.42078517499999996 0.786560375 0.41685548125 0.7782320625 0.4062992671875 0.7673685015625 0.4003292421875 0.762137878125 0.3996773890625
16 0.742845925 0.49310180312499996 0.7358925421875 0.5028483828125 0.7285744890625 0.5182441671875 0.7228673796875 0.52438775625 0.721826196875 0.5285637109375 0.7394363484375 0.55213165625 0.7448214906249999 0.5542570671875 0.7544623828125 0.5532689203125 0.7780611656249999 0.54793341875 0.793760909375 0.5463685921875 0.8125605953124999 0.5428370625000001 0.8133966890625001 0.5380881421875 0.810538921875 0.5348969296874999 0.8043362296875 0.5346549984375 0.7892062453124999 0.531143584375 0.77415605 0.5245210874999999 0.767684215625 0.5197764984375 0.76139611875 0.5142949781249999 0.750015625 0.5006295359374999 0.7485800015625 0.4966187875 0.7449339046875 0.4931005640625 0.742845925 0.49310180312499996
16 0.3436429796875 0.280723659375 0.3371953015625 0.28146430625 0.334228525 0.28359467031249996 0.3293148078125 0.2823695421875 0.3212292234375 0.2827018140625 0.3126963734375 0.2876190359375 0.290242721875 0.29115273125 0.27569091874999996 0.2950910890625 0.2594585046875 0.296001275 0.255825890625 0.29731334062500003 0.24416668593750002 0.31058309375 0.23208156406249997 0.329747696875 0.226680684375 0.3346630625 0.22312560625 0.3447351046875 0.2217197546875 0.354560265625 0.2237734515625 0.3644652453125 0.2330794484375 0.382962209375 0.25201846875 0.403991415625 0.2629753 0.41168064375 0.27768217812499996 0.42526224375000005 0.28611949999999997 0.43049688125 0.2907803671875 0.436224975 0.290804525 0.44171021093749996 0.29486360624999997 0.4505497 0.2940887578125 0.45505297499999997 0.2885496484375 0.46750040625 0.2873488859375 0.47789853125 0.28817205 0.4843657265625 0.29273177499999997 0.49189500625000004 0.297688196875 0.49573992968749997 0.303073340625 0.49786534062500004 0.30842645625 0.49802590625 0.31665026875 0.49016156874999994 0.3239228125 0.4679706515625 0.324713396875 0.4564266 0.32343735156250003 0.44619368125000003 0.32498704843750004 0.437187128125 0.32729866093750004 0.43489341562500006 0.33539211406249997 0.43104075625 0.3408171515625 0.43161062499999997 0.3456909765625 0.4343912953125 0.36637129687500003 0.4421566265625 0.37513620312499996 0.4474729421875 0.38195416249999997 0.4494337640625 0.38580254062499997 0.4493496140625 0.39281210781250003 0.447053115625 0.4007909359375 0.44017135625000003 0.3962019921875 0.43485256562499996 0.3951467734375 0.41815183593749994 0.38995829843749996 0.404073375 0.39022182656250004 0.400225359375 0.3942696796875 0.392363496875 0.3932015328125 0.38687888125000003 0.3890120890625 0.382051071875 0.3808411015625 0.3771437515625 0.373221328125 0.37002563125 0.3606479421875 0.363237925 0.358517259375 0.36061936875 0.35437051875000003 0.358411353125 0.35900722812499997 0.35865421249999996 0.363611909375 0.3569322265625 0.3703472734375 0.3578287953125 0.3819109515625 0.35471090312500003 0.3929470203125 0.34324264531250004 0.388552490625 0.3378418703125 0.3685829625 0.32164356875 0.3640445875 0.3154241875 0.35972929531250003 0.2908659265625 0.356386621875 0.2819441453125 0.3436429796875 0.280723659375
16 0.2388010140625 0.6419117062499999 0.23528302499999998 0.6462528703125 0.22761829374999998 0.6483860171875 0.224395859375 0.6508440109375 0.205843965625 0.6575682984375 0.1978836796875 0.66158461875 0.183720703125 0.6653590078125 0.1714726421875 0.6705240406249999 0.14793059687500001 0.6993560234375 0.140851915625 0.7054185546875 0.14235946093750002 0.709838609375 0.16410512500000002 0.71891321875 0.1740578609375 0.7250475234375 0.186077228125 0.7298706921875 0.1934093140625 0.73535159375 0.199777203125 0.73772203125 0.2057854828125 0.738045946875 0.2080757421875 0.7344423359375 0.21118636093749998 0.73313058125 0.23853127500000001 0.6974193140625 0.23963370468749998 0.6929977125 0.23753168906250002 0.672122265625 0.249099878125 0.645262246875 0.2515339828125 0.6424772421875 0.245472325 0.638878584375 0.2388010140625 0.6419117062499999
8 0.31382886249999997 0.769419740625 0.3068142328125 0.7794119640625 0.3029978828125 0.7814609609375001 0.28776956249999996 0.7839260718750001 0.2790288171875 0.7840949921875 0.263475725 0.7906537640625 0.2558615640625 0.79188631875 0.24933129062499998 0.7915627125 0.239805021875 0.7955799609375 0.23939765 0.79860936875 0.24348314375000002 0.8010630296875 0.26399827187499997 0.8066998546875 0.27359926875 0.8072672484375 0.2890568359375 0.8108603390625 0.2957708484375 0.8104470109375 0.30828018125 0.8133050234375 0.3116998390625 0.8149403843749999 0.3136973515625 0.8173952812499999 0.3182464015625 0.8242696140625 0.319088109375 0.8278713671875 0.328194078125 0.83809964375 0.3326577234375 0.8397343859375 0.35099946718749997 0.8401328578125 0.3553271390625 0.837428603125 0.347891103125 0.8295735484375 0.3471319921875 0.8270360468750001 0.3553771578125 0.8204816078125001 0.3644185203125 0.8107337890625 0.362450225 0.8060684015625 0.35693978125000003 0.8002589421874999 0.35457198437500004 0.7951025734375 0.34953577343750003 0.7943687359375 0.3377271109375 0.7984692046874999 0.332485809375 0.7971624015625001 0.33028320624999996 0.794134540625 0.327779434375 0.7846391765625 0.3227775046875 0.77399911875 0.31759464375 0.7682713359375 0.31382886249999997 0.769419740625
7 0.3753574484375 0.6852215265625 0.369229484375 0.6895642375000001 0.36410280781250004 0.691286534375 0.3449114859375 0.6908066953125 0.3430100515625 0.6942463375 0.3433404390625 0.69850335 0.3317879890625 0.7183225906249999 0.3230000328125 0.73961384375 0.3229016984375 0.7455903671875 0.33449515 0.756308384375 0.3370601671875 0.7655581046875 0.343625275 0.7720218937500001 0.35228623125 0.7749640578125 0.353487546875 0.780612334375 0.357716884375 0.7838846015625001 0.37615977031250003 0.7824818890625 0.3946105234375 0.7775587875000001 0.396408009375 0.7717449937499999 0.3941891171875 0.7597115078125001 0.3997950859375 0.7553691078125 0.4042317671875 0.7473432765625 0.40783967031249996 0.724499578125 0.40252028125 0.6983863953125 0.399436075 0.6933123203125 0.38275865 0.686936396875 0.3753574484375 0.6852215265625
7 0.43966851875 0.583583484375 0.43603590625 0.584895546875 0.434339559375 0.588908153125 0.42942864687500004 0.5918583625 0.4288375390625 0.5956247046875001 0.43571955156250003 0.6015152203125 0.431466609375 0.6088041171875 0.42275002187500005 0.6144582749999999 0.42165320624999997 0.6272305499999999 0.42542009218750004 0.658174946875 0.4285576765625 0.6665237640624999 0.4390964609375 0.676587453125 0.4597554328125 0.6830428859375 0.46117757499999995 0.6822233484375 0.45595481875 0.67805110625 0.45527549843750004 0.6724025203124999 0.45884350625000003 0.6511143640625 0.4574180046875 0.6317121625000001 0.45368369687500004 0.6187790140625 0.4577315515625 0.6109171515625 0.45790686875000003 0.59765420625 0.45941666718749996 0.5902031953125 0.4585243890625 0.5875020359375001 0.4555042359375 0.5863576546875 0.43966851875 0.583583484375
7 0.275872778125 0.6264982828125001 0.2745118828125 0.627072175 0.266269525 0.6378019515625 0.2644720390625 0.6436157453125 0.265990259375 0.6486907468750001 0.2816989765625 0.6756983328125 0.2934362703125 0.687234959375 0.304084065625 0.6919770703125 0.30726154375000003 0.6987703468750001 0.3121966140625 0.701305371875 0.3159011484375 0.7004026125 0.3247908 0.6933565749999999 0.328495334375 0.692453815625 0.3312570203125 0.6897504890625 0.3348283875 0.68868406875 0.3591278421875 0.69030705 0.3711736203125 0.6887443906249999 0.37286996562499997 0.684731784375 0.36968461874999997 0.6814588968749999 0.3521975125 0.6734460640625 0.342676303125 0.6697675859375 0.336268521875 0.6689526906250001 0.311758365625 0.6584060703125 0.299078221875 0.6450688765625 0.2906409 0.6398342375 0.2799369203125 0.62764204375 0.275872778125 0.6264982828125001
7 0.2162350390625 0.5544885734375 0.21159046250000002 0.557766103125 0.1961784046875 0.560968146875 0.18180753125 0.5599942328124999 0.15560664375 0.5618108937499999 0.13521681562500001 0.559858115625 0.1266783515625 0.5564246625 0.1153782015625 0.5556945390625 0.11362847812500002 0.5564324015625 0.113138509375 0.55839755625 0.11900575312499999 0.5620782015625 0.12048127187499999 0.5645334078124999 0.1254775875 0.5668227875 0.129815934375 0.5647734828125001 0.13407449062500001 0.565835259375 0.1358056703125 0.5679628375 0.128303328125 0.5680491546875001 0.12676936875 0.5700149296875 0.1402827984375 0.5744278640625 0.1415133328125 0.57786565 0.1566860203125 0.583996859375 0.159860690625 0.586614796875 0.1720239015625 0.5922565750000001 0.18441354999999998 0.5997812125 0.1889384421875 0.6011703109375001 0.1949225625 0.596008990625 0.210720640625 0.588467640625 0.21297100625 0.5864195718749999 0.22156790937499998 0.5854320421875 0.218944453125 0.580603303125 0.22042784062499998 0.579538121875 0.22689686875 0.5801073734375 0.22994904843750003 0.5832166 0.23178136875000002 0.5835429921874999 0.2343992125 0.58002105625 0.23374124218749998 0.57568236875 0.23060646562499998 0.5715088875000001 0.2334024328125 0.55889934375 0.232776490625 0.5565255015624999 0.230350253125 0.555790115625 0.2162350390625 0.5544885734375
15 0.20220655468749998 0.21023609531249998 0.1981530875 0.20974728125 0.19386531093749998 0.21089599374999998 0.1839238015625 0.221463040625 0.1706508484375 0.2398096546875 0.1680144609375 0.2461970296875 0.1651915296875 0.249146 0.16126897499999998 0.2606919109375 0.154459434375 0.27125710000000003 0.1470003453125 0.2900096125 0.1384888484375 0.2962367328125 0.138430409375 0.3006577140625 0.14081955625 0.3071239796875 0.145938365625 0.308922071875 0.1482100828125 0.3081839 0.1511583140625 0.308918978125 0.1535632015625 0.308344465625 0.1553927125 0.30449551874999997 0.1632333125 0.3051458265625 0.1622056125 0.31415206875 0.164552059375 0.31799853906250003 0.1750374671875 0.32478748281250003 0.18450023437500002 0.3328869421875 0.19285496093750001 0.337057328125 0.2078838046875 0.342369928125 0.2141690953125 0.34367611249999996 0.2162463984375 0.3430199265625 0.23089373124999998 0.32892970625 0.2524275859375 0.2969878765625 0.2596686546875 0.2888785140625 0.2705075046875 0.27331690468750003 0.28226504375 0.2540706265625 0.28376922968749996 0.23826894062499998 0.2818942078125 0.2353227546875 0.276876540625 0.23172347656249997 0.2604334234375 0.22371002343750002 0.251578053125 0.2208498453125 0.20220655468749998 0.21023609531249998
5 0.5218090859375 0.1466797078125 0.5152894859375 0.14701105 0.50743315 0.1534015203125 0.49784338124999994 0.169535475 0.4790841421875 0.1875578640625 0.473542225 0.1958299578125 0.4656246421875 0.202466071875 0.4411762859375 0.2077202078125 0.42608619531249997 0.2026532515625 0.42046674531250006 0.20216536718749997 0.419220471875 0.20576835937500002 0.4223659234375 0.21059678750000002 0.42792693593750003 0.2155056546875 0.431410646875 0.221070709375 0.43186352499999997 0.22483643125000002 0.429900846875 0.22852171718749997 0.426185634375 0.228769528125 0.4092126546875 0.224276775 0.3887857375 0.22805487812499997 0.3825217984375 0.22805859062499997 0.3708300140625 0.223317096875 0.3654263265625 0.2240571265625 0.360036121875 0.22962744062499998 0.3509706015625 0.2338900234375 0.34427007187499997 0.2391336375 0.3391939640625 0.2399553390625 0.3347702140625 0.23676505625000002 0.328567521875 0.236523125 0.317272984375 0.24414367499999998 0.3042658125 0.2467712078125 0.30193846406249997 0.2561056984375 0.3027694953125 0.2590525015625 0.3152816375 0.266085853125 0.317145984375 0.268377090625 0.32068813125 0.2695211625 0.32623566249999997 0.2695997421875 0.331045434375 0.26845071875 0.339069771875 0.26836409375 0.352372496875 0.2638533890625 0.37083392656249997 0.2595852359375 0.38360398125 0.25441989375 0.3940624234375 0.251548265625 0.4014928453125 0.25105264374999997 0.41774941718749997 0.255627690625 0.42876188125 0.2547205984375 0.43457293906250005 0.2509511625 0.44448016875 0.2502903328125 0.481789046875 0.23741472031250002 0.4895256984375 0.2356908765625 0.49282005624999997 0.23364218750000001 0.51727628125 0.22486766406249997 0.530150284375 0.222076471875 0.5416313671874999 0.21789432656250002 0.5466462265625001 0.21731826718749997 0.5627213140625 0.21075918593749998 0.5705990015625 0.2056786125 0.5736854625000001 0.1988816234375 0.572308278125 0.1904498921875 0.56851553125 0.181937725 0.5650717171874999 0.174817128125 0.558863409375 0.1662245234375 0.551826878125 0.1588604515625 0.54342945 0.15207026875000001 0.533713828125 0.148473775 0.5218090859375 0.1466797078125
3 0.3290783328125 0.1437648015625 0.319149753125 0.1431157328125 0.2769957171875 0.134953784375 0.26673955625 0.13422304062499998 0.25083191875 0.1310395640625 0.2382399859375 0.1271172984375 0.2242365875 0.12466951875000001 0.208249159375 0.12459712812499998 0.20228358281249997 0.12689300781249999 0.199071821875 0.1300059484375 0.198091884375 0.1339362609375 0.19046705 0.134513865625 0.18571065625 0.138937634375 0.184408753125 0.1511369453125 0.19264379375000001 0.15997395781249998 0.1926038984375 0.1615295 0.18918705 0.16406947656249998 0.188739784375 0.168654428125 0.193810828125 0.17552845 0.199544903125 0.179045434375 0.2092099546875 0.1835425203125 0.22558901874999998 0.1876262796875 0.24317445937499998 0.1896625890625 0.247206575 0.1888415046875 0.273269234375 0.1945569109375 0.29527561874999997 0.19560816718750001 0.3050418109375 0.198304065625 0.3253889375 0.19763704843750002 0.331682096875 0.19542284375000002 0.33681664218749996 0.1901801578125 0.3435407765625 0.1743753796875 0.3489602015625 0.166594575 0.351513990625 0.1591429453125 0.3509785140625 0.15431296875 0.348243240625 0.1506304671875 0.3361519515625 0.1453979953125 0.3290783328125 0.1437648015625
5 0.560750765625 0.2179648609375 0.5489713234375 0.219854840625 0.5385213 0.23525248125 0.525887771875 0.260803221875 0.5242554796875 0.268745521875 0.5246072203125001 0.27431243125 0.5293293328125 0.27979488125 0.5368665078125 0.285848746875 0.5511789421875 0.29124364062499997 0.5591021390625001 0.29295820156249996 0.5611181984375 0.292547659375 0.5619357468749999 0.29066417968749997 0.5749002171875001 0.2854168515625 0.5840084390625 0.2837740640625 0.6034953140625 0.28237073281249997 0.6143453921875001 0.2835104703125 0.62521681875 0.2859601078125 0.648866725 0.29577041249999997 0.6536180546875 0.299042371875 0.6737657078125 0.3061530640625 0.6895536625 0.314003165625 0.698156178125 0.3213663109375 0.7063406484375 0.3311039171875 0.7094568812500001 0.3381428375 0.711305490625 0.347474853125 0.7128928265625001 0.3487838203125 0.7465140124999999 0.3618629921875 0.7644084906249999 0.3668464171875 0.7664245484375 0.3664358734375 0.7693699734375 0.3629956125 0.7644534484375 0.3575951484375 0.7689114781249999 0.3508792140625 0.7695582203125 0.338516553125 0.7671342375 0.32591010468750004 0.761301275 0.3123232421875 0.74543353125 0.307584225 0.7401736875 0.3091428625 0.7362612562499999 0.30529731875 0.7250010015624999 0.303011653125 0.7065822734375 0.3098996015625 0.69712511875 0.310150815625 0.6862323390625 0.30639128125 0.6808337140625 0.299435584375 0.681097240625 0.2955875671875 0.6834088546875 0.2932938515625 0.6892305890625 0.2901793640625 0.692711490625 0.29156908125 0.6941257640625 0.29426993281249997 0.702171453125 0.295493203125 0.7095883921875 0.29016729531249996 0.7097187515625001 0.28615561718750004 0.699787365625 0.2813312109375 0.6821592234375 0.2766751078125 0.678571565625 0.268735903125 0.6682142640625 0.26980634531250003 0.6619688703125 0.26694461875000003 0.6572574328125 0.26211711875 0.6459331234375 0.2559017578125 0.6399085546875 0.24657221875 0.62735651875 0.2410944109375 0.624927475 0.23618368906249998 0.621414546875 0.232829125 0.5917136609375 0.2200751078125 0.560750765625 0.2179648609375
16 0.4339794890625 0.4187019 0.42620574843750003 0.426156621875 0.402040015625 0.4407437015625 0.400077334375 0.4444289875 0.395944078125 0.44705125937499995 0.385312571875 0.4513147703125 0.3798875328125 0.4507449015625 0.37448384687499997 0.451484928125 0.35514642812499997 0.46205754531250004 0.3433164140625 0.46484811718749997 0.33451442187499997 0.46526268281250005 0.3314970765625 0.4682936390625 0.3354364734375 0.48179975312499995 0.3413250671875 0.4867902953125 0.350247296875 0.49775550468749996 0.35207175 0.501602284375 0.364373740625 0.5157583953125 0.3746141625 0.523529915625 0.3802206859375 0.535233915625 0.3834779546875 0.5389161078125 0.3850574203125 0.5437454640625 0.3884478578125 0.547591315625 0.3935267703125 0.55094495 0.4012740984375 0.54987605625 0.408310078125 0.541193728125 0.4236198875 0.5077000703125 0.42713787812500004 0.5033589078125 0.450084303125 0.5020353921875 0.451279453125 0.48328659375000005 0.449976996875 0.47943950468749996 0.44479694218750004 0.47788705625 0.4400456109375 0.47461509687500003 0.429706853125 0.4728201 0.4181667796875 0.46537682656249996 0.4195355421875 0.461282546875 0.44999388281249997 0.42843486249999996 0.4475035921875 0.42376978281250005 0.4426696625 0.41943357187499997 0.438789259375 0.41755287656249995 0.4339794890625 0.4187019
16 0.6079936171875 0.59437231875 0.6048088218750001 0.6071458328125 0.6000844546875 0.6135344468749999 0.5991258687500001 0.61877465625 0.6024072968749999 0.6279420828125 0.6115958625 0.6392346109375 0.6204647140625 0.6469250765625 0.65925583125 0.6769481453124999 0.6646196234375 0.6777636593749999 0.6805031046875001 0.6754619 0.684564440625 0.672430325 0.693763128125 0.6683314015625 0.7093083515624999 0.66529301875 0.7166533703125 0.6595578062499999 0.7174282171875 0.6550545296875 0.7203444234374999 0.6538247609375001 0.7278467640625 0.6537384421875 0.724762559375 0.64866436875 0.6942918875 0.6327179015625 0.6870025015625 0.6298567953124999 0.6730361921875 0.6216781359375 0.6630036640625 0.6186549171875 0.64484004375 0.6091688359375 0.61526165 0.5959235296875 0.6079936171875 0.59437231875
8 0.6611690015625 0.7823129203125 0.6417647234375 0.78478050625 0.6343663296875001 0.7872409734375 0.635474371875 0.791170046875 0.6404015734375 0.7972254609375 0.6458586390625001 0.7997601765625 0.677957646875 0.8475528718750001 0.6845733265625 0.85311606875 0.6886509515625 0.859090115625 0.693135946875 0.8620347562499999 0.6995066421875 0.8685805312499999 0.7050541734375 0.8686591109374999 0.710526975 0.8641530515625 0.7185855937500001 0.8541602062500001 0.72105959375 0.8498196625000001 0.7204842218749999 0.846545228125 0.7160070937499999 0.8400802 0.70282630625 0.8280532125000001 0.6945564328125 0.8130760171875 0.68751203125 0.8092323312499999 0.6855145171875 0.8067774343749999 0.6796309843749999 0.7940911671875 0.6716409265625 0.7842715765625 0.6611690015625 0.7823129203125
7 0.3685569265625 0.6483024625 0.36590705625000003 0.6498595515625001 0.3646208890625 0.655018084375 0.358053528125 0.660425359375 0.3637583828125 0.666152834375 0.386979565625 0.677682653125 0.4108373671875 0.692241259375 0.4384823 0.7069613609375 0.4454441046875 0.70974079375 0.4621136609375 0.71963710625 0.5105001609375 0.7418768953125 0.5190172750000001 0.7440004499999999 0.520820375 0.7465373328125 0.5272388328125001 0.7480071765625 0.520292765625 0.7381869671875 0.52365904375 0.736547584375 0.5289509140625 0.7369537921875 0.529981421875 0.7321228875 0.5228785828125 0.732700184375 0.513911396875 0.73098624375 0.4917825203125 0.7304262765625 0.4872576265625 0.7290371796875 0.4857607578125 0.7252720765625 0.47620471562500005 0.7154534140625 0.47239568125 0.6979356218749999 0.4589007953125 0.6906572468750001 0.443131384375 0.6799417046875 0.424333953125 0.6716021703124999 0.40608773749999993 0.6610518375 0.3883556453125 0.6540215828125 0.37038924687499997 0.648628853125 0.3685569265625 0.6483024625
7 0.747066753125 0.635961390625 0.7368077859375 0.6310553078125001 0.7311591125 0.6327779140625001 0.7153526140625 0.627793253125 0.7060179515625 0.627553178125 0.7002602718750001 0.6345973593750001 0.70231903125 0.6368066140625 0.71180034375 0.6420406328125 0.7173079796875 0.64367475625 0.7220593125 0.6469467140625 0.7273618578125001 0.6480078734375 0.73139678125 0.6513621265625 0.7371494015625 0.652013671875 0.7417169953125 0.6560225625 0.746508221875 0.6577389796875 0.7512595546874999 0.6610109390625001 0.7768535953125 0.670001396875 0.7806834296875 0.6727826875 0.7867849828125 0.6748258046875 0.79081990625 0.6781800578125 0.7970439500000001 0.6797318859375 0.8109063109375001 0.6855363953125 0.8217777390625001 0.68798603125 0.8265903171875 0.6910123453125 0.830151009375 0.6892909781250001 0.8379196875 0.6895319796875 0.8366385796875001 0.6869947875 0.8310882421875 0.6827408703125 0.8234100312500001 0.6800437328125 0.8191700187500001 0.676116515625 0.8137449796875 0.6755466453125 0.8149086546875 0.6708794 0.8032382218749999 0.6674478046875 0.794350825 0.6626227796874999 0.779732159375 0.6584561078125 0.7791461109375 0.654526725 0.781558865625 0.6504318234375 0.7801659437499999 0.6490408703125 0.780573315625 0.6460114609375001 0.7781869734375 0.6437205328125 0.7747886687500001 0.6433950703125 0.7688657937500001 0.6483107453125 0.7651505828125 0.64855855625 0.7628254875 0.6460219828125 0.765976 0.6431546859374999 0.7654326546875 0.6418450984375 0.7625855640625 0.6393088359375 0.756422765625 0.6375113609375 0.7527260984375 0.6348937328125001 0.747066753125 0.635961390625
7 0.9218018875 0.635694059375 0.9168696234375 0.637334371875 0.91168956875 0.6357819234375001 0.909100946875 0.63709336875 0.907937271875 0.6417606140625 0.9041821656250001 0.6435639671875 0.9001685937499999 0.6415196109375 0.8887644953124999 0.6384153343750001 0.8775255906250001 0.637439565625 0.8713391859374999 0.646203259375 0.8647690171875 0.64743519375 0.8625428093749999 0.6549684984375 0.8639171859375001 0.6592248921875 0.86062283125 0.6612735796875 0.8555978468750001 0.677241090625 0.8617926718750001 0.6810034093749999 0.8722539203125 0.68230711875 0.8786375453125 0.677636778125 0.88463515 0.6773057453125 0.8929842609374999 0.67312545625 0.896832640625 0.6730413046875 0.914207378125 0.6661539750000001 0.91740059375 0.6659064734375 0.9253608765625 0.6618901546875 0.9333531890625 0.65983868125 0.937547690625 0.656970765625 0.9450792546875 0.6546739578125 0.9517398890625 0.6509858875 0.9567440734374999 0.649754878125 0.963588446875 0.6453298734375 0.9671704890624999 0.6449184015625 0.9805255125000001 0.6395001859375 0.9836044625 0.6271511890625 0.98025970625 0.6273087234375 0.9658730953125 0.6333755875 0.9599979828125 0.63321533125 0.9502773 0.6373145640625 0.932548015625 0.634459646875 0.9218018875 0.635694059375
7 0.5736358203125 0.5361016828125 0.566943159375 0.53782490625 0.556215575 0.536193878125 0.5339428546875 0.534815303125 0.516687803125 0.5370360062499999 0.5070070140625 0.539579696875 0.4831177390625 0.5391026437499999 0.47899515781249996 0.5423798625 0.48856974375 0.5493330859375 0.5074683156249999 0.555871434375 0.5119533125 0.558816071875 0.5202653374999999 0.5603666625 0.554621475 0.5704980984375 0.5778612015625 0.5791624765625001 0.5835340312499999 0.5829251046875 0.59972935625 0.5877457984375 0.6037642796875 0.5911000515625 0.6090668265625 0.5921612109375001 0.612896659375 0.5949424984375 0.621230034375 0.5978029874999999 0.6532560171874999 0.6130935765625 0.660073978125 0.6150544 0.6627451984375 0.614807209375 0.6638290828125 0.613251046875 0.6623535640625 0.610795840625 0.6493778671875 0.5993418171875 0.6421974921875 0.5911591359374999 0.6412945375 0.587803025 0.6412119406250001 0.586738771875 0.6495183515625 0.5799386875 0.6558834296875 0.5781337875 0.6551535390625001 0.5733857953125 0.6462048968749999 0.568806415625 0.6306034875 0.56439471875 0.608956159375 0.5493435828125001 0.59845220625 0.5454200796875 0.5841077453125 0.5380603374999999 0.5736358203125 0.5361016828125
7 0.4023805703125 0.353552596875 0.39288352031249996 0.355359353125 0.38460633125 0.359948946875 0.380124140625 0.36117964375 0.375029490625 0.3648667875 0.37331179531249997 0.3675694953125 0.37705116250000004 0.3728069203125 0.391654090625 0.38401436875 0.3945944546875 0.388269834375 0.3954575125 0.39318148750000004 0.3915321515625 0.400552059375 0.3910022890625 0.40407275625 0.39561539218749997 0.4148767828125 0.3993120578125 0.41749441093749995 0.4153579265625 0.41314582031249997 0.42750203906250006 0.40560663750000003 0.43945454531249994 0.402324775 0.4425011109375 0.397083328125 0.44521728749999995 0.38758486875 0.44609327656250003 0.38128040625000004 0.44451380937499996 0.37645104687500003 0.4332771578125 0.3636042140625 0.4287921609375 0.3606595765625 0.410743165625 0.35420259375 0.4023805703125 0.353552596875
8 0.6482356296875 0.453205628125 0.6437028703125 0.45533692031250006 0.6463931890625 0.468270690625 0.651187221875 0.47416244374999994 0.65092369375 0.4780104609375 0.6391846984375 0.49439130000000003 0.630755796875 0.501682671875 0.6319464375 0.506676 0.6363943453124999 0.51535151875 0.6363971515625 0.51952685625 0.6247351390625 0.528621271875 0.6183914109375 0.5317360703125 0.6164287296875 0.53542135625 0.620945753125 0.540330840625 0.6257583296875 0.54335715625 0.630613609375 0.549003265625 0.635793665625 0.5505557125 0.639426278125 0.54924365 0.6423717015625 0.5458033890625 0.6490323375 0.5421153171875 0.6572218703125 0.544157196875 0.6627160234375 0.5409610328125 0.6692749640625 0.523027746875 0.6742044203125 0.5172120984374999 0.6803318328125 0.4968229875 0.69218770625 0.47160018593749997 0.6543877546875 0.45434815312500004 0.6482356296875 0.453205628125
16 0.26879869375 0.45670535624999997 0.2648278234375 0.45728079531250004 0.25440140625 0.46211727187499996 0.2453785875 0.46899965000000005 0.24366089062500002 0.4717023578125 0.24366369843750002 0.4758776953125 0.25047659843750003 0.4855342453125 0.25477785625 0.48921581718749996 0.2719188375 0.500012415625 0.29020214218749996 0.50483186875 0.3223236515625 0.5099705984375 0.3297568796875 0.5136503140625 0.3358398875 0.5185588703125 0.343784434375 0.521583328125 0.35576109843750003 0.5237867015625 0.35789965 0.5228848703125 0.35941225625 0.5196091984375 0.347736209375 0.507826928125 0.34769350625 0.5052071328125 0.35090526718750004 0.5020941921875 0.348936971875 0.49742880312500004 0.340608659375 0.48687258906249997 0.33362550468749996 0.482783259375 0.3260034765625 0.487536203125 0.31775550625000004 0.4899153046875 0.30954236874999996 0.49843459218749997 0.302111946875 0.4989302140625 0.29435113749999997 0.495168821875 0.290366784375 0.49091397499999995 0.2886648265625 0.48657590624999997 0.2860087890625 0.46373592031250005 0.2799257796875 0.4588273640625 0.26879869375 0.45670535624999997
16 0.2957096015625 0.81069265625 0.28533094999999997 0.8104532000000001 0.27392685 0.8073489234375 0.2638757796875 0.8071911437500001 0.25208285468749997 0.8042508375 0.2485620578125 0.8044166640625001 0.237981121875 0.8077795828125 0.22443060468749998 0.809097525 0.2036733 0.8086186156249999 0.19284176718749999 0.8046134359374999 0.186809328125 0.7988042859375 0.18431904062499999 0.79413920625 0.1732666796875 0.7966018421875 0.1426504625 0.8077542296875 0.13139301406249998 0.8096439 0.1195203 0.809814678125 0.11432170156250002 0.8111276703125 0.07540975 0.829735090625 0.07148158125000001 0.8329303265625001 0.0733672796875 0.8365314625 0.078744553125 0.8421772609374999 0.0929586546875 0.8535486796875 0.12548021874999998 0.8752247875 0.13983535625000001 0.8832394796875 0.152222196875 0.8865887796875 0.16423875625 0.8872366109375 0.18260465937499998 0.8931203203125 0.200927859375 0.8963842312500001 0.211857725 0.8944128875 0.22184474375000002 0.8906409734375 0.23834349375000002 0.89005810625 0.2449535578125 0.887270628125 0.2758602671875 0.8819307937499999 0.28520279843749996 0.87865048125 0.2897248828125 0.8758642390625001 0.3049661328125 0.8621830156250001 0.311882428125 0.858167315625 0.3274299046875 0.8432578671875 0.32609542343750003 0.8374459312500001 0.32029729375 0.8299992546875 0.3191280046875 0.826315825 0.3149492390625 0.8221429640625001 0.3138411953125 0.8182138906249999 0.3106558484375 0.8149410015624999 0.306714196875 0.8133059515625 0.2957096015625 0.81069265625
16 0.26730390000000004 0.74529585 0.2629043078125 0.7475908015625 0.25893624531250004 0.7523415796874999 0.25513056875 0.7550455265625 0.2494206515625 0.7570137765625 0.23491435468750002 0.767747265625 0.18629239687500002 0.7911088687500001 0.1853338109375 0.7963490796875 0.192186603125 0.8044500859375001 0.20295689062500002 0.8087009093749999 0.22443060468749998 0.809097525 0.23732595937499998 0.8076162328125 0.24323029062499998 0.805565996875 0.2435365203125 0.8043377734374999 0.2392139125 0.799346303125 0.23902736562500002 0.7959078984375 0.2491368765625 0.7916446968749999 0.25157098125 0.7888596953125 0.263920184375 0.7818934750000001 0.26926543281250004 0.7855744296875 0.2756411875 0.7844244781249999 0.2744426796875 0.7829515390624999 0.26997903437500004 0.7813167984375 0.264759084375 0.7813198921875 0.2652170265625 0.7773898906250001 0.2775077875 0.774844653125 0.2798969375 0.7813109171875 0.2819343453125 0.7822102734375 0.287194190625 0.7806516375 0.293396884375 0.7808935671875 0.2964142296875 0.7778626109375 0.304222803125 0.776548071875 0.30609501875 0.7753189203125 0.31155714375 0.7701579109375001 0.31335463125 0.76434411875 0.308898853125 0.7591889875 0.298599990625 0.7558384484375 0.2952764140625 0.760097628125 0.2849219203125 0.76534340625 0.2824265703125 0.7683740546875 0.2785169453125 0.7687038484375 0.277054909375 0.771078928125 0.27359535625000003 0.770999109375 0.2674938046875 0.76895599375 0.26600761093749997 0.7658458375 0.2701537984375 0.7520074515624999 0.269327828125 0.7413649203125 0.26730390000000004 0.74529585
16 0 0.8490358640625001 0.010829581250000001 0.8508138109375001 0.01578319375 0.8504833984375001 0.021290829687500002 0.8521175203125001 0.026806334375 0.850231253125 0.0300180921875 0.8471183124999999 0.0340502109375 0.846297228125 0.046694967187500006 0.8374478375000001 0.070405565625 0.8309660984375 0.07874400000000001 0.826130859375 0.11468917812499999 0.809653803125 0.1400084609375 0.80579093125 0.1465359296875 0.8019391984375 0.16213172343749999 0.7980002234375 0.16542608125 0.795951534375 0.170113359375 0.7952937999999999 0.18048920625 0.79135791875 0.2059146921875 0.777998134375 0.2231669375 0.77160209375 0.2292842265625 0.766604434375 0.23628311875 0.7636529859375 0.24154015625 0.7579190109375 0.25001175937500003 0.7532474328125 0.2536707859375 0.7455495421875 0.2604859390625 0.743335028125 0.26401685937499997 0.72777775 0.2629700625 0.7236030312499999 0.26394719218749996 0.71549738125 0.2655822921875 0.7117304203125 0.26008533125 0.710751246875 0.2567774921875 0.7079696484375 0.249501590625 0.7099388265625 0.24401530624999998 0.709614603125 0.23887514687500003 0.7065066125 0.2360201875 0.7074907390625 0.2349790046875 0.71166669375 0.2390538234375 0.7134654046875 0.23730410000000002 0.7142032671874999 0.23237970625 0.712323190625 0.22892576875 0.720594046875 0.22444638593750002 0.7260000828125001 0.22406036562499998 0.7303393890625001 0.2165074515625 0.7313263 0.21069639375000002 0.7350957375 0.20879495937499998 0.7385353796875 0.2070452359375 0.739273240625 0.1994097265625 0.7391958984375 0.194085828125 0.7368248421875 0.18812812031249998 0.7356003328125 0.186181175 0.7322448421875001 0.1783591203125 0.728729096875 0.17478775156249998 0.729795515625 0.1700847375 0.7374940265625 0.16124565625 0.7436394703125 0.15227060312500001 0.74544591875 0.1369169828125 0.7442269796875001 0.126290540625 0.740794765625 0.11218038906250001 0.731797496875 0.1066727515625 0.730163375 0.0979662875 0.7204260796875 0.091987228125 0.7178916734375 0.08496137031249999 0.7111825484375001 0.078614834375 0.7101220078125 0.075378915625 0.7077497140625 0.06434229375 0.7031715703125 0.0588532015625 0.6986720078124999 0.0440294484375 0.693932371875 0.033096775 0.69172838125 0.0025946281250000002 0.68986346875 0 0.6902471984375 0 0.8490358640625001
8 0.108441328125 0.1941634125 0.1073282234375 0.19793006562499998 0.116056040625 0.20897725937499997 0.12089838906249999 0.225839484375 0.12352184687500001 0.23066822343750001 0.1275039453125 0.24679413125 0.1347405046875 0.2624268953125 0.14132471093750001 0.282071646875 0.14584173281249999 0.2869811328125 0.1495541375 0.282557984375 0.1505953203125 0.2783820265625 0.159897403125 0.2606108546875 0.1611835703125 0.2554523203125 0.1582724265625 0.2489863640625 0.1487456046875 0.2369572125 0.1420844171875 0.22459888281249998 0.1314843859375 0.21478084062499997 0.12191486250000001 0.2001318921875 0.1141433765625 0.1957155515625 0.108441328125 0.1941634125
8 0.41326961406249996 0.016817328125 0.39750862656249997 0.0186278 0.38827791093749997 0.0207618765625 0.38193418125 0.023876673437500003 0.3754359328125 0.025517915625 0.358564646875 0.035270375 0.34491018125 0.0342141671875 0.34291828125 0.04010994375 0.3454434046875 0.050915207812499995 0.35456791718749997 0.058278042187500004 0.3584376453125 0.059503790625 0.379890009375 0.058590509375 0.3906973828125 0.057110453125 0.4008922984375 0.058086840625000004 0.418885109375 0.057093740625 0.43450225624999994 0.0544646609375 0.44559731718749995 0.054621821875 0.450468334375 0.0532271546875 0.4524017953125 0.051752359375 0.453442978125 0.047576404687500004 0.44694417656249996 0.0331712421875 0.44595581875 0.0245755421875 0.44295421093750004 0.0205657234375 0.43940138749999996 0.018766701562499998 0.41326961406249996 0.016817328125
8 0.54565165625 0 0.5505379921875 0.007730315625 0.56284785 0.0183660390625 0.5680947656249999 0.028023515625000002 0.5743615125 0.032195140625 0.5850149203125 0.045287928125 0.5908315921875 0.049869165625 0.595335134375 0.0499483640625 0.6135088765625001 0.044042993749999995 0.63229508125 0.035681178125000004 0.6530574484375 0.0284643625 0.65540895625 0.024615106249999998 0.655408165625 0.0234407921875 0.5613922796875 0 0.54565165625 0
7 1 0.1851977828125 0.9755384109374999 0.18153268125 0.9613911703125 0.1782662921875 0.9557981296875001 0.1713925796875 0.9471956140625 0.1640294328125 0.9312531406250001 0.1547057734375 0.930533925 0.15061273125000002 0.9355858734375 0.1443057921875 0.9327146234375 0.1362842953125 0.9271935062500001 0.1298198859375 0.923036090625 0.12695692187500002 0.90218270625 0.1205834734375 0.8810230921875 0.11543824531249999 0.87422648125 0.11478732031250001 0.8552110296875 0.1170909359375 0.83244834375 0.1176775171875 0.7979781328125 0.12056338124999999 0.7888406906250001 0.12441666093749999 0.7904814046874999 0.12900037343749998 0.7901566296875 0.1330940359375 0.79294528125 0.1400512796875 0.798865903125 0.14700666874999999 0.8001790359375001 0.15150870624999999 0.8057186968750001 0.155107675 0.8085792703125 0.162474225 0.8154292578125 0.1663998953125 0.81817520625 0.17073734375 0.82405031875 0.1708976 0.82680694375 0.17589 0.8264636234375 0.18284910000000001 0.8243812578125 0.1912010140625 0.8205171437500001 0.1983259421875 0.7961485765625 0.20046899218749997 0.778195659375 0.19990655 0.765231190625 0.20515387812500002 0.7641900078125 0.209329834375 0.7671303703125 0.2135853 0.77458495 0.21857491406250001 0.7845191421875 0.22757465781250003 0.7920349671875 0.232318625 0.7940431578125 0.235428471875 0.8151977125000001 0.24826942500000002 0.8522969921874999 0.258562975 0.8800559953124999 0.2602657734375 0.8984988812499999 0.2588630609375 0.9506371281250001 0.259077759375 0.9577186171875001 0.25719056406249996 0.9721108421875 0.25947437500000003 0.989672125 0.2560254484375 1 0.2578425703125 1 0.1851977828125
16 0.10935718750000001 0 0.0657893625 0.1747409984375 0.0666384796875 0.175521975 0.06548348125 0.17596782500000002 0.0645424984375 0.1797418984375 0.0683511140625 0.1805149921875 0.0729557953125 0.17879300625 0.08558762187499999 0.1811597296875 0.09504477812499999 0.1809085140625 0.106060046875 0.184176759375 0.119432440625 0.19194642343749999 0.1260453125 0.1933342828125 0.1315821671875 0.1927579140625 0.1373932265625 0.188988478125 0.1392946609375 0.1855488359375 0.1452495625 0.1825980078125 0.142026575 0.16900959843750002 0.134300046875 0.155341990625 0.13927220468749998 0.1521461375 0.141562465625 0.1485425265625 0.1389362015625 0.13953844843750002 0.1408848484375 0.11497647656250001 0.1564480640625 0.093026253125 0.168786590625 0.085405084375 0.1622029375 0.081806734375 0.1528092828125 0.0699412421875 0.15010322812500002 0.06404825 0.15392745000000002 0.058478864062500004 0.1583377171875 0.0568388609375 0.1651051078125 0.05970027812499999 0.16052458281249998 0.0669075 0.1691804796875 0.0775453890625 0.1807284203125 0.0814682734375 0.18247814375 0.0807304125 0.178810696875 0.0759022921875 0.18321815624999999 0.0700869515625 0.1849122484375 0.077945409375 0.191128425 0.0830176265625 0.208588565625 0.0813698875 0.22092989843750002 0.07792405625 0.229159325 0.07841039375 0.23468550625 0.0771790765625 0.23731402343750002 0.07431209062500001 0.244640496875 0.0714423171875 0.24666161562500002 0.0633360484375 0.2417023890625 0.055315789062499995 0.24122815625 0.0502401671875 0.2426154640625 0.0432804453125 0.241179840625 0.0392696984375 0.21683994062499998 0.0231558578125 0.20909767499999998 0.016529028125 0.198100946875 0.010395340625 0.173283865625 0 0.10935718750000001 0
16 0.9144658453125001 0.6700016828125 0.8943771828125 0.674516409375 0.8676599156249999 0.684684053125 0.8709385359375 0.6896761421875001 0.87165775 0.6937691859374999 0.8644430953125 0.695492721875 0.8473875171874999 0.6899357125 0.831709125 0.6928104375 0.8249737625 0.6919138671875 0.8166190359375 0.68774348125 0.7809098703124999 0.6746655484375 0.7765473640625 0.6712296203125 0.7709784843749999 0.6698411421875 0.75164838125 0.66084696875 0.7412882734374999 0.6577420734375 0.7363453343749999 0.6587274390625 0.733360015625 0.663723240625 0.7427935640625 0.6740331921875 0.7516624171874999 0.68172365625 0.76380708125 0.6902308734375 0.78612811875 0.7025799171875 0.7895691234375 0.7055251765625 0.795404340625 0.7072409734375 0.814161878125 0.7171360499999999 0.8283973296875 0.729817365625 0.8357535734375 0.7407835046875 0.85031099375 0.74519581875 0.883617528125 0.7469772015625 0.9151822078125 0.7459760546875 0.9292625875 0.7411374140625 0.9352601921874999 0.7408063796875 0.9418489062500001 0.736709003125 0.9542009140625 0.733918121875 0.9574340250000001 0.7321150796875 0.967662115625 0.69109245 0.9642503281250001 0.6859367 0.9602367562499999 0.6838923453125 0.9448218921875 0.68291905 0.9225463656249999 0.6773651375 0.915829546875 0.673603128125 0.9144658453125001 0.6700016828125
16 1 0.4741546203125 0.99016646875 0.4584881625 0.9783145515625 0.44392243750000004 0.9655360749999999 0.43656176718750006 0.9456148640625001 0.4313339375 0.936154903125 0.427409815625 0.9337578859375 0.4244639375 0.9256908453125 0.4219307703125 0.923408453125 0.4220139921875 0.9290413859375001 0.4273321640625 0.9241411515625 0.430937321875 0.9117514999999999 0.42341268281250005 0.9013458828124999 0.4135126546875 0.8955932625 0.4128611109375 0.8860507046875 0.40787273593749995 0.8823405546875 0.4004248203125 0.8693811468750001 0.39797642187500004 0.8635352546874999 0.3956056734375 0.8505039249999999 0.39274797031249997 0.840719190625 0.3929175109375 0.8352862828125 0.3958680296875 0.8189825000000001 0.4124153125 0.8180053703124999 0.42052096250000004 0.82034395 0.4278878203125 0.8317457921875 0.442863159375 0.8375012203125 0.4476900421875 0.842620028125 0.449488134375 0.8475123953124999 0.44940336406250003 0.8510118406249999 0.447927640625 0.8594250062500001 0.44767704531249997 0.8680696734375 0.44161358437500003 0.8715876640625 0.4372724203125 0.8737262125 0.436370590625 0.878762425 0.43710442812499994 0.881108871875 0.4409509 0.881567365625 0.453067296875 0.8862495828125001 0.4601052890625 0.8932540890625 0.465504515625 0.9095398796874999 0.46786907343750006 0.9112873484374999 0.47900227500000003 0.9174799171875 0.4946356578125 0.9200876390625 0.5065051734375 0.9240028765625 0.514526053125 0.9319423640625001 0.5252462359375001 0.9421001890625 0.5319535046875 0.9609987625 0.5384918515625 0.9744295953125001 0.541840534375 0.9916447515625 0.541175371875 1 0.5393901359375 1 0.4741546203125
7 0.8660137203125 0.44357966875 0.8599470015625 0.447676734375 0.8507269624999999 0.4504657609375 0.842763871875 0.45030674218750005 0.8370511468749999 0.44809965625 0.831002971875 0.4493312828125 0.8281187937500001 0.45252590000000004 0.831733415625 0.47012567499999997 0.838730053125 0.47904529062499995 0.8505257859375 0.48616093437499996 0.8908025453124999 0.5032477609375 0.8997910828125001 0.5062715984375 0.910396175 0.5083939156249999 0.9152699999999999 0.5111745859375 0.9180210093750001 0.507816309375 0.917853009375 0.5015124656250001 0.911535140625 0.482195034375 0.9086161265625 0.479249465625 0.9018380609375001 0.4757331015625 0.8956724578124999 0.46976029218750004 0.88668391875 0.46673645312499995 0.8831496390625 0.46207199218749995 0.8795619828125 0.4541327875 0.8713881875 0.4450501328125 0.8660137203125 0.44357966875
7 0.8421850953125001 0.5028672359375 0.8311029640625 0.4914939609375 0.8136366562499999 0.46874462499999997 0.8098439093750001 0.46023245625 0.8087544093749999 0.4534379421875 0.7946701171874999 0.4220084453125 0.788917496875 0.42135690156249994 0.7807150359375 0.4305311359375 0.775524859375 0.44437014062499997 0.7762283375 0.4555039609375 0.7808414390625 0.4663079859375 0.7908368796875 0.475062084375 0.8002440171874999 0.4917578640625 0.8071074859375 0.50051381875 0.8163707796875 0.5163909906249999 0.82385513125 0.5352165125 0.8374382265625 0.551909815625 0.8464964328125 0.567214021875 0.8518742609375 0.5889062234375 0.8500638437499999 0.6059361296875 0.8540004328125 0.61526690625 0.867287975 0.63384338125 0.8837069328125 0.6363715984375 0.895129575 0.636610434375 0.9061206890625 0.6343934453125 0.9213703578124999 0.6332382328125 0.9485140937500001 0.633222140625 0.9650527390624999 0.6310837312500001 0.98428943125 0.6244039328125 0.9935676046875 0.5871912109374999 0.976971559375 0.577697821875 0.94177090625 0.55978929375 0.9187121125000001 0.54621264375 0.8929315250000001 0.53378378125 0.8811756875000001 0.5251125953125 0.8421850953125001 0.5028672359375