16 0.7015153046875 0.8867711078125 0.7117965171875 0.8835097046874999 0.715259040625 0.87908650625 0.7213371265624999 0.8757700328125001 0.7257737468750001 0.8715128046875 0.7298000046875 0.8670203890625 0.7322884281250001 0.8624312171874999 0.7385696187499999 0.8576619296875 0.7400342078125 0.854055196875 0.7431554515625 0.8499594765625 0.7469626953125 0.8413531078125001 0.7477599203125 0.8369715921875001 0.7505896234375 0.8320549406250001 0.7557874984375 0.809141846875 0.7566178359375 0.791048646875 0.75579151875 0.773444434375 0.7524836578125 0.7527180125 0.748332990625 0.740662334375 0.7456856125 0.728422078125 0.7425822859375 0.7202358578125 0.73936429375 0.7157761953125 0.7364336859375 0.7089966453125001 0.726863984375 0.6947505890625 0.7115263765625001 0.6793565015625 0.691230553125 0.6678553234375 0.6793341078124999 0.6641756671875 0.66501416875 0.6625070296875 0.6511281015625 0.6659254781249999 0.63591561875 0.6740759921875 0.6259494515624999 0.68301021875 0.6136910828125 0.7027921796875 0.6093546484375 0.7117490984375 0.60430183125 0.7280761515624999 0.600890475 0.7453439578125 0.600390378125 0.7676802406250001 0.6013272078125 0.778417075 0.6043435265625 0.798322565625 0.607109728125 0.8099770843749999 0.6109688546875 0.8212118328125 0.6143595656249999 0.8270781625 0.6174283484374999 0.8349830484374999 0.631876853125 0.8563405984375001 0.6430569125 0.8673903875000001 0.65429430625 0.8765768984375001 0.6768257140625 0.886090128125 0.6847221343750001 0.8882618984375 0.6899760453125 0.8883307390624999 0.7015153046875 0.8867711078125
16 0.059129878125 0.8342814609375001 0.06776963124999999 0.830079303125 0.0938532921875 0.8125978640625 0.107335875 0.8012328500000001 0.11776630156250001 0.7945262234375 0.12573453437499998 0.7864084625000001 0.133741465625 0.78171285625 0.1424958875 0.773784140625 0.14555220156249998 0.7722665703125 0.14802543125 0.7691071421875 0.15111628906250002 0.7678709078125 0.1644800484375 0.7570916328124999 0.17733396875000002 0.7483739859375 0.1868206828125 0.738641903125 0.19282968125 0.7347627625 0.19774160000000002 0.728162571875 0.20473989062500003 0.7230196609374999 0.21874750625 0.708163275 0.22158480625000002 0.7025317546875 0.221284953125 0.6954291875 0.2117966734375 0.6523300234375 0.20380207499999997 0.62760985625 0.19782275 0.621633003125 0.19070836093750002 0.6165094578125 0.17191855312499998 0.5939715015625 0.1673009015625 0.5905404234375 0.1604863640625 0.59251944375 0.1503889046875 0.5926169546875 0.1468724890625 0.59504774375 0.141798890625 0.5956707031249999 0.1327487734375 0.599637671875 0.12624512968749999 0.6041486984375 0.122372240625 0.6083367078124999 0.1018526671875 0.621422484375 0.0818318953125 0.6370171921875001 0.0183862203125 0.680325059375 0.03650958125 0.8279279875000001 0.037964301562500004 0.8304548203125 0.040856209375 0.83381221875 0.03973705625 0.8402322906249999 0.0437218875 0.8431699187499999 0.0480859828125 0.8422057125 0.059129878125 0.8342814609375001
7 0.41249237812499995 0.7683335484375 0.4236399046875 0.761253296875 0.42836391406249996 0.7546761796875 0.43530759531249996 0.7405443484374999 0.43957838125000004 0.727169071875 0.44121841406250006 0.714116809375 0.44031197187500004 0.700520490625 0.4375955046875 0.6877175640625001 0.4329349984375 0.677723515625 0.42887692343749995 0.6710824015625 0.42334179218749995 0.6586255624999999 0.41698664531249996 0.65269485625 0.401347171875 0.648046909375 0.3928220890625 0.6485225078125 0.3844462171875 0.6455528796875 0.378048928125 0.6400557109375 0.3663210453125 0.6346419062499999 0.35663395000000003 0.6349746046875 0.3502643265625 0.63747015 0.348339634375 0.6419901015625 0.3450878109375 0.6442456140624999 0.3442905859375 0.6486271328125001 0.34006538124999997 0.6577131828125 0.3368681671875 0.6689576140625 0.33731866250000003 0.686607971875 0.3403612140625 0.7005131609374999 0.348803446875 0.714897653125 0.35578381718749996 0.72203668125 0.3616560703125 0.731025221875 0.3647089453125 0.7333633421875 0.3753867609375 0.7457598875 0.38444175 0.7519302453125001 0.3874069015625 0.7589911296875 0.3929454734375 0.767592278125 0.3958525765625 0.7695199328125 0.4013634875 0.7701283671875 0.41249237812499995 0.7683335484375
14 0.254091003125 0.5998742140625 0.2661089984375 0.5921159312500001 0.2762091828125 0.581166221875 0.28399294531249997 0.5692158453125 0.287918296875 0.553027228125 0.2883355453125 0.5455510390625 0.28767921875 0.54020569375 0.284245653125 0.5277763921874999 0.2626370421875 0.46674629375 0.2606376765625 0.45356974375 0.257672525 0.4465088578125 0.2523757578125 0.43987704843750003 0.2470064625 0.4365382609375 0.2391100421875 0.434366490625 0.232019159375 0.4340948390625 0.21710925468750003 0.43849572343750004 0.204508178125 0.44461214687500006 0.19482939531250001 0.45122648437499996 0.1851741203125 0.462692715625 0.1802394109375 0.47143751875 0.176359640625 0.483336909375 0.17591200625 0.49367258437499995 0.1788398875 0.5113043312500001 0.18440540625 0.520901684375 0.1866686515625 0.52690645 0.1890438390625 0.5400368546875 0.1999165828125 0.5835371796875 0.2057390984375 0.593674128125 0.21240098281250003 0.598996021875 0.22436651406250002 0.603238346875 0.23442942968749997 0.6028595 0.2429697078125 0.6009541609375 0.24938562968750003 0.6011658984375 0.254091003125 0.5998742140625
10 0.3777238703125 0.536431771875 0.38338743124999997 0.529739290625 0.3869383921875 0.5275898359375 0.40644789374999996 0.500063740625 0.408652371875 0.49393876875 0.411209884375 0.48991226718750003 0.41408516874999995 0.480706390625 0.414586696875 0.4723631265625 0.4086108140625 0.46253058437499994 0.4023247515625 0.4571625453125 0.399030075 0.45285508906249994 0.39716200156250003 0.4485152515625 0.39373330625 0.446223278125 0.3901125453125 0.4408135578125 0.3828751765625 0.43313493437500006 0.37693383593749996 0.423583725 0.3732902828125 0.42031861875 0.3677247640625 0.41072126718749996 0.33951862187500004 0.3736328453125 0.3349465515625 0.3659125390625 0.330635634375 0.3618726484375 0.32861419375 0.3578372203125 0.32516615 0.35383416875 0.31205308593750003 0.3410226953125 0.299138971875 0.32361758749999997 0.29317139999999997 0.320066684375 0.288765165625 0.321464428125 0.284719559375 0.32424576875 0.277418690625 0.3331383125 0.26977725625 0.3493548421875 0.2667527609375 0.3620059453125 0.26775036406249997 0.36702381093750003 0.270937971875 0.37434295624999997 0.27679503125 0.3847612375 0.27924203125 0.3876021125 0.28732779218750004 0.403743828125 0.2962301296875 0.41721510000000006 0.3017804546875 0.42824219531249996 0.3085618765625 0.4399748578125 0.31359404999999996 0.44678194375 0.3232024484375 0.46445015312500004 0.326247725 0.46750314375 0.331487159375 0.4759982328125 0.3402941765625 0.4949071421875 0.348924321875 0.5092685609375 0.3555482203125 0.5181648109375 0.3592995578125 0.5254147390624999 0.360964528125 0.5312073890625 0.3669480078125 0.540325059375 0.3705798078125 0.5411642203125 0.3777238703125 0.536431771875
10 0.5617043828125 0.6289286703125 0.569009409375 0.6231769453125 0.5764636453125 0.6139799953125 0.58115655 0.6032658546875 0.588129903125 0.57927803125 0.5892255515625 0.5680060625000001 0.5878673203125 0.5616046015625 0.5865823296875 0.558906625 0.5804876218749999 0.549659821875 0.5617137203125 0.53268863125 0.541439971875 0.5120463328125 0.5379345921875001 0.5099065609375 0.5333127859375 0.5033346625 0.523801134375 0.49422183437499995 0.5195054125 0.48875219999999997 0.49949281718750005 0.47179031406250005 0.48843917968749995 0.45943991406249995 0.4704590640625 0.441942896875 0.46568804375 0.4388162234375 0.4521998734375 0.43304740468749997 0.4346509046875 0.43148966718750004 0.4313334359375 0.42932682343749995 0.42510470937499995 0.4220955046875 0.42070951250000005 0.4189226875 0.41590810625 0.41865549843750005 0.410616209375 0.42216101562499997 0.405953690625 0.4300156734375 0.40312814531249996 0.43807314062499997 0.4029720515625 0.44922974531250004 0.4060905703125 0.45598622187500004 0.41521120468749995 0.46657493906249997 0.4174551 0.470868628125 0.42136955 0.49808880312500003 0.423717075 0.5032264953125 0.4312383875 0.5124409203125 0.436573140625 0.5154983734374999 0.44085366875 0.5223977484375 0.4487584 0.5308511578124999 0.4568662375 0.53785175 0.464379953125 0.5477810437499999 0.470366875 0.553043025 0.49541579843749994 0.579952815625 0.500666271875 0.58387734375 0.5139789984375 0.5990916921875 0.5220868359375 0.6060922843750001 0.5375398265625 0.624756321875 0.54244901875 0.6290083296875 0.5479716828125001 0.6320427109375 0.5524739515625 0.6322038390625 0.5617043828125 0.6289286703125
14 0.5684339609375 0.43362557031250004 0.5697990765625 0.43231565468750005 0.5758384609375 0.4255770296875 0.57817351875 0.4212922640625 0.5806661 0.4198439140625 0.5845887249999999 0.41450749374999996 0.58947025625 0.41076678906249997 0.5983738890625 0.399392846875 0.6080830578125 0.3899190265625 0.6116644046874999 0.3849100859375 0.6149929125 0.3825023703125 0.6248015546875 0.3707317328125 0.62797669375 0.368628421875 0.6316768640625 0.3630337421875 0.6363207484375 0.3604645171875 0.639679640625 0.3551973171875 0.6489287078125 0.3466367140625 0.6524755125 0.341346440625 0.6636036875 0.3325551140625 0.680072784375 0.312113353125 0.680919746875 0.306583428125 0.678732471875 0.29342995 0.6733465515625 0.2775278875 0.6666148671875 0.2646468171875 0.6631509125 0.255077 0.660308740625 0.2505711953125 0.6577884984375 0.2440268328125 0.6505048328124999 0.2336409296875 0.6461289859375 0.23217918750000002 0.6350698968749999 0.24153318281249997 0.630015646875 0.24386721875 0.6266028609375 0.247142009375 0.6225724484375 0.24849360781250002 0.612621475 0.25599809218749997 0.6109689765625 0.259627896875 0.606543390625 0.2593145640625 0.5987589140625 0.264268434375 0.596097771875 0.267450934375 0.5890455875 0.2706014359375 0.5599636609374999 0.294733671875 0.551373646875 0.29778742187499996 0.5430599796875 0.303091840625 0.537104875 0.3089633921875 0.5234495734375 0.3189217375 0.519227809375 0.32415209843750004 0.5185646015625001 0.32651813281250003 0.5187110875000001 0.33392510625 0.5234227609375 0.3567637625 0.5352032453125 0.38901519218749997 0.5432240734375 0.4077350578125 0.5487550484375 0.4170510765625 0.5579565234375 0.43062840781249995 0.563624959375 0.43407325312499995 0.5684339609375 0.43362557031250004
14 0.7505960046875 0.48179599375000004 0.76584303125 0.4739268140625 0.7735501109375 0.46212864062500003 0.7756164171875 0.4548783328125 0.776727259375 0.4421766234375 0.775898215625 0.4354246078125 0.7592797734375 0.4204733625 0.7456838171875 0.41071972343749996 0.737005365625 0.411499728125 0.7306467765625 0.4094247109375 0.7134611609375 0.3983983734375 0.703749846875 0.3868826703125 0.701417515625 0.3803152359375 0.6955259109374999 0.3696156203125 0.6928834046875 0.3675126890625 0.68621334375 0.3947473890625 0.684845503125 0.40690950312499996 0.682583690625 0.414897753125 0.6826265453125 0.4214607234375 0.6846756468749999 0.43348886562500005 0.690245321875 0.44622703750000003 0.69625575 0.4563409125 0.7052306140625 0.46651916406250005 0.71409009375 0.47342746562500004 0.7229302265625 0.4786246921875 0.73677486875 0.482636290625 0.7422512359375 0.482963390625 0.7505960046875 0.48179599375000004
14 0.71603185625 0.410790834375 0.715184178125 0.40932425156249996 0.71434065625 0.4109984875 0.715230475 0.4120315328125 0.71603185625 0.410790834375
3 0.870473646875 0.48563926874999996 0.8775410234375001 0.481059025 0.8816398078125 0.4732735859375 0.886405240625 0.4592664234375 0.8901896921875 0.45280466875 0.89246254375 0.44024585624999996 0.89335093125 0.4272858859375 0.892403065625 0.42111961249999996 0.8871249328124999 0.4092023703125 0.875856434375 0.3958788375 0.87168369375 0.39296428125 0.8590880656250001 0.377376309375 0.8505201265625001 0.3712889359375 0.8400343781249999 0.3620101359375 0.827827040625 0.355798475 0.8209351078125 0.350933190625 0.8068832031250001 0.3452335890625 0.7906025999999999 0.3338105546875 0.7781921578125 0.32905170625 0.7697168109375 0.328378896875 0.7621271265625 0.32559831250000004 0.756163709375 0.3251882265625 0.7497940828125 0.327683771875 0.7422320609375 0.33289589999999997 0.72384788125 0.3392940375 0.7246769234375 0.3460460515625 0.7230741609375 0.3485274484375 0.7230023484375 0.3588169796875 0.7288939531249999 0.36951659375 0.733513034375 0.3869406890625 0.7366509031249999 0.39540824375 0.746692459375 0.41116702812500006 0.7555671328125 0.41664558906250004 0.778540721875 0.4375275390625 0.7829511140625 0.4392706140625 0.78811730625 0.44406221874999996 0.7938278796875 0.4470735265625 0.7990286140625 0.45214646406250003 0.8066376484375001 0.4566381234375 0.8175835015624999 0.4650037046875 0.8253610968749999 0.46776121406250004 0.8349528718749999 0.4728661515625 0.8459940421875001 0.4757940953125 0.8594863687500001 0.4847037328125 0.86716793125 0.48590237187499996 0.870473646875 0.48563926874999996
12 0.8614652250000001 0.559852653125 0.8688151156249999 0.5428151921875 0.8706278656249999 0.5311696015625 0.8723301015624999 0.5263913875 0.8721338781249999 0.5201328234375 0.8732184890625 0.513431415625 0.8721669921874999 0.506421140625 0.8721586796875 0.500139503125 0.868269165625 0.4917642390625 0.8662401296875 0.48844368281249995 0.8607713578125 0.487401709375 0.8541364234375 0.483076021875 0.8459830046875 0.48036465625 0.8417757187499999 0.4771687671875 0.8347152234375 0.47403763125 0.8290240000000001 0.4727373984375 0.82394624375 0.47021953906249997 0.821978696875 0.468176521875 0.8118922765625 0.4637034703125 0.8085554593750001 0.4598295515625 0.7928385875 0.44833729843750003 0.788482090625 0.44858663437499996 0.7847743203124999 0.4548961859375 0.781458284375 0.46672635781249994 0.7771446421875 0.47353866250000004 0.77002895625 0.49326033281250004 0.7697650781250001 0.5004321171874999 0.7748553 0.51237243125 0.7778314890625 0.5148627546875 0.7832664312500001 0.5226199 0.7894412640625 0.527858809375 0.7948492609375 0.5346197484374999 0.8083111984375 0.546388871875 0.8196135234374999 0.55299723125 0.8275099421875 0.5551690015624999 0.8317172296875001 0.5583648921875 0.83708236875 0.5585628609375 0.8497574046875 0.5631464312500001 0.8614652250000001 0.559852653125
12 0.7891894078125 0.6151330015625 0.7892467421875 0.613269721875 0.787264 0.6126564453125 0.786727215625 0.61372186875 0.78770546875 0.6170286578125 0.7891894078125 0.6151330015625
7 0.6244655125 0.684905875 0.627398846875 0.6808332265625 0.636272090625 0.672318771875 0.6417518984374999 0.66879018125 0.65517370625 0.6631441359375 0.6656967265625 0.6618520718750001 0.6686418140625 0.660205371875 0.665856125 0.608001546875 0.6624128171875 0.5752975921875 0.6621433515625 0.565335540625 0.6597191421875 0.560350053125 0.6564707609375 0.5587498765625 0.6404679328125 0.5635705296875 0.6349839703125 0.5639583015625 0.63117185625 0.562427340625 0.6257562640625001 0.5563812718750001 0.6228450046875 0.5513127984375 0.6189554921875 0.542937534375 0.6155150453125 0.5382196125 0.61314816875 0.53137084375 0.60672321875 0.5178809625 0.603581909375 0.5132690984375 0.599551496875 0.5146206953125 0.5974119484375 0.518167515625 0.5944910828125 0.53166261875 0.5919626625000001 0.5576748515625 0.5903834046875 0.56500814375 0.5878661578125 0.6252880453125 0.5897964375 0.637901928125 0.5945951171875 0.6490213125000001 0.6045903765625 0.6620728171875 0.6206499578125 0.68723060625 0.6244655125 0.684905875
7 0.7590542421875 0.7277801296875 0.7671841546875 0.7256396015625 0.773568975 0.7217143140625 0.7766135359375 0.717770796875 0.7768470296875 0.7134584984375001 0.7730112734375 0.6682374125 0.770037809375 0.6548948921875 0.764868759375 0.6221172578124999 0.752342084375 0.568253721875 0.7508270421875001 0.5660123546875 0.7471682953125 0.5641769890624999 0.7417451078124999 0.5588457906250001 0.7238644640625 0.53905195625 0.7120094453125 0.527942253125 0.705409053125 0.5238978999999999 0.699717828125 0.5225976671875 0.69046045 0.5248766296875 0.6774725109374999 0.5356097609375 0.6637218921875 0.551005740625 0.661793759375 0.5593813828124999 0.6615948109375 0.563975015625 0.66517629375 0.5978043078125 0.666982296875 0.6327083265625 0.6694196875 0.654112778125 0.6694280015625 0.660394415625 0.67316343125 0.6620775765625 0.6823558796875 0.6623767640625 0.69081603125 0.6644793156250001 0.6965266046874999 0.667490625 0.7166732171875 0.6824370296875 0.7230974531250001 0.688930403125 0.7320149812500001 0.7009719343749999 0.7378872359375 0.7099604734375 0.7463336265625 0.727485784375 0.7483778578125 0.7293765999999999 0.7543682203125 0.730782890625 0.7590542421875 0.7277801296875
10 0.3407195609375 0.6420690015625 0.343893984375 0.632969184375 0.34773992656249997 0.62778496875 0.358906803125 0.6224157953125 0.3642028546875 0.622051096875 0.36888959374999997 0.6260448421875 0.3706498796875 0.6263998578125001 0.37106855781250003 0.6329166828125 0.37477704218749996 0.633603640625 0.37689380156249996 0.6322014328125001 0.378595321875 0.6204267109375 0.3784488359375 0.6130197374999999 0.37611650625 0.6064523046875 0.3749461828125 0.60002776875 0.3681647625 0.5882951078125 0.3665343375 0.5827837921875 0.36310765312500004 0.562643109375 0.34514818125 0.522011953125 0.342915325 0.513147703125 0.33472593281249996 0.4961619875 0.3348364453125 0.489294609375 0.328806665625 0.4774696578125 0.3256687984375 0.46900210312499996 0.3168852859375 0.454945090625 0.30945169375 0.44100790156249997 0.301730715625 0.42939060468749995 0.272395678125 0.37844760312500003 0.2694616296875 0.3755237421875 0.2610056328125 0.3765620078125 0.253873325 0.383720403125 0.25107816562499996 0.3889183859375 0.24392306718749998 0.3982213953125 0.24182981250000002 0.40447549531250004 0.24228303437499998 0.41127365625 0.2417276125 0.4176245109375 0.2440903328125 0.421332459375 0.24882408125 0.4350299953125 0.25511014374999996 0.44039803437499997 0.257772 0.4442120421875 0.261339584375 0.4546258609375 0.263576596875 0.46663093125 0.27127965625 0.49053016875 0.2764735078125 0.5033144859375 0.277950565625 0.5091302078125 0.2816328171875 0.5158174671875 0.2883963203125 0.53983206875 0.2893635375 0.5477094203124999 0.288792921875 0.5554900171875 0.2863128078125 0.5663608234375 0.28705341562500003 0.5708390953125 0.295665640625 0.5974824562500001 0.299555153125 0.60585771875 0.3082274390625 0.6197856015625 0.3154648078125 0.627464225 0.3221688296875 0.6323525828125 0.3275422828125 0.6388321875 0.332758209375 0.6424753828124999 0.33639000937499997 0.6433145437500001 0.3407195609375 0.6420690015625
16 0.3450242296875 1 0.342143225 0.9884398828125001 0.3437680640625 0.9768173640625 0.3430923875 0.9697609421875001 0.34429238125 0.9663294859375 0.34629791249999997 0.9647981484375 0.347436415625 0.9600891515625 0.34949928125 0.9566945359375 0.3490806046875 0.950177709375 0.351828753125 0.9352759374999999 0.35477728124999997 0.929773546875 0.35669781718750004 0.9221127750000001 0.36124495156249997 0.91098816875 0.361781021875 0.9029262390625 0.3661519984375 0.8942506531250001 0.3694611546875 0.8901318593750001 0.372118140625 0.883808540625 0.37819206875 0.87735125 0.3791889578125 0.87537260625 0.380239025 0.8683898671874999 0.3848594015625 0.860968746875 0.3868759703125 0.8548668484374999 0.3929920390625 0.8479760203125 0.3943985796875 0.839236059375 0.398712221875 0.8324237515625 0.40122343593750004 0.8256899671875001 0.40552948281249995 0.819592534375 0.4075259875 0.8047830499999999 0.410321146875 0.7995850671875 0.411306284375 0.7951804765625 0.3970650390625 0.77551093125 0.384676671875 0.7616109625 0.3799049390625 0.7514877828125 0.37298261718750003 0.749481984375 0.368817471875 0.74585255625 0.3672409390625 0.74233365 0.36416112031250003 0.738999325 0.359577296875 0.7288530734374999 0.3555081859375 0.72678251875 0.34218929062500003 0.7262760578125 0.343412075 0.7206999859375001 0.3413864796875 0.7135237390625 0.3422831796875 0.70684540625 0.3395252890625 0.7014725265624999 0.3367715546875 0.6992404640625 0.3343549421875 0.6935401046874999 0.3296647625 0.693402046875 0.32563019375 0.691612828125 0.3242298203125 0.6856449015625 0.3227914640625 0.6832513312499999 0.3186608609375 0.6799032375 0.3152591109375 0.67860746875 0.3085889171875 0.6670039390625 0.3046883671875 0.6631992343750001 0.30222201718749997 0.658647284375 0.29969833281249997 0.6559586125 0.296519040625 0.6549211046875001 0.293078590625 0.6502031796875001 0.2885645703125 0.6476161046875 0.2853120328125 0.642875109375 0.28333344843749997 0.645402653125 0.275510271875 0.6469343671875001 0.272082290625 0.6516389015625 0.2666024828125 0.655167490625 0.265701628125 0.6587050062500001 0.26328573125 0.6600011546875 0.26371960156249996 0.6650882375 0.2567987125 0.6770754546875 0.2545023546875 0.684782371875 0.25341774375 0.6914837781250001 0.25313594375 0.7109375015625 0.2493245453125 0.7164030515625 0.2419849765625 0.7218734437500001 0.2371227953125 0.727325225 0.2317618109375 0.7302680734375 0.22743985625000002 0.7307987421875 0.223999409375 0.7260808203125 0.21955447499999997 0.7240564109375 0.2137098828125 0.723060584375 0.20908119374999998 0.7242000671875 0.1937388484375 0.737506884375 0.1920138203125 0.7444297125 0.18795717812499999 0.7517816125000001 0.1875896671875 0.7581093953125 0.1894398203125 0.774731171875 0.1879117296875 0.7949090703125 0.19170592656250002 0.8087219687499999 0.1947553578125 0.8149157796875001 0.2026642453125 0.8265100046875 0.2038691125 0.8332158749999999 0.20892479062499997 0.8448748546875 0.2149807984375 0.8506995046875 0.21702158906250002 0.8564460078125 0.21962195625 0.8589824765625 0.2230783125 0.8692671656250001 0.2278341390625 0.8738235796874999 0.23217544218750003 0.8750039875000001 0.2365395359375 0.8740397796874999 0.24141561562499997 0.8920034703124999 0.24694659218749998 0.9013194890625 0.2541770796875 0.9167094921875 0.256589534375 0.9192690328124999 0.259194059375 0.9249463203125 0.2619325984375 0.928608125 0.264935734375 0.932094653125 0.2687975875 0.9324772031249999 0.28220420156250003 0.9282609 0.2855831609375 0.9317012828125 0.28719079375 0.9393572125 0.2907182484375 0.9323558625 0.294971115625 0.9312625265625 0.299458190625 0.9328533968749999 0.300218146875 0.93904274375 0.2960613125 0.9416949546875 0.29569724375 0.9441670468750001 0.2970589171875 0.9467128203125 0.30130834375000004 0.9494751734375001 0.30041164375 0.9561535062500001 0.3027743625 0.95986145625 0.3040331203125 0.9685597359375 0.3072442328125 0.9807307749999999 0.315835678125 0.9916700437499999 0.318172209375 1 0.3450242296875 1
15 0.316048475 1 0.315828796875 0.9993814234375 0.313492309375 0.9896731703125001 0.3094148859375 0.9813209796875 0.307458375 0.9747074 0.30752330625 0.9721292484375 0.30960136562499996 0.9673048906249999 0.307606871875 0.9642656671875001 0.30335400468749996 0.9653590046874999 0.3019577875 0.962531896875 0.30254431249999997 0.960318065625 0.30655537499999996 0.9572553906250001 0.3069539859375 0.95506463125 0.30359781875 0.9494796359375 0.302768775 0.9427276203125 0.29987271249999997 0.9362294046875 0.2945414 0.9293162593750001 0.28679834843749996 0.926840084375 0.28435550468750004 0.927140028125 0.276378959375 0.9289761484374999 0.273426275 0.9313377218750001 0.2688818671875 0.9316101296875001 0.26464835 0.9344145421875 0.26346770468749997 0.939557075 0.2643741484375 0.9531533953125001 0.2637386015625 0.9635121421875 0.25682115156249996 0.9716436703125 0.2536467296875 0.9807434875000001 0.2558387734375 1 0.316048475 1
16 0.8122024124999999 0.6464336140625 0.8208573578125 0.6408017140625 0.8291475187499999 0.6306453999999999 0.8354777312499999 0.6177311953125 0.8370182890625 0.6069757499999999 0.8364724750000001 0.594763028125 0.8334492734375001 0.582568915625 0.83012349375 0.5741244328125 0.824078521875 0.5637292234375 0.818935121875 0.5567930078125001 0.812522640625 0.55272558125 0.805200990625 0.5459140328125 0.797952584375 0.54280596875 0.7854426703125 0.5403439375 0.772630175 0.541631540625 0.7578584453125 0.547157759375 0.7525665484374999 0.5506632765624999 0.7513320109375 0.5538134 0.751454990625 0.556368478125 0.7537500546875 0.5735067765624999 0.7684211484375 0.6339608171875 0.773100290625 0.638669434375 0.78698363125 0.6461031859374999 0.7912213046875001 0.646439590625 0.7968627921875 0.6488882328125001 0.8039612734375 0.6484450125000001 0.8122024124999999 0.6464336140625
14 0.19465256250000001 0.2594843515625 0.1979188625 0.2488025859375 0.2009364765625 0.24386286406250002 0.20311401093749998 0.2367416875 0.210372025 0.221286175 0.2138842859375 0.21571456718749998 0.215720540625 0.20892086875000002 0.2130814734375 0.2029622484375 0.208248965625 0.1985580375 0.197202921875 0.185492765625 0.1918792078125 0.17786475 0.1892712453125 0.17604315312500002 0.16732493125 0.150323075 0.15652413437499998 0.1353714515625 0.134056228125 0.109287053125 0.1298869265625 0.10251680781250001 0.1288437421875 0.10178816875 0.12418050781250001 0.10264631718749999 0.11036911406250001 0.1237612671875 0.10112907499999998 0.14560001250000001 0.0972838484375 0.1577807375 0.0943132453125 0.17242424843749998 0.0942524703125 0.17814321875 0.095610703125 0.1845446796875 0.09620138125 0.18547166875 0.100780334375 0.18548059374999998 0.10962046562500001 0.19067781875 0.12183611406249999 0.20317111875 0.13348387343749998 0.2125928171875 0.13644486875 0.21651288281249997 0.14783563125000002 0.22539498593750001 0.1623601046875 0.23960382343750003 0.1844590703125 0.2580229890625 0.1877958875 0.261896909375 0.19134340625 0.2636031421875 0.19465256250000001 0.2594843515625
14 0.24701320937500001 0.3899886515625 0.251024271875 0.386925975 0.26485845625 0.3636664125 0.2662995390625 0.355207784375 0.275987928125 0.33002987031250003 0.27506901875 0.307011096875 0.2757246296875 0.30535993281249996 0.2905046703125 0.30611535 0.30781599375 0.30884456718750003 0.3125137703125 0.308267753125 0.34178646874999996 0.3120984765625 0.34805661875 0.31189975 0.351592384375 0.3111800375 0.3531108671875 0.3095657140625 0.3555985765625 0.297980034375 0.3579260375 0.2944101421875 0.362831075 0.29552133281250004 0.368192059375 0.292578484375 0.37008980468749997 0.28706232656249997 0.37039783437499996 0.2616082984375 0.3725477046875 0.24649440937499997 0.372224346875 0.2345399484375 0.36757974843749996 0.23011266562500002 0.34093365000000003 0.22281810625 0.311304478125 0.220744603125 0.284636303125 0.2225911671875 0.2776421703125 0.23087489687499999 0.2476261390625 0.2334181015625 0.24523718906249997 0.23571045625 0.23984653281249999 0.2485092984375 0.23378922812499997 0.2675298625 0.23319926406249997 0.27359938437500003 0.2314776765625 0.276666521875 0.22335205625 0.32078609999999996 0.22194967187499998 0.33266688125 0.21811275624999998 0.351129240625 0.21627377499999997 0.3687751359375 0.21855221406249997 0.373350159375 0.225433109375 0.382786003125 0.2297440265625 0.3868258953125 0.238001790625 0.3973777703125 0.2418905875 0.3987565265625 0.24701320937500001 0.3899886515625
3 0.5232408828125 0.3032407171875 0.531945565625 0.29646040937499996 0.5355345093749999 0.2907366 0.53599045625 0.2866825609375 0.5306224562499999 0.258498559375 0.5236972734374999 0.22850672656249998 0.515380746875 0.20582511406249998 0.505752996875 0.1864458265625 0.502680775 0.18239663125 0.49724998749999993 0.1777803046875 0.4953667234375 0.1748702109375 0.4929653046875 0.167740109375 0.488255775 0.16589097656250001 0.48596214218749995 0.1627456953125 0.48327749375 0.1610763015625 0.4779807265625 0.154444490625 0.47433301875 0.148038565625 0.471544740625 0.14552516875 0.4670072125 0.1380861984375 0.4555356125 0.1262154796875 0.4486975703125 0.12334260625 0.43054616718750005 0.1184319328125 0.42640796875 0.1157987125 0.4200341859375 0.1151534375 0.4127318890625 0.11005296406250001 0.40829526562499996 0.1143101921875 0.40313810156249996 0.12279673437500001 0.4015049515625 0.12813761562499998 0.4010186171875 0.1350511390625 0.4018131171875 0.1415218203125 0.4057067859375 0.1530379015625 0.4079452296875 0.1790359875 0.410519365625 0.187572759375 0.41581269218749994 0.198060259375 0.420039328125 0.202967225 0.42201103125 0.20815106249999998 0.42534784999999997 0.21202498281249998 0.4322329015625 0.224601646875 0.44083194375 0.23482604375 0.45347860312500005 0.2244203921875 0.46636018437500004 0.22369545781250003 0.47152221875 0.22534624375 0.47547250625000004 0.22800253750000002 0.482805909375 0.237240034375 0.4863886875 0.2462241109375 0.5015667609375 0.2766304921875 0.5136304734375 0.3034212140625 0.51529888125 0.3053581734375 0.5177686718750001 0.30605443593750004 0.5232408828125 0.3032407171875
3 0.0725182484375 0.3514431140625 0.0758964921875 0.347886990625 0.0831863234375 0.3435650078125 0.0920941109375 0.3353318828125 0.0981486890625 0.327163515625 0.10010792500000001 0.3229248984375 0.1040499 0.31929955625 0.107715528125 0.3134235421875 0.11154212187500001 0.3065282484375 0.11436766875 0.29847078125 0.11834003281250001 0.29198595312500003 0.1204014671875 0.27459832031250003 0.11991785937499999 0.2706596453125 0.115935753125 0.25686981875 0.11127524531249999 0.24687577031250002 0.10734774843749999 0.2420748625 0.10276464062499999 0.23892511718749998 0.1000261 0.2352633140625 0.09344505625 0.23293003437499998 0.08399561093749999 0.23209125468749997 0.0806822984375 0.2330692265625 0.0722498078125 0.2389593890625 0.063158265625 0.2503564015625 0.0576632640625 0.2553147328125 0.0538788109375 0.26177648750000004 0.0495610140625 0.2654479765625 0.043659803125 0.2733119359375 0.03685429375 0.288569103125 0.0341904265625 0.3026038015625 0.0333172328125 0.31413403125 0.033651629687500004 0.32151792968750004 0.0356081390625 0.3281315109375 0.040820626562500004 0.3356303953125 0.053814865625 0.3490276078125 0.05709435 0.35476480781249997 0.064979015625 0.35451063125000004 0.0725182484375 0.3514431140625
14 0.857634146875 0 0.8555675734375001 0.0022769890625 0.850518196875 0.014748353124999999 0.8497486328124999 0.0271225828125 0.8505970265625 0.0355856734375 0.8560907312499999 0.055472554687499995 0.8635436734375 0.07112081875000001 0.8669917187499999 0.075123871875 0.8734732859375001 0.0797539671875 0.881849159375 0.0827235921875 0.8905966984375 0.08250625624999999 0.9018672046875 0.0779810828125 0.9095825953125001 0.07246454687500001 0.9173629156249999 0.064369859375 0.92281921875 0.055989374999999994 0.9304564953125001 0.036632026562499996 0.9311846328125 0.031687842187499995 0.9303210468750001 0.024654492187499998 0.9285372546874999 0.0194475828125 0.9225917578124999 0.00675555625 0.91802805 0 0.857634146875 0
16 0.5953567750000001 0.7468801375 0.593994384375 0.73733785625 0.5912627265625 0.725964671875 0.5874726875 0.7152925906250001 0.5748190109375 0.6945713921875 0.492072815625 0.5907867828125 0.4885750328125 0.5879321390625 0.48040642031249997 0.5866505156249999 0.47552073437500003 0.587250403125 0.4676326265625 0.5913602703125 0.4597141296875 0.5983296218749999 0.4500588546875 0.609795853125 0.44165402499999995 0.6236787265625 0.433161475 0.6422843640625 0.429281703125 0.6541837546875 0.4297238859375 0.6655524749999999 0.47497923125 0.75107453125 0.514991840625 0.8064068234375 0.513542225 0.8118694828124999 0.5256255750000001 0.8425248015625 0.5434666484374999 0.829928425 0.5861112828125 0.7904232796875 0.5878059234374999 0.7863599359375 0.593870109375 0.7596279921875 0.5953567750000001 0.7468801375
12 0.139393546875 0.8502708890624999 0.131906778125 0.8413378 0.1244663046875 0.835111990625 0.11588317031249999 0.8304543609374999 0.10718536875 0.8295232890625 0.09604888125 0.8320329796875001 0.0789504046875 0.8481256 0.068099290625 0.8661641078125 0.0646257296875 0.8751578671875 0.0616357765625 0.888090303125 0.060494546875 0.903651496875 0.0625243 0.9139685625 0.0718950515625 0.932808253125 0.0916320125 0.954515975 0.10505797812499999 0.9520107484375 0.114756109375 0.9471074890625 0.12086458124999999 0.9409315312500001 0.1385834078125 0.9159099046874999 0.14349876718750001 0.905454025 0.1476659234375 0.8912347453124999 0.1485888546875 0.8785561078124999 0.14773215 0.86381138125 0.139393546875 0.8502708890624999
16 0.877343140625 0.1959363375 0.9596187765625 0.273363003125 0.968988096875 0.27820967812499997 0.9755549015625 0.27032933593749997 0.9529832062500001 0.08649763125 0.9252855671875 0.0605413265625 0.87561355 0.083203653125 0.8536785468750001 0.1305894765625 0.8546955 0.13731841875 0.8570623765625 0.1441671859375 0.877343140625 0.1959363375