20 0.5139705875 0.5426829265625 0.5178921562500001 0.546167246875 0.5294117640625 0.5300522640625001 0.5245098046875001 0.4795296171875 0.5223039218750001 0.4738675953125 0.5186274515625 0.48040069687500003 0.517647059375 0.49520905937500004 0.509803921875 0.52221254375 0.5068627453125 0.54137630625 0.5036764703125 0.5487804875 0.49411764687500004 0.5570557484374999 0.49485294062499996 0.560975609375 0.5004901953124999 0.563153309375 0.5073529406249999 0.5579268296875 0.505882353125 0.5509581875 0.50710784375 0.5479094078125 0.5139705875 0.5426829265625
20 0.538725490625 0.2164634140625 0.538725490625 0.195557490625 0.5325980390625 0.1925087109375 0.5225490203125001 0.2025261328125 0.5220588234375 0.20949477343749998 0.5252450984375 0.21515679375 0.5299019609375 0.21210801406250002 0.5296568625 0.2369337984375 0.51960784375 0.230400696875 0.517647059375 0.2164634140625 0.521568628125 0.20862369374999998 0.5193627453125 0.20209059218749997 0.4875 0.21602787499999998 0.48382352968750003 0.22343205625 0.484313725 0.23736933750000003 0.4865196078125 0.2412891984375 0.49607843125000006 0.2417247390625 0.5036764703125 0.2386759578125 0.53357843125 0.2395470390625 0.53676470625 0.2312717765625 0.538725490625 0.2164634140625
20 0.6877450984375 0.39242160312499996 0.6865196078125 0.389372821875 0.6791666671875001 0.389372821875 0.6759803921875001 0.38545296093750003 0.6786764703125 0.3684668984375 0.6713235296875 0.3623693375 0.6620098046875 0.3623693375 0.656617646875 0.379790940625 0.6431372546875 0.39329268281249996 0.6416666671875 0.41332752656249994 0.644852940625 0.414634146875 0.6473039218750001 0.40940766562500003 0.6502450984375 0.4198606265625 0.6556372546875 0.41898954687499995 0.6629901953124999 0.4233449484375 0.6669117640625 0.43031358906249995 0.6838235296875 0.44294425156250006 0.6897058828125 0.4394599296875 0.688725490625 0.4176829265625 0.690686275 0.40984320625 0.6877450984375 0.39242160312499996
20 0.536274509375 0.299216028125 0.5377450984375 0.2835365859375 0.53357843125 0.279616725 0.45416666718750004 0.3275261328125 0.453431371875 0.345383275 0.4602941171875 0.3471254359375 0.49828431406249996 0.33972125468750003 0.5129901953125 0.3301393734375 0.5291666671875 0.3266550515625 0.536274509375 0.299216028125
20 0.5982843140624999 0.24390243906250003 0.5600490203125 0.189024390625 0.556617646875 0.1872822296875 0.548039215625 0.20078397187500002 0.54607843125 0.2216898953125 0.55392156875 0.2513066203125 0.5563725484375001 0.27656794375 0.56960784375 0.2809233453125 0.5938725484375 0.2778745640625 0.5990196078125 0.2713414640625 0.6029411765625 0.25740418125 0.5982843140624999 0.24390243906250003
20 0.6583333328125 0.8784843203125 0.6556372546875 0.8710801390625 0.626225490625 0.875435540625 0.619852940625 0.8815331015625001 0.615931371875 0.8780487812500001 0.6139705875 0.8832752609375 0.6046568625 0.8893728218750001 0.5958333328125 0.8902439031249999 0.59460784375 0.8941637625000001 0.59607843125 0.8993902437499999 0.5926470593750001 0.90984320625 0.5845588234375 0.9111498265625 0.5813725484375001 0.9168118468750001 0.5818627453125 0.9272648078125 0.5879901953125 0.9346689890625001 0.6355392156249999 0.9695121953125 0.64460784375 0.9716898953124999 0.6529411765625001 0.9638501734375 0.65539215625 0.9507839718750001 0.6588235296875 0.8959059234375 0.6583333328125 0.8784843203125
20 0.5803921562500001 0.7478222999999999 0.5764705875 0.7321428578125 0.571568628125 0.676393728125 0.548774509375 0.664634146875 0.5365196078125 0.664634146875 0.53357843125 0.6602787453125 0.5301470593750001 0.663763065625 0.5178921562500001 0.663763065625 0.517647059375 0.654616725 0.5125 0.649825784375 0.5078431375 0.6554878046875 0.5107843140624999 0.6624564453125 0.5102941171875 0.6694250875 0.515196078125 0.676393728125 0.5139705875 0.6803135890625 0.5100490203125 0.6803135890625 0.5083333328124999 0.676393728125 0.509803921875 0.6694250875 0.501960784375 0.6633275265624999 0.50539215625 0.6554878046875 0.501960784375 0.6502613234375 0.5004901953124999 0.63458188125 0.501960784375 0.61541811875 0.5110294125 0.61759581875 0.5178921562500001 0.6263066203125 0.5252450984375 0.61759581875 0.5296568625 0.6184668984374999 0.5328431375 0.6136759578125 0.515931371875 0.610627178125 0.5022058828125 0.61324041875 0.49950980468750006 0.6067073171875 0.5 0.58580139375 0.49828431406249996 0.58362369375 0.4936274515625 0.58580139375 0.4936274515625 0.592770034375 0.490196078125 0.5997386765625 0.4931372546875 0.6067073171875 0.49191176406250003 0.6080139375 0.48700980468750005 0.610627178125 0.45514705937500005 0.609756096875 0.453431371875 0.6136759578125 0.45392156874999995 0.6284843203125 0.4661764703125 0.64503484375 0.4799019609375 0.676393728125 0.486274509375 0.71297909375 0.49950980468750006 0.7669860625 0.5110294125 0.777003484375 0.5213235296875001 0.752613240625 0.52573529375 0.75522648125 0.5490196078125 0.8122822296875001 0.5556372546875 0.82317073125 0.5588235296875 0.823606271875 0.5774509796875 0.793989546875 0.5848039218750001 0.773954703125 0.5833333328125 0.7521777000000001 0.5803921562500001 0.7478222999999999
20 0.40735294062499994 0.7391114984375 0.4080882359375 0.7482578390625 0.4129901953125 0.7465156796875 0.415931371875 0.7412891984375001 0.4240196078125 0.7556620203125 0.423774509375 0.7351916375 0.4154411765625 0.7378048781250001 0.41200980468750004 0.7317073171875 0.40735294062499994 0.7391114984375
20 0.4056372546875 0.335365853125 0.4002450984375 0.3283972125 0.3958333328125 0.3292682921875 0.3828431375 0.345383275 0.3838235296875 0.35757839687500004 0.398039215625 0.4054878046875 0.4024509796875 0.42813588906250005 0.42009803906250004 0.431620209375 0.428431371875 0.42290940781249997 0.4372549015625 0.4028745640625 0.438725490625 0.3906794421875 0.4056372546875 0.335365853125
20 0.7274509796874999 0.47343205624999996 0.7264705874999999 0.48214285781250005 0.7169117640625 0.4869337984375 0.7061274515625 0.48780487812500006 0.7017156859375 0.4738675953125 0.7 0.48824041874999996 0.7029411765625 0.48998257812499996 0.731617646875 0.4886759578125 0.7299019609374999 0.46297909375 0.7259803921875 0.46733449531250004 0.7274509796874999 0.47343205624999996
20 0.639460784375 0.1994773515625 0.6357843140624999 0.20949477343749998 0.6377450984374999 0.24433797968749998 0.6397058828125 0.24608013906249998 0.6514705875 0.23649825781249997 0.65 0.20165505156250002 0.6477941171875 0.1951219515625 0.639460784375 0.1994773515625
20 0.6210784312500001 0.2931184671875 0.622303921875 0.3005226484375 0.6330882359375 0.3057491296875 0.6514705875 0.3218641109375 0.6583333328125 0.3070557484375 0.652696078125 0.29616724687499996 0.6291666671875 0.28222996562499997 0.6210784312500001 0.2931184671875
20 0.67892156875 0.1258710796875 0.6781862750000001 0.1167247390625 0.6664215687499999 0.1167247390625 0.6580882359375 0.124564459375 0.6485294125000001 0.1406794421875 0.646568628125 0.146777003125 0.6485294125000001 0.1528745640625 0.651225490625 0.159407665625 0.6563725484375 0.1624564453125 0.6595588234374999 0.16114982656250001 0.6649509796874999 0.148954703125 0.6764705875 0.13283972187499998 0.67892156875 0.1258710796875
20 0.63039215625 0.671167246875 0.6294117640625 0.6781358890625 0.6313725484375 0.6972996515625 0.6333333328124999 0.710365853125 0.636274509375 0.7147212546875 0.661274509375 0.685975609375 0.6602941171875 0.6702961671875001 0.6561274515625 0.6533101046875001 0.63039215625 0.671167246875
20 0.688725490625 0.39242160312499996 0.6865196078125 0.3885017421875 0.6825980390625 0.389372821875 0.67892156875 0.38545296093750003 0.6818627453125 0.36977351875000003 0.6713235296875 0.359756096875 0.6649509796874999 0.3588850171875 0.6580882359375 0.3641114984375 0.6529411765625001 0.3767421609375 0.6274509796875 0.4202961671875 0.6279411765625 0.4394599296875 0.63357843125 0.44686411093749995 0.6473039218750001 0.44512195156249995 0.6509803921875 0.4272648078125 0.659068628125 0.4216027875 0.664460784375 0.42595818750000003 0.6669117640625 0.4329268296875 0.6747549015625001 0.43641114999999997 0.6865196078125 0.4547038328125 0.6892156859375 0.4542682921875 0.6921568625 0.446428571875 0.6921568625 0.4351045296875 0.6916666671875 0.411585365625 0.688725490625 0.39242160312499996
20 0.453431371875 0.34277003437500003 0.457352940625 0.3462543546875 0.4705882359375 0.3418989546875 0.46740196093749997 0.3240418125 0.45490196093749996 0.32796167187499997 0.453431371875 0.34277003437500003
20 0.5727941171875 0.374564459375 0.5720588234374999 0.38371080156250004 0.5686274515624999 0.3889372828125 0.5681372546875 0.41419860625 0.5730392156249999 0.4202961671875 0.58210784375 0.41637630625 0.5833333328125 0.41071428593750003 0.580882353125 0.3898083625 0.5727941171875 0.374564459375
20 0.54926470625 0.3327526125 0.540686275 0.345383275 0.5338235296875 0.362804878125 0.5455882359374999 0.36454703906249997 0.557352940625 0.3601916375 0.5607843140625 0.33928571406249997 0.5595588234375 0.3318815328125 0.54926470625 0.3327526125
20 0.5700980390625 0.3349303140625 0.5745098046875 0.32970383281250004 0.5730392156249999 0.314024390625 0.5759803921875 0.3070557484375 0.5688725484375 0.29442508749999996 0.5622549015625 0.30618466875 0.5602941171875 0.3201219515625 0.5627450984375 0.35583623750000004 0.5649509796875 0.3623693375 0.5666666671875 0.3619337984375 0.5732843140624999 0.3614982578125 0.576960784375 0.35757839687500004 0.5759803921875 0.33928571406249997 0.5700980390625 0.3349303140625
20 0.498774509375 0.44163763125 0.4884803921875 0.4425087109375 0.48578431406249994 0.4394599296875 0.486274509375 0.4307491296875 0.4897058828125 0.4255226484375 0.4884803921875 0.4224738671875 0.480147059375 0.41898954687499995 0.46960784375 0.42290940781249997 0.47009803906250003 0.44120209062500004 0.4774509796875 0.47343205624999996 0.48333333281249996 0.47691637656249997 0.501960784375 0.46733449531250004 0.503431371875 0.4551393734375 0.5022058828125 0.42595818750000003 0.498774509375 0.44163763125