3 0.9489663984375 0.64271155625 0.9304639281249999 0.641325484375 0.9238648656249999 0.6473352828125 0.9063905296874999 0.64326419375 0.893889259375 0.6486536468749999 0.890159459375 0.6415582390625 0.8736961046875 0.642062334375 0.8708268406249999 0.655167540625 0.8780884562500001 0.6570479984375 0.8786691703124999 0.6515228750000001 0.8867094812499999 0.6601885671875001 0.8928439750000001 0.6585988656249999 0.9020285609375 0.6634745140625 0.8972534781249999 0.6663243265625 0.895941603125 0.6929999984374999 0.888895121875 0.696169690625 0.8701775187499999 0.6897334671875 0.8283974984375 0.689811134375 0.817487921875 0.6942506500000001 0.8151175328125 0.6884153546875 0.7975270531249999 0.6854492890625 0.7857397921875 0.67694839375 0.787000209375 0.672053328125 0.788011190625 0.6766285125 0.7948253875 0.675668865625 0.7932679968749999 0.6620984015625 0.794842540625 0.668408665625 0.8098303437500001 0.6677494828125 0.8191653765625 0.6569997046875 0.8131641796875 0.65022418125 0.8012436203125001 0.6500885109375 0.7964513859375 0.660198525 0.7912288843749999 0.660208234375 0.7849954 0.6556427578124999 0.7913621796875 0.6518430093750001 0.782741153125 0.6487024390625 0.7758411953125 0.6859630921875 0.780349690625 0.69984373125 0.774529321875 0.7126387640625 0.78172233125 0.743560028125 0.8014984500000001 0.7825072171875 0.8262990890624999 0.8091343453125001 0.86633696875 0.82563204375 0.9674122640625 0.8362554843750001 0.9892180625 0.628787165625 0.9830373828125 0.6379133265625 0.979307584375 0.63081791875 0.9701058453125 0.633202471875 0.9544554890624999 0.625971396875 0.9452365984375 0.6356161499999999 0.9489663984375 0.64271155625
3 1 0.049797978124999996 0.920131415625 0.0414034515625 0.8819985984375001 0.059181543749999996 0.8551377718750001 0.0876408375 0.8255713609375 0.1560360921875 0.7991804953125 0.321964246875 0.798182746875 0.3598452453125 0.8052120781250001 0.363935753125 0.79302493125 0.3805305359375 0.7946641609375 0.40751637812499997 0.7838496546875 0.46782745625000005 0.7862675796875 0.501598534375 0.7930474734375 0.515159290625 0.8251783359375 0.514626071875 0.8228250984375001 0.5015305734375 0.8159937484374999 0.509750421875 0.811020684375 0.5002898796874999 0.79863555625 0.5045743078125 0.7924020734375 0.50000883125 0.7939119296875 0.48564351562499997 0.8020855359375 0.48594397968749997 0.8058153328125 0.4930393875 0.811717540625 0.493659734375 0.818432746875 0.48654490937499995 0.8368190734375001 0.4890360078125 0.8415123171875001 0.472770815625 0.8331235781249999 0.46742019843750005 0.833820434375 0.4607900515625 0.8445148765624999 0.4513003859375 0.8545943015624999 0.4618562421875 0.8485759515625 0.46234091875 0.846055115625 0.4721310515625 0.8608106328125 0.47368191875 0.85748071875 0.441490834375 0.8698486953125 0.44446660937500004 0.8624366312499999 0.4582115796875 0.8693498203125 0.463407109375 0.8706749234375 0.4791876234375 0.8863252796875001 0.4864186984375 0.8787152359375 0.4878533140625 0.8805049125 0.4992137296875 0.869264059375 0.4997081171875 0.8624327109375001 0.5079279640625 0.8559669421875 0.5055725375 0.8590170359375 0.5120378875 0.9253007234374999 0.5201218171875001 0.9307555109375001 0.517902059375 0.928385121875 0.5120667640625001 0.918056259375 0.51098115625 0.925218884375 0.5067064375 1 0.5155609812499999 1 0.049797978124999996
3 0 0.7505902890625 0.007183103125 0.753207034375 0.0384019765625 0.7542538078125001 0.08588622343749999 0.74248613125 0.14363464374999999 0.7111284828125 0.164459965625 0.6904140671875 0.2256069109375 0.662206696875 0.33606208125000003 0.6190716640625 0.39057565781250003 0.61139449375 0.4353410859375 0.5971065953125 0.446035528125 0.5876169296875 0.43162843906250004 0.5827509875 0.4500147640625 0.585242084375 0.51107986875 0.543619334375 0.541520046875 0.537880875 0.5678476921875 0.5428824859375 0.5851240468750001 0.534643221875 0.6496562828125 0.46712994218750004 0.677282571875 0.402999696875 0.69092811875 0.393820203125 0.716128640625 0.395351653125 0.7192130390625 0.3872966015625 0.7138915453125 0.38115113125 0.7221984453125 0.373086371875 0.7562865828125 0.3610279390625 0.7401069703125 0.33754137968750003 0.69129761875 0.3335285421875 0.666346534375 0.3225268421875 0.6538624140625 0.32065609375 0.652933271875 0.3294962859375 0.6472633515624999 0.326665890625 0.628395303125 0.33585509375 0.5299979046875001 0.3210441859375 0.4490405375 0.32482476875 0.400196884375 0.335332334375 0.34780425937500004 0.3583150484375 0.298891996875 0.39786341875 0.2946633234375 0.40970851406250003 0.27433687500000004 0.41148242812499997 0.2655825546875 0.41670708437500004 0.18165301250000002 0.47715408281249994 0.0628394875 0.55013448125 0.0141938125 0.5729523999999999 0 0.5714605703125 0 0.7505902890625
3 0.52164101875 0.54249489375 0.490835259375 0.558808628125 0.391535184375 0.6377502828125 0.3646743578125 0.666209575 0.276550446875 0.723981265625 0.2502703359375 0.7469154375 0.2343190859375 0.770935215625 0.22594357812500002 0.8080407828125 0.18475750156249998 0.8450495140625 0.1611143703125 0.8570885296874999 0.1308378703125 0.889657746875 0.129525996875 0.9163334171875 0.150248409375 0.9391802109375 0.168966009375 0.9456164375 0.1945149625 0.9438328140625 0.23941368437500002 0.9211796906249999 0.2586473125 0.9014152125000001 0.309116965625 0.8754373078125001 0.361341990625 0.875340221875 0.3846366953125 0.86661628125 0.418741984375 0.847297646875 0.46458700156250005 0.8085441265625001 0.5390482140625 0.7672121328125 0.6658373656250001 0.6822218437500001 0.6810917578125 0.6648322109375 0.683066184375 0.646046796875 0.6782092640624999 0.63548123125 0.6649464484375 0.62682525 0.630793625 0.6182081015625001 0.636648296875 0.5908926671875 0.6269173 0.5770217359375 0.609791390625 0.5696355750000001 0.581523621875 0.568898975 0.565907571875 0.5471474953125 0.5508207765625001 0.5416515000000001 0.52164101875 0.54249489375
3 0 0.5714605703125 0.008291604687499999 0.572332053125 0.0647796078125 0.5458694703125 0.19644283437500001 0.4641845453125 0.2643392890625 0.41434194843750005 0.269101140625 0.3690359515625 0.24524679531250002 0.326308428125 0.284595659375 0.250003496875 0.2956899859375 0.2154181515625 0.31137464531250003 0.20812882500000002 0.30973541718750003 0.18114298125 0.3194017265625 0.17433833125 0.322270990625 0.1612331265625 0.317297925 0.15177258437500002 0.298597475 0.1380761578125 0.243356659375 0.117187490625 0.2292808453125 0.116266678125 0.215286871875 0.1287612453125 0.1976277859375 0.1548359859375 0.1960017875 0.1703063265625 0.12206591093750001 0.2776101890625 0.07703389375 0.3086285390625 0.0311545734375 0.3619024625 0.0239919484375 0.36617718125 0.0116965609375 0.36251076718749997 0 0.47379610625 0 0.5714605703125
3 0.2004970484375 0.14173078125 0.1974469546875 0.1352654296875 0.17204845 0.121423625 0.09402895781250001 0.0830581984375 0.0714482609375 0.0778917921875 0.054189059375 0.07887085625 0.042019065625000004 0.08820543593749999 0.039498228125 0.09799556875 0.011914328125 0.360438846875 0.025932071875 0.3619121703125 0.032978553125 0.358742475 0.0788578734375 0.305468553125 0.122182053125 0.2765051640625 0.191226703125 0.1731561390625 0.2004970484375 0.14173078125
5 0.624466821875 1 0.62741519375 0.991008309375 0.6468982578125 0.9617735828124999 0.6697626953125 0.942949334375 0.723764165625 0.9117564796875 0.7355210453125001 0.8850613921875 0.7674999921875 0.7085482562500001 0.7598424125000001 0.682047090625 0.7494317109375 0.6675461046875 0.7322068125000001 0.6540047640625 0.69987796875 0.64222763125 0.6851224499999999 0.6406767640625 0.6824511671875 0.666092321875 0.6590060171875 0.6904416921875 0.5165322078125001 0.78272130625 0.5220649125 0.8436333140625001 0.547606021875 0.9412824656250001 0.5414345609375 1 0.624466821875 1
5 0.2528440953125 0.90695004375 0.24077309374999997 0.9224398015625 0.2083756421875 0.9397034734374999 0.16487063125 0.9490963062500001 0.190948840625 0.963568165625 0.1977936921875 0.9709909765625 0.3296916265625 0.9848540078125 0.32434636562499997 0.9647406500000001 0.327946790625 0.9304848953124999 0.33880883125 0.8981095984374999 0.3378321546875 0.8790140125000001 0.30888468125 0.8776473578124999 0.2528440953125 0.90695004375
5 0.196457534375 0.698246075 0.1582911703125 0.7065241734375001 0.11189974531249999 0.7362824125 0.07008542031250001 0.7508804828125 0.059507120312499995 0.7592651265625 0.0552441421875 0.785630625 0.0628331140625 0.841172596875 0.0859087640625 0.8771148875 0.124071209375 0.9185531750000001 0.131418584375 0.8841326265625 0.159871103125 0.85472339375 0.18817317656250002 0.8409395906249999 0.2247003109375 0.8056756484375001 0.23901232968750002 0.754670025 0.26393303281249997 0.7304757421875 0.2636189078125 0.7192704125 0.25365562656249996 0.7076095296875 0.22994780625 0.698972965625 0.196457534375 0.698246075
5 0.3078903625 0.2412795546875 0.285421890625 0.2847245109375 0.2500218796875 0.323458615625 0.2516954109375 0.33592405625 0.273527796875 0.3695012109375 0.2725986546875 0.37834140625 0.28597761093749996 0.3858923640625 0.303800375 0.38664838125 0.337922815625 0.3600695453125 0.389751878125 0.3353517515625 0.42508328281249996 0.325658453125 0.483343809375 0.31781648906250004 0.429032134375 0.2880876265625 0.3887962734375 0.259279575 0.35141252500000003 0.224626521875 0.337272025 0.20303012968749998 0.3232133640625 0.194849115625 0.3078903625 0.2412795546875
5 0.5158912625000001 0 0.5152012234375001 0.0005194203125 0.5129126734375 0.008099503125000001 0.6882935906250001 0.16339363125 0.7094977234375001 0.174560125 0.74600770625 0.14655638437500002 0.75081709375 0.12918616875 0.7461924578125 0.11641055468749999 0.6589751453125 0.03071329375 0.6361247578125 0.011553148437499999 0.5262038921875 0 0.5158912625000001 0
7 0.5037109328125 0.01048405625 0.4645811234375 0.042122753125 0.336015528125 0.15820880937499998 0.324490934375 0.1826938484375 0.3516448109375 0.222416471875 0.3918635203125 0.258484725 0.4530712296875 0.30066932031250004 0.501846278125 0.3192025609375 0.5239967062499999 0.3142686609375 0.65012330625 0.221388115625 0.7056003265624999 0.19035035 0.7077727359375 0.1838752890625 0.5127965296875 0.0092045296875 0.5037109328125 0.01048405625