7 1 0.52551903125 0.9480968859375001 0.45285467187500006 0.8771626296875 0.40051903125 0.8506343718749999 0.396193771875 0.694925028125 0.3953287203125 0.640715109375 0.4256055359375 0.6153402531250001 0.45155709374999997 0.566897346875 0.47404844218750003 0.55997693125 0.48356401406250005 0.543829296875 0.484429065625 0.48269896250000005 0.5043252593750001 0.46309111875 0.5147058828125 0.3967704734375 0.53416955 0.39446366718750003 0.5860726640625 0.40080738125000004 0.5934256062500001 0.421568628125 0.595155709375 0.4665513265625 0.5873702421875 0.47404844218750003 0.5843425609375 0.47462514375 0.5804498265625 0.501153403125 0.5830449828125001 0.5334486734375 0.5804498265625 0.5911188 0.5692041515625 0.6326412921875 0.5544982703125 0.6557093421875 0.541522490625 0.68454440625 0.533737025 0.7041522484375 0.5207612453125 0.74682814375 0.5043252593750001 0.776816609375 0.48702422187499994 0.79527105 0.4852941171875 0.8073817765625 0.5038927328125 0.8489042671875 0.5333044984375 0.8627450984375 0.5566609 0.8881199531249999 0.5800173015625 0.9198385234374999 0.59083045 0.9273356406250001 0.5964532874999999 0.9354094578125001 0.6371107265625 0.958477509375 0.6950692046875 0.961937715625 0.7184256062500001 0.9677047296874999 0.7218858125 0.9723183390625 0.7478373703125001 0.9826989625 0.7668685125 0.9919261828125 0.7694636671875 1 0.7660034609374999 1 0.7495674734375 1 0.52551903125
7 0.430219146875 0.5177335640625 0.44059976875 0.49264705937500003 0.4382929640625 0.478806228125 0.4509803921875 0.46756055312499994 0.4509803921875 0.458910034375 0.46885813125000003 0.4351211078125 0.5138408296875 0.4256055359375 0.5703575546875 0.42301038125 0.623414071875 0.4256055359375 0.66205305625 0.39489619375 0.6666666671875 0.3871107265625 0.6666666671875 0.3784602078125 0.6614763546875 0.37370242187499997 0.5403690890624999 0.3693771625 0.5265282578125 0.35553633281249997 0.5063437140625 0.35683390937500004 0.5074971171875 0.3429930796875 0.512687428125 0.3399653984375 0.541522490625 0.3468858125 0.5507497109374999 0.3460207609375 0.552479815625 0.3429930796875 0.5294117640625 0.3256920421875 0.5397923875 0.28157439375000004 0.518454440625 0.251730103125 0.5034602078125 0.251730103125 0.46885813125000003 0.2603806234375 0.43771626250000006 0.274221453125 0.4123414078125 0.2949826984375 0.3985005765625 0.29844290625 0.387543253125 0.3144463671875 0.3656286046875 0.3274221453125 0.348327565625 0.34472318281250003 0.3229527109375 0.381920415625 0.3148788921875 0.40614186874999997 0.3125720875 0.441608996875 0.325259515625 0.47448096875 0.31141868437500003 0.4943771625 0.3091118796875 0.509948096875 0.3246828140625 0.52249135 0.37197231875000003 0.5467128031249999 0.381776240625 0.54801038125 0.38869665468750003 0.5462802765625 0.38985005781250004 0.5376297578125 0.396193771875 0.53114186875 0.430219146875 0.5177335640625
18 0.4976931953125 0.19031141875 0.5219146484375 0.19031141875 0.555363321875 0.1955017296875 0.5628604390625 0.1898788921875 0.56516724375 0.1769031140625 0.5570934249999999 0.17344290625 0.55420991875 0.1669550171875 0.535755478125 0.1652249140625 0.53690888125 0.1608996546875 0.518454440625 0.1626297578125 0.4480968859375 0.1487889265625 0.4238754328125 0.1487889265625 0.40311418750000005 0.1531141875 0.3696655125 0.168685121875 0.3206459046875 0.20891003437500003 0.3489042671875 0.23096885781249998 0.37370242187499997 0.23832179999999997 0.4036908875 0.2080449828125 0.42618223750000006 0.197231834375 0.46193771562499997 0.19636678125 0.4976931953125 0.19031141875
18 0.3644752015625 0.25648788906250003 0.3633218 0.25129757812500003 0.347750865625 0.238754325 0.310841984375 0.2197231828125 0.2975778546875 0.2253460203125 0.29527105 0.23659169531250002 0.27450980468749997 0.2660034609375 0.26758938906249996 0.295415225 0.24682814375 0.348183390625 0.214532871875 0.40614186874999997 0.214532871875 0.41219723124999996 0.23010380625 0.42214532812499994 0.26412918125 0.43468858125 0.28027681718749997 0.42257785468750003 0.288350634375 0.40095155781249997 0.350634371875 0.29282006875 0.3644752015625 0.25648788906250003
16 0.717416378125 0.7296712796875 0.700115340625 0.7192906578125 0.694348328125 0.691608996875 0.6741637828125 0.6608996546875 0.6430219140625 0.6643598609375 0.6245674734375 0.6608996546875 0.5934256062500001 0.66176470625 0.52306805 0.6756055359375 0.521337946875 0.682958478125 0.5501730109375 0.700259515625 0.5605536328125 0.7141003453125 0.556516725 0.71885813125 0.5334486734375 0.7266435984374999 0.5161476359375 0.7465397921875 0.47116493593750003 0.7474048437499999 0.31545559375 0.716262975 0.2508650515625 0.743079584375 0.20588235312499997 0.7681660906250001 0.19031141875 0.7850346015625 0.191464821875 0.799740484375 0.2012687421875 0.8088235296875 0.2324106109375 0.8226643593749999 0.2520184546875 0.8261245671875 0.3869665515625 0.8365051906250001 0.47462514375 0.8339100343749999 0.5403690890624999 0.8373702421875 0.6741637828125 0.8373702421875 0.7179930796875 0.842560553125 0.7439446359375 0.8507785468750001 0.74971165 0.8455882359375 0.7554786625000001 0.8230968859375001 0.75317185625 0.7936851218750001 0.717416378125 0.7296712796875
2 0.8673587078124999 0.282439446875 0.8546712796874999 0.26427335625000004 0.8217993078125 0.24134948125000003 0.788350634375 0.2326989625 0.7606689734375001 0.2153979234375 0.7422145328124999 0.2093425609375 0.7237600921875 0.1955017296875 0.7041522484375 0.19031141875 0.6568627453125 0.1643598609375 0.6372549015625 0.16176470625 0.63321799375 0.15354671250000002 0.625144175 0.1509515578125 0.6257208765625 0.14446366718749998 0.6049596312500001 0.14446366718749998 0.579584775 0.152249134375 0.55997693125 0.1496539796875 0.5594002312499999 0.15354671250000002 0.579584775 0.1695501734375 0.5911188 0.163494809375 0.5968858125 0.1669550171875 0.6014994234375 0.1626297578125 0.6072664359375 0.16782006875 0.611880046875 0.1643598609375 0.6176470593750001 0.168685121875 0.62226066875 0.166089965625 0.6286043828125 0.1682525953125 0.62226066875 0.1712802765625 0.583621684375 0.1725778546875 0.5957324109375 0.1816609 0.6239907734375 0.1769031140625 0.632064590625 0.18468858125 0.625144175 0.1898788921875 0.6441753171875 0.2223183390625 0.6361015 0.217128028125 0.5957324109375 0.21626297499999997 0.5922722031250001 0.21107266406249997 0.54267589375 0.20155709375000003 0.535755478125 0.1955017296875 0.4682814296875 0.1967993078125 0.4682814296875 0.20717993125 0.5023068046875 0.21885813125000003 0.5138408296875 0.23096885781249998 0.5403690890624999 0.23529411718749998 0.5507497109374999 0.2422145328125 0.5911188 0.25865051875 0.6211072671875 0.2664359859375 0.7064590546875 0.30363321875 0.7197231828125 0.295415225 0.738754325 0.2750865046875 0.757208765625 0.2664359859375 0.75317185625 0.282439446875 0.731257209375 0.30579584843749996 0.73010380625 0.3144463671875 0.7618223765625001 0.329584775 0.7745098046875001 0.34342560624999996 0.811418684375 0.3529411765625 0.8258362171875 0.3715397921875 0.8362168390625 0.376730103125 0.836793540625 0.38927335625000004 0.8863898499999999 0.3918685125 0.8823529406249999 0.396626296875 0.8921568625 0.3987889265625 0.8956170703125 0.404844290625 0.9111880046874999 0.40614186874999997 0.9169550171875 0.3888408296875 0.90657439375 0.3654844296875 0.8685121109375 0.34126297499999997 0.8673587078124999 0.282439446875
16 0.2151095734375 0.27249135 0.20011534062499997 0.265570934375 0.151672434375 0.271626296875 0.1078431375 0.2863321796875 0.0790080734375 0.28892733593750003 0.0403690890625 0.2988754328125 0.0501730109375 0.3157439453125 0.095155709375 0.329584775 0.2433679359375 0.3386678203125 0.251441753125 0.3291522484375 0.26758938906249996 0.2850346015625 0.260092271875 0.28027681718749997 0.2151095734375 0.27249135
22 0.1782006921875 0.5562283734375 0.170126875 0.5467128031249999 0.151672434375 0.54238754375 0.147635525 0.5445501734375 0.1534025375 0.560986159375 0.168973471875 0.572664359375 0.226066896875 0.589532871875 0.231833909375 0.5843425609375 0.23298731250000002 0.567041521875 0.2254901953125 0.5475778546875001 0.1782006921875 0.5562283734375
22 0.6839677046875 0.586937715625 0.65916955 0.572664359375 0.6372549015625 0.57698961875 0.6130334484375 0.5968858125 0.6038062281250001 0.59948096875 0.5853517874999999 0.5968858125 0.47116493593750003 0.5968858125 0.46193771562499997 0.59083045 0.407727796875 0.5968858125 0.393310265625 0.591262975 0.38927335625000004 0.5709342562499999 0.3575547859375 0.56531141875 0.37831603281250004 0.560986159375 0.37427912343749997 0.5527681656250001 0.345444059375 0.53719723125 0.3016147640625 0.5397923875 0.2410611296875 0.5506055359375 0.24163783125 0.595155709375 0.27393310312499997 0.597750865625 0.28662053125 0.602076125 0.306805075 0.6241349484375001 0.3246828140625 0.6340830453125 0.42502883437500005 0.6384083046875 0.42329873124999995 0.6552768171875 0.4550173015625 0.6764705875 0.506920415625 0.6764705875 0.5968858125 0.657439446875 0.6130334484375 0.6565743937499999 0.646482121875 0.6626297578125 0.677623990625 0.6557093421875 0.7012687421875 0.680363321875 0.717416378125 0.67863321875 0.7208765859375 0.66219723125 0.70472895 0.6500865046875 0.6839677046875 0.586937715625
16 0.8638985 0.636245675 0.8788927328125 0.57655709375 0.8592848906249999 0.5557958484375 0.8465974624999999 0.53416955 0.805651671875 0.5043252593750001 0.768742790625 0.5008650515624999 0.7479815453125 0.5051903109375 0.694925028125 0.5276816609375 0.6839677046875 0.538494809375 0.670126875 0.5687716265625 0.6897347171875 0.591262975 0.70703575625 0.64749135 0.7122260671875 0.6513840828124999 0.7295271046875 0.652249134375 0.7479815453125 0.643598615625 0.7722029984375001 0.663494809375 0.7860438296875001 0.6686851218750001 0.8039215687500001 0.669117646875 0.8241061125 0.6686851218750001 0.8379469437499999 0.663494809375 0.8546712796874999 0.6509515578125 0.8638985 0.636245675
7 0.5559400234375 0.70717993125 0.512687428125 0.6790657437500001 0.456170703125 0.6782006921875 0.41695501718749994 0.654844290625 0.4088812 0.654844290625 0.37773933125000003 0.6686851218750001 0.359284890625 0.6712802765625 0.347750865625 0.685986159375 0.23471741562499998 0.683391003125 0.20184544375 0.6898788921875 0.2151095734375 0.6955017296875 0.3927335640625 0.728373703125 0.4596309109375 0.7439446359375 0.4948096890625 0.7461072671875 0.5173010375 0.7439446359375 0.5276816609375 0.728373703125 0.5570934249999999 0.71583045 0.5559400234375 0.70717993125