7 0.392 0.59325 0.3736666671875 0.58 0.361 0.5755 0.34700000000000003 0.575 0.29100000000000004 0.5825 0.277 0.5855 0.267 0.592 0.25166666718749997 0.5974999999999999 0.2106666671875 0.6042500000000001 0.2106666671875 0.6367499999999999 0.2066666671875 0.66175 0.2096666671875 0.6725 0.225 0.673 0.2403333328125 0.6825 0.3653333328125 0.68475 0.3693333328125 0.68175 0.372 0.67275 0.3986666671875 0.65625 0.392 0.59325
7 0.344 0.46725000000000005 0.3393333328125 0.43525 0.3266666671875 0.39625 0.324 0.38025000000000003 0.3206666671875 0.37675000000000003 0.3246666671875 0.36124999999999996 0.315 0.353 0.31033333281250003 0.353 0.31033333281250003 0.35750000000000004 0.3036666671875 0.35750000000000004 0.2983333328125 0.36 0.28500000000000003 0.357 0.22833333281249998 0.3585 0.1883333328125 0.362 0.181 0.365 0.17733333281250002 0.36775 0.1786666671875 0.37975 0.1826666671875 0.38725 0.1806666671875 0.40425000000000005 0.1836666671875 0.40750000000000003 0.1876666671875 0.40750000000000003 0.1906666671875 0.40525 0.1886666671875 0.39925 0.1946666671875 0.40025000000000005 0.1953333328125 0.40475000000000005 0.19 0.41174999999999995 0.1936666671875 0.4125 0.196 0.41574999999999995 0.19866666718749998 0.42325 0.1973333328125 0.42925 0.2046666671875 0.43025 0.20433333281250002 0.4335 0.199 0.4325 0.1966666671875 0.43525 0.20866666718750002 0.43925000000000003 0.2093333328125 0.45575 0.2146666671875 0.46025 0.21600000000000003 0.46825 0.2276666671875 0.47050000000000003 0.23033333281249999 0.4755 0.23566666718749998 0.471 0.23766666718749999 0.47350000000000003 0.2463333328125 0.47350000000000003 0.251 0.477 0.284 0.47874999999999995 0.29300000000000004 0.4765 0.3023333328125 0.47800000000000004 0.3303333328125 0.477 0.344 0.46725000000000005
7 0.24100000000000002 0.5934999999999999 0.2496666671875 0.5945 0.259 0.5925 0.267 0.5885 0.29700000000000004 0.5645 0.31766666718750003 0.5559999999999999 0.341 0.55 0.3366666671875 0.5247499999999999 0.335 0.5235000000000001 0.321 0.5285 0.31266666718749997 0.52575 0.312 0.51075 0.3166666671875 0.49824999999999997 0.31066666718749997 0.49175 0.3036666671875 0.4885 0.29100000000000004 0.4885 0.277 0.49050000000000005 0.19766666718749998 0.491 0.1883333328125 0.49400000000000005 0.1786666671875 0.49124999999999996 0.1846666671875 0.48674999999999996 0.177 0.485 0.17133333281250002 0.48674999999999996 0.17733333281250002 0.49024999999999996 0.178 0.49824999999999997 0.181 0.4965 0.1853333328125 0.49824999999999997 0.184 0.50625 0.173 0.5075000000000001 0.158 0.50225 0.161 0.496 0.1676666671875 0.49800000000000005 0.1706666671875 0.49474999999999997 0.16299999999999998 0.487 0.1593333328125 0.48775 0.1576666671875 0.493 0.1523333328125 0.49050000000000005 0.1486666671875 0.49225 0.147 0.4995 0.1453333328125 0.48525 0.143 0.4835 0.119 0.48250000000000004 0.0996666671875 0.48600000000000004 0.04 0.53175 0.0453333328125 0.55225 0.0523333328125 0.5599999999999999 0.0736666671875 0.5725 0.11100000000000002 0.591 0.1376666671875 0.609 0.1473333328125 0.61125 0.17366666718749998 0.607 0.20366666718749998 0.5965 0.2343333328125 0.5955 0.24100000000000002 0.5934999999999999
7 0.3913333328125 0.32475 0.3953333328125 0.30325 0.367 0.2785 0.3536666671875 0.2785 0.3556666671875 0.2805 0.3616666671875 0.27999999999999997 0.3633333328125 0.28275 0.3503333328125 0.2835 0.3416666671875 0.2805 0.3163333328125 0.277 0.28700000000000003 0.27599999999999997 0.277 0.27749999999999997 0.2713333328125 0.28025 0.24933333281249997 0.30425 0.2346666671875 0.31475 0.22000000000000003 0.34075 0.2153333328125 0.35675 0.22033333281249998 0.3585 0.301 0.351 0.31966666718750003 0.3525 0.3286666671875 0.36124999999999996 0.3246666671875 0.36974999999999997 0.3253333328125 0.38475000000000004 0.3313333328125 0.40425000000000005 0.33599999999999997 0.40675 0.3556666671875 0.40199999999999997 0.362 0.39825 0.366 0.39225 0.3913333328125 0.32475
7 0.1253333328125 0.43324999999999997 0.1213333328125 0.43174999999999997 0.137 0.43099999999999994 0.1406666671875 0.42824999999999996 0.13799999999999998 0.41574999999999995 0.1233333328125 0.39225 0.11100000000000002 0.384 0.10733333281249999 0.38475000000000004 0.10433333281249998 0.3895 0.0943333328125 0.389 0.0916666671875 0.39049999999999996 0.037333332812499995 0.43224999999999997 0.016 0.45525000000000004 0.0153333328125 0.46224999999999994 0.0286666671875 0.47175 0.01 0.48075 0.0106666671875 0.49574999999999997 0.0156666671875 0.4995 0.039 0.507 0.0496666671875 0.5145 0.0586666671875 0.51525 0.072 0.50575 0.1166666671875 0.46075 0.128 0.43925000000000003 0.1253333328125 0.43324999999999997
7 0.47533333281249995 0.48674999999999996 0.46666666718750005 0.47474999999999995 0.4663333328125 0.47050000000000003 0.45766666718750004 0.4755 0.437 0.48200000000000004 0.4023333328125 0.4845 0.3933333328125 0.49074999999999996 0.40033333281249994 0.49749999999999994 0.42833333281249997 0.5085 0.44966666718750004 0.5145 0.466 0.5157499999999999 0.47400000000000003 0.51025 0.4726666671875 0.50225 0.476 0.49474999999999997 0.47533333281249995 0.48674999999999996
7 0.4486666671875 0.52425 0.41900000000000004 0.515 0.3823333328125 0.49749999999999994 0.36833333281249997 0.5105000000000001 0.351 0.5155000000000001 0.3393333328125 0.52175 0.3426666671875 0.53075 0.359 0.5435 0.387 0.549 0.41 0.5507500000000001 0.43433333281250003 0.538 0.43966666718749997 0.5325 0.44699999999999995 0.53 0.4486666671875 0.52425
6 0.756 0.5962500000000001 0.7673333328124999 0.58025 0.77 0.56525 0.7673333328124999 0.55325 0.762 0.54525 0.753 0.538 0.7376666671875001 0.5335 0.721 0.536 0.7083333328125 0.5405 0.6799999999999999 0.5582499999999999 0.6713333328125 0.56775 0.6376666671875 0.5940000000000001 0.6076666671875001 0.6065 0.5886666671875 0.61875 0.5820000000000001 0.62975 0.5826666671875 0.63925 0.5866666671874999 0.64725 0.6063333328125 0.662 0.6213333328124999 0.66225 0.639 0.658 0.6676666671875 0.6415 0.7343333328125 0.6115 0.756 0.5962500000000001
6 0.1553333328125 0.33125 0.1213333328125 0.30274999999999996 0.11100000000000002 0.29 0.08299999999999999 0.27349999999999997 0.0576666671875 0.2665 0.0343333328125 0.26749999999999996 0.018 0.27575 0.013333332812500001 0.28225 0.0166666671875 0.29525 0.0396666671875 0.313 0.073 0.3345 0.0956666671875 0.34049999999999997 0.119 0.358 0.1256666671875 0.361 0.1406666671875 0.36175 0.1566666671875 0.35525 0.1613333328125 0.34875 0.1606666671875 0.33875 0.1553333328125 0.33125
6 0.5713333328125 0.23775 0.562 0.22725 0.5396666671875 0.217 0.485 0.2085 0.461 0.199 0.4556666671875 0.1945 0.4336666671875 0.189 0.40499999999999997 0.198 0.3716666671875 0.1985 0.3596666671875 0.205 0.3413333328125 0.21925 0.3406666671875 0.22475 0.344 0.23174999999999998 0.36633333281249997 0.24100000000000002 0.38366666718750003 0.2435 0.413 0.2525 0.4183333328125 0.2485 0.42366666718749996 0.2505 0.45099999999999996 0.251 0.4523333328125 0.253 0.461 0.2535 0.5096666671875 0.272 0.5346666671875 0.27625 0.5556666671875 0.27149999999999996 0.5666666671875 0.26425 0.5740000000000001 0.25125000000000003 0.5713333328125 0.23775
6 0.363 0.20249999999999999 0.36866666718749996 0.19675 0.368 0.19475 0.355 0.1905 0.3493333328125 0.18325 0.34500000000000003 0.1815 0.341 0.185 0.335 0.1855 0.32966666718750004 0.19 0.32566666718750004 0.19 0.3083333328125 0.198 0.273 0.20550000000000002 0.2636666671875 0.2105 0.244 0.22774999999999998 0.2066666671875 0.27875 0.20600000000000002 0.29025 0.209 0.2925 0.21600000000000003 0.29325 0.23566666718749998 0.28650000000000003 0.26033333281250004 0.273 0.3023333328125 0.242 0.363 0.20249999999999999
6 0.492 0.41825 0.49000000000000005 0.41125 0.48333333281249996 0.40325 0.4646666671875 0.38675000000000004 0.45933333281250005 0.37275 0.45499999999999996 0.3695 0.44299999999999995 0.369 0.43433333281250003 0.3655 0.42833333281249997 0.37 0.4183333328125 0.3715 0.40833333281249995 0.376 0.3876666671875 0.3795 0.3826666671875 0.38575 0.3926666671875 0.40225 0.3986666671875 0.42424999999999996 0.4073333328125 0.43724999999999997 0.43233333281249997 0.4525 0.45133333281250004 0.45525000000000004 0.46699999999999997 0.4525 0.488 0.44225000000000003 0.492 0.43525 0.492 0.41825
5 0.1823333328125 0.23199999999999998 0.1946666671875 0.22425 0.198 0.21974999999999997 0.2006666671875 0.20425 0.20433333281250002 0.20099999999999998 0.25666666718750003 0.17875000000000002 0.258 0.17325 0.251 0.16399999999999998 0.2403333328125 0.1645 0.22833333281249998 0.16999999999999998 0.185 0.183 0.1716666671875 0.1815 0.155 0.183 0.10700000000000001 0.20400000000000001 0.0856666671875 0.215 0.0783333328125 0.223 0.0736666671875 0.22349999999999998 0.06933333281250001 0.22675 0.0736666671875 0.23199999999999998 0.0936666671875 0.23349999999999999 0.10500000000000001 0.23700000000000002 0.1553333328125 0.24025 0.1603333328125 0.23900000000000002 0.1623333328125 0.236 0.1676666671875 0.23700000000000002 0.1823333328125 0.23199999999999998
18 0.37033333281249997 0.506 0.37666666718749997 0.50225 0.3786666671875 0.49824999999999997 0.386 0.47525000000000006 0.38733333281250004 0.45475000000000004 0.37666666718749997 0.43375 0.367 0.429 0.3566666671875 0.43174999999999997 0.344 0.47424999999999995 0.32999999999999996 0.48375 0.31466666718749997 0.50875 0.31266666718749997 0.5247499999999999 0.31433333281250003 0.5269999999999999 0.322 0.52825 0.3443333328125 0.5185 0.361 0.5055 0.3656666671875 0.5075000000000001 0.37033333281249997 0.506
14 0.185 0.36150000000000004 0.1853333328125 0.35325 0.1653333328125 0.32775 0.1523333328125 0.3215 0.147 0.3215 0.1613333328125 0.33825 0.1606666671875 0.35325 0.1483333328125 0.3605 0.129 0.3625 0.1266666671875 0.36524999999999996 0.1516666671875 0.38 0.1573333328125 0.38125 0.17533333281250002 0.37925 0.17533333281250002 0.37275 0.16999999999999998 0.36475 0.185 0.36150000000000004
6 0.46266666718750005 0.28875 0.47133333281249995 0.28225 0.472 0.27475 0.465 0.271 0.4443333328125 0.26549999999999996 0.417 0.2625 0.403 0.263 0.3923333328125 0.27 0.375 0.273 0.37333333281250003 0.27875 0.378 0.28725 0.3966666671875 0.30375 0.3913333328125 0.32575 0.396 0.32675 0.40700000000000003 0.325 0.445 0.3095 0.45466666718750004 0.30225 0.46266666718750005 0.28875
6 0.25866666718750003 0.21225 0.27799999999999997 0.20024999999999998 0.2893333328125 0.18875 0.29933333281249996 0.17475000000000002 0.30133333281249997 0.16125 0.2986666671875 0.15375 0.28700000000000003 0.145 0.267 0.14350000000000002 0.25666666718750003 0.14725 0.2513333328125 0.16175 0.25866666718750003 0.17725 0.227 0.1925 0.205 0.20600000000000002 0.1953333328125 0.22574999999999998 0.179 0.23500000000000001 0.17266666718749998 0.23625 0.17266666718749998 0.24325000000000002 0.1876666671875 0.253 0.1993333328125 0.25625 0.2076666671875 0.2555 0.2176666671875 0.25 0.2293333328125 0.24125000000000002 0.25866666718750003 0.21225
6 0.23933333281250002 0.09825 0.23566666718749998 0.0955 0.229 0.0955 0.209 0.0995 0.20099999999999998 0.0895 0.1823333328125 0.08499999999999999 0.1376666671875 0.093 0.1256666671875 0.0985 0.1203333328125 0.10400000000000001 0.11233333281249999 0.097 0.10033333281250001 0.098 0.0933333328125 0.10225 0.094 0.11225 0.101 0.1155 0.1203333328125 0.11499999999999999 0.1256666671875 0.1115 0.134 0.11374999999999999 0.13633333281249999 0.12150000000000001 0.14566666718750002 0.124 0.1573333328125 0.12375 0.193 0.11850000000000001 0.227 0.1095 0.23866666718750001 0.10375000000000001 0.23933333281250002 0.09825
6 0.526 0.20024999999999998 0.5496666671875 0.1855 0.5556666671875 0.186 0.5736666671874999 0.1785 0.584 0.16675 0.5866666671874999 0.16175 0.5860000000000001 0.15325 0.592 0.14725 0.5906666671874999 0.13974999999999999 0.587 0.1365 0.5516666671875 0.1305 0.5183333328125 0.1305 0.5086666671875 0.13825 0.5 0.15275 0.4743333328125 0.1695 0.46566666718749994 0.178 0.45999999999999996 0.17875000000000002 0.45933333281250005 0.18525 0.46900000000000003 0.20049999999999998 0.4876666671875 0.2085 0.5293333328125 0.21225 0.529 0.2105 0.5226666671875 0.21125 0.5213333328124999 0.20425 0.526 0.20024999999999998
5 0.6963333328125 0.161 0.709 0.156 0.72 0.14675 0.7246666671875001 0.13874999999999998 0.7253333328125 0.12575 0.722 0.11975 0.7150000000000001 0.11499999999999999 0.7036666671875 0.11200000000000002 0.6843333328125001 0.11499999999999999 0.6743333328125 0.12150000000000001 0.657 0.1275 0.647 0.1335 0.629 0.13799999999999998 0.6096666671875 0.147 0.6026666671875 0.15225 0.5993333328125 0.16025 0.5826666671875 0.17024999999999998 0.5780000000000001 0.17625 0.5780000000000001 0.18075000000000002 0.6083333328125 0.185 0.62 0.18475 0.6463333328124999 0.1825 0.6683333328125001 0.17250000000000001 0.6803333328125001 0.1635 0.6963333328125 0.161
18 0.49400000000000005 0.021249999999999998 0.497 0 0.4216666671875 0.001 0.3996666671875 0.009 0.3913333328125 0.014249999999999999 0.385 0.0225 0.37266666718749997 0.027250000000000003 0.366 0.03725 0.3693333328125 0.050249999999999996 0.3876666671875 0.0675 0.41 0.07025 0.461 0.051000000000000004 0.4723333328125 0.0485 0.47866666718750006 0.04375 0.49400000000000005 0.021249999999999998
18 0.2866666671875 0.07625 0.2986666671875 0.06225000000000001 0.29933333281249996 0.050749999999999997 0.2923333328125 0.033 0.2576666671875 0.038 0.229 0.0455 0.20166666718749998 0.057999999999999996 0.1846666671875 0.06325 0.1826666671875 0.06925 0.1846666671875 0.07975 0.191 0.08499999999999999 0.20233333281250002 0.0895 0.21033333281250002 0.0975 0.2166666671875 0.09775 0.23033333281249999 0.0945 0.2416666671875 0.096 0.25833333281250004 0.093 0.2866666671875 0.07625
18 0.9893333328124999 0.49474999999999997 0.9813333328124999 0.49024999999999996 0.99 0.48324999999999996 0.9893333328124999 0.47675 0.986 0.47474999999999995 0.9886666671875 0.47275 0.9886666671875 0.46975 0.9846666671875001 0.46675000000000005 0.986 0.45925000000000005 0.9926666671875 0.45125000000000004 0.9993333328125 0.44825 0.999 0.44400000000000006 0.993 0.4445 0.9836666671875 0.4375 0.9706666671875 0.45925000000000005 0.9773333328125 0.47424999999999995 0.9746666671875 0.47874999999999995 0.9773333328125 0.48674999999999996 0.9753333328125 0.49874999999999997 0.986 0.50625 0.9783333328125 0.5075000000000001 0.9766666671875001 0.50975 0.9766666671875001 0.5157499999999999 0.9853333328125 0.52175 0.9836666671875 0.524 0.978 0.52325 0.9786666671875001 0.53175 0.983 0.528 0.9863333328125 0.5309999999999999 0.9893333328124999 0.53025 0.9893333328124999 0.49474999999999997
18 0.753 0 0.75 0.00825 0.7426666671875 0.01575 0.7246666671875001 0.04325 0.692 0.06675 0.674 0.08675000000000001 0.6719999999999999 0.09075 0.6773333328125 0.09475 0.6786666671875 0.10525 0.6853333328125 0.10974999999999999 0.6886666671875 0.07775 0.708 0.07475000000000001 0.7113333328125 0.06625 0.7163333328125 0.063 0.7243333328125 0.0615 0.7413333328125 0.04525 0.7446666671875 0.03925 0.7526666671875 0.03575 0.7533333328125 0.026250000000000002 0.7633333328125 0.01575 0.7776666671875 0.008 0.7896666671875 0.008 0.8003333328125001 0.012 0.8006666671874999 0.01625 0.8056666671875 0.022 0.8109999999999999 0.0215 0.8163333328125001 0.0245 0.827 0.0235 0.8343333328125 0.028999999999999998 0.8496666671875 0.0315 0.85 0.03575 0.8560000000000001 0.03925 0.8573333328125001 0.04325 0.843 0.0465 0.8416666671874999 0.052500000000000005 0.853 0.052500000000000005 0.8630000000000001 0.0485 0.8633333328124999 0.04525 0.858 0.04325 0.8603333328125 0.039 0.8763333328125 0.036 0.8836666671875 0.0365 0.8943333328125 0.0395 0.8996666671875 0.0455 0.9276666671875 0.061 0.9356666671875 0.0625 0.9383333328125 0.067 0.9570000000000001 0.0715 0.9623333328125 0.0775 0.9776666671875001 0.078 0.9983333328124999 0.08449999999999999 1 0.07975 0.999 0.0645 0.9410000000000001 0.0435 0.9286666671875 0.03425 0.9323333328125001 0.03 0.9369999999999999 0.0295 0.9406666671874999 0.03175 0.9416666671874999 0.0375 0.9583333328125001 0.036 0.9730000000000001 0.038 0.9843333328125 0.052000000000000005 0.9883333328124999 0.052000000000000005 0.993 0.048 0.9993333328125 0.050249999999999996 1 0.03675 0.9936666671875001 0.0315 0.9516666671875 0.012 0.9236666671875 0.015 0.9143333328125 0.013500000000000002 0.901 0.008 0.8783333328125 0.006 0.8676666671875 0 0.753 0
18 0.8996666671875 0.27149999999999996 0.9363333328125 0.269 0.9410000000000001 0.2665 0.9503333328125001 0.26549999999999996 0.967 0.266 0.9716666671875 0.2625 0.9983333328124999 0.259 1 0.25125000000000003 0.9993333328125 0.22374999999999998 0.9883333328124999 0.22000000000000003 0.9776666671875001 0.22599999999999998 0.9623333328125 0.227 0.9570000000000001 0.22999999999999998 0.9410000000000001 0.2305 0.9286666671875 0.21775000000000003 0.9193333328125 0.21425 0.9173333328125001 0.20825 0.9193333328125 0.20425 0.909 0.202 0.8956666671875 0.188 0.8869999999999999 0.1875 0.8833333328125 0.18875 0.892 0.19624999999999998 0.8939999999999999 0.20125 0.89 0.21225 0.89 0.22374999999999998 0.885 0.22949999999999998 0.8656666671875 0.23349999999999999 0.8023333328125 0.2395 0.7946666671875 0.24225 0.7926666671875 0.27825 0.795 0.2815 0.8223333328125 0.28250000000000003 0.881 0.273 0.8863333328125 0.2745 0.8886666671875 0.27825 0.884 0.28225 0.8846666671875001 0.28625 0.8926666671874999 0.28275 0.8893333328124999 0.27875 0.8913333328125 0.27525 0.8996666671875 0.27149999999999996
18 0.9946666671875001 0.37275 0.998 0.36924999999999997 0.9966666671875 0.36425 0.9993333328125 0.36075 0.9913333328125 0.35325 0.9913333328125 0.34925 0.9936666671875001 0.34700000000000003 0.9993333328125 0.34875 0.9973333328124999 0.33425 0.9993333328125 0.31825000000000003 0.9936666671875001 0.3215 0.9913333328125 0.31975 0.9893333328124999 0.31775000000000003 0.9906666671875 0.31375000000000003 0.9853333328125 0.30975 0.9873333328125 0.30625 0.982 0.30225 0.9933333328125 0.29775 0.9853333328125 0.29325 0.9816666671875 0.2885 0.9676666671874999 0.28250000000000003 0.9423333328125001 0.284 0.9023333328125 0.2935 0.8630000000000001 0.296 0.8203333328125 0.3045 0.8103333328125 0.3105 0.7943333328125 0.3115 0.7893333328125001 0.31425000000000003 0.7826666671875 0.32575 0.7753333328124999 0.33025000000000004 0.77 0.33725 0.7889999999999999 0.34950000000000003 0.807 0.34500000000000003 0.853 0.3435 0.857 0.341 0.8736666671875 0.341 0.8876666671875 0.3325 0.905 0.3285 0.9103333328125001 0.3255 0.9296666671875 0.3215 0.9396666671875 0.322 0.9416666671874999 0.3175 0.9710000000000001 0.306 0.9810000000000001 0.308 0.9816666671875 0.313 0.9656666671874999 0.313 0.9573333328125001 0.32575 0.962 0.32925 0.9626666671875 0.33625 0.9676666671874999 0.3375 0.9693333328125 0.32925 0.9666666671874999 0.32575 0.9706666671875 0.31925 0.9730000000000001 0.318 0.982 0.32175 0.9800000000000001 0.33375 0.9880000000000001 0.33775 0.9800000000000001 0.34475 0.9786666671875001 0.35475 0.9756666671875 0.3585 0.9723333328124999 0.35950000000000004 0.967 0.357 0.9623333328125 0.36150000000000004 0.951 0.3605 0.921 0.35350000000000004 0.9186666671875001 0.35724999999999996 0.9233333328125 0.35975 0.9306666671875 0.37275 0.925 0.379 0.9176666671874999 0.3795 0.915 0.3815 0.9153333328125 0.37675000000000003 0.9103333328125001 0.3765 0.9066666671875 0.37275 0.9053333328125 0.35375 0.9073333328125001 0.34925 0.9043333328125 0.34900000000000003 0.9046666671875 0.35724999999999996 0.8953333328124999 0.36825 0.8973333328124999 0.37275 0.8956666671875 0.374 0.8789999999999999 0.3745 0.8743333328125 0.3795 0.859 0.3765 0.853 0.379 0.8423333328125 0.3775 0.8353333328125 0.38075000000000003 0.8523333328125 0.3815 0.8630000000000001 0.3865 0.8963333328124999 0.385 0.8996666671875 0.393 0.9036666671875 0.3915 0.9156666671875 0.39249999999999996 0.915 0.39049999999999996 0.9093333328125001 0.38925 0.9103333328125001 0.387 0.9189999999999999 0.39 0.9396666671875 0.3895 0.9583333328125001 0.39649999999999996 0.9776666671875001 0.3995 0.9836666671875 0.403 0.9946666671875001 0.40374999999999994 0.999 0.403 1 0.40075000000000005 0.9986666671875 0.37625000000000003 0.9946666671875001 0.37275
6 0.7453333328125 0.18275 0.738 0.17225 0.729 0.1655 0.7183333328125 0.1625 0.7016666671875 0.16399999999999998 0.6940000000000001 0.16875 0.6926666671875 0.17275000000000001 0.6966666671875 0.17375000000000002 0.7 0.18075000000000002 0.696 0.18925 0.6873333328125 0.19875 0.6886666671875 0.20675 0.7070000000000001 0.221 0.7133333328125 0.22174999999999997 0.725 0.219 0.7406666671875 0.20975000000000002 0.7466666671875 0.19424999999999998 0.7453333328125 0.18275
5 0.587 0.012 0.549 0.013000000000000001 0.5216666671875 0.011 0.513 0.013500000000000002 0.504 0.02425 0.5013333328125 0.03175 0.5063333328125 0.034 0.5356666671875 0.039 0.5509999999999999 0.0455 0.571 0.045 0.5820000000000001 0.04725 0.5873333328125 0.04475 0.5940000000000001 0.03225 0.592 0.01775 0.587 0.012
20 0.617 0.0325 0.6063333328125 0.0305 0.5996666671875001 0.0325 0.5906666671874999 0.03925 0.5866666671874999 0.04725 0.5873333328125 0.05125 0.6133333328125 0.06375 0.6193333328125 0.059750000000000004 0.6266666671875 0.04325 0.626 0.03975 0.617 0.0325
20 0.5813333328125 0.05125 0.5730000000000001 0.046 0.553 0.0465 0.5383333328125001 0.053500000000000006 0.5333333328125 0.058750000000000004 0.5326666671875 0.06375 0.549 0.0735 0.5813333328125 0.07475000000000001 0.5820000000000001 0.07075000000000001 0.5866666671874999 0.06675 0.5766666671875 0.05525 0.5813333328125 0.05125
7 0.258 0.012750000000000001 0.2556666671875 0.0055 0.2403333328125 0.005 0.21600000000000003 0.01075 0.21800000000000003 0.01975 0.2166666671875 0.03575 0.227 0.0445 0.2306666671875 0.04475 0.271 0.0355 0.2733333328125 0.03275 0.27 0.02425 0.258 0.012750000000000001
22 0.8406666671874999 0.13825 0.8426666671874999 0.10925 0.8373333328125 0.09575 0.8300000000000001 0.08675000000000001 0.8216666671875 0.08 0.8133333328125 0.07675 0.8093333328125001 0.07075000000000001 0.8003333328125001 0.064 0.767 0.06 0.7556666671875 0.0605 0.7423333328124999 0.0655 0.7216666671875 0.0635 0.7116666671874999 0.0705 0.6866666671874999 0.08225 0.678 0.09675 0.6799999999999999 0.10925 0.6863333328125 0.1115 0.7063333328125 0.11100000000000002 0.7226666671875 0.11925 0.7266666671875 0.12975 0.726 0.13674999999999998 0.7146666671874999 0.15325 0.7183333328125 0.157 0.7333333328125 0.16125 0.736 0.16924999999999998 0.746 0.18075000000000002 0.748 0.19824999999999998 0.7526666671875 0.20375000000000001 0.7693333328125 0.20525000000000002 0.7856666671875 0.198 0.8213333328125 0.17175 0.8373333328125 0.14725 0.8406666671874999 0.13825