27 0 0.5087275250000001 0.0009562046875000001 0.536109665625 0.010208165625 0.54625445625 0.045720675 0.5585727265625 0.0497595953125 0.557753765625 0.05449549375 0.562333821875 0.06530159218750001 0.5660239828125 0.0875984078125 0.5638895234375 0.1003715734375 0.5875096234375 0.1114850546875 0.600002009375 0.11613873593749999 0.6167874921875 0.1168953640625 0.6384545015625 0.1270055625 0.66589615625 0.1300648484375 0.68070355625 0.14864812656249998 0.6959857281249999 0.1739445765625 0.692390678125 0.18395911874999998 0.6879734453124999 0.2324261546875 0.6781459015625 0.2438932265625 0.6716441843750001 0.2956312703125 0.6535673796875 0.310487571875 0.64220186875 0.322444459375 0.6278869703125001 0.3259812 0.6199673875 0.35050973750000003 0.6089420359375 0.36432675468750003 0.5969349 0.374878403125 0.5860586703124999 0.379023184375 0.5737113765624999 0.37325364375 0.5613713390624999 0.2862835875 0.48780346874999997 0.28096329531249997 0.48832821718749997 0.2763466984375 0.5162841421875 0.266503309375 0.5183226796875 0.21064197187499997 0.491122853125 0.200686 0.482657565625 0.169837375 0.44373755781249996 0.16043651406249998 0.43660872656249994 0.14353656875 0.4331313671875 0.1148328859375 0.4337947625 0.088160484375 0.43438722187499995 0.067623578125 0.4432394234375 0.035170353125 0.4457285546875 0.025758209375 0.45283643125 0.0116811015625 0.4573955328125 0.006331521875 0.46436154375000005 0.0027767796875 0.46448567812499997 0 0.47128055937499996 0 0.5087275250000001
10 0 0.21614076875000002 0.0252428390625 0.24880058593749999 0.035246096875 0.258620059375 0.042934340625 0.26038534062499996 0.046925970312499996 0.258212190625 0.050752089062500005 0.25129938281249997 0.0588772171875 0.251015646875 0.0649823453125 0.23656613593750003 0.0747840875 0.22605505625000002 0.0833697484375 0.22439939843749998 0.0883117265625 0.21304114531249999 0.0837762703125 0.19964113125 0.0746467828125 0.185723625 0.0207076296875 0.0825296625 0.0173769703125 0.074510934375 0.015959370312500002 0.06303580156250001 0.011034315625 0.0530389921875 0.0121794625 0.0421522875 0.0079513859375 0.037554495312500005 0 0.0383231328125 0 0.21614076875000002
7 0.58196083125 0.044287475 0.5703755375 0.047403721875 0.555471946875 0.057415043750000005 0.511305 0.10302216875 0.4711240421875 0.15357450156250002 0.4602480875 0.17700356875 0.45583193125 0.1961395375 0.46330952812500004 0.25011199375 0.4740694171875 0.281598478125 0.5102450578125 0.34202589375 0.5239922171875 0.3571379875 0.5491016671875 0.40642720624999995 0.5605991015625 0.4226347421875 0.566811171875 0.42580740937500006 0.5718420875 0.4242758875 0.5970079515625 0.4023815625 0.6234608296874999 0.3736631 0.6309182671875 0.36153908437500004 0.633610521875 0.351276271875 0.632487940625 0.333689559375 0.6265708890624999 0.32440531093749997 0.623653471875 0.313660475 0.6261565671875 0.297980909375 0.6288015328125 0.286363909375 0.6367375046875 0.28066342187500004 0.6340328875 0.2760124296875 0.6380481625 0.27451637500000003 0.64415329375 0.260066865625 0.644069996875 0.24312177968749998 0.645540528125 0.24883274531250002 0.6493610046875 0.249038290625 0.6526556578125 0.241466121875 0.653269340625 0.22992005624999998 0.65907945 0.22158212656249998 0.661287528125 0.212014140625 0.6602831703125001 0.1978129 0.65436611875 0.1885286515625 0.643629875 0.1577192609375 0.6255702624999999 0.09191378125 0.6114920765625 0.067322371875 0.599292021875 0.0528341734375 0.594154165625 0.036743517187500005 0.58196083125 0.044287475
16 0.6132738078125 0.5041794281249999 0.597372578125 0.522021665625 0.594361659375 0.5377189625 0.5977519703125 0.5620056812499999 0.6003383625 0.5632712015625 0.600380009375 0.57174374375 0.5970493515624999 0.563725015625 0.588003159375 0.566752596875 0.5848267296875 0.577710234375 0.579217059375 0.5772282093750001 0.5748471140625 0.5685678546874999 0.5695741109375 0.5704467906249999 0.570294734375 0.5765229046875 0.5755384515624999 0.581085228125 0.576211784375 0.585807153125 0.5669944390625 0.5912134265625 0.566941509375 0.5969775937499999 0.5725871859375 0.613050515625 0.580317075 0.6232883390625 0.591075884375 0.6256243125000001 0.5983328828125 0.6223202515625 0.5969569296875 0.6193176640625 0.5907921484374999 0.6174991828125 0.584261415625 0.619761 0.581385646875 0.61748870625 0.5779840546874999 0.6074386953124999 0.5788927562499999 0.58978105 0.577227425 0.5857716859375001 0.5794298609374999 0.58332205625 0.5817505203125 0.5842578953124999 0.5877621515625 0.5962505203124999 0.5900242375 0.6100688812499999 0.5936026265625001 0.610621840625 0.601066784375 0.6205299828124999 0.61383323125 0.6221179296875 0.6293865109375 0.6161514390625 0.664560196875 0.5678077234375001 0.6656580546875001 0.5555668296875 0.66134668125 0.5340239546875 0.65417754375 0.5180042328125001 0.647050053125 0.510457053125 0.6398459875 0.5079969453125 0.6361020859375001 0.502704328125 0.62662465 0.5006625687499999 0.6132738078125 0.5041794281249999
16 0.9269962296875001 0.6938882453125 0.9215520703125 0.698145878125 0.909642471875 0.7138149640625 0.9030531671875 0.7289593015625 0.900007321875 0.7582162140625 0.904495490625 0.7702620390625 0.9061258921875 0.7878310187500001 0.9132477421875 0.8024965515625 0.928276275 0.8179028578124999 0.9463100859375 0.8247302203125001 0.967591259375 0.8226312265625 0.9819633859374999 0.81196054375 0.9913338812499999 0.796380125 0.9959977656250001 0.7697783874999999 0.994709671875 0.7474520171875 0.9897609734374999 0.7367781140624999 0.9895718171875 0.7313613625000001 0.9732202593749999 0.7071883 0.9669372562499999 0.70198435 0.9525054781250001 0.696387040625 0.937418371875 0.69386325625 0.9269962296875001 0.6938882453125
16 0.6146798765625 0.68276218125 0.615873390625 0.7023801734374999 0.6136889578125 0.7126252515625 0.6072235171875 0.7240367062499999 0.5858714093749999 0.7241044203125 0.58493234375 0.7190528140625 0.581525109375 0.716121159375 0.569313771875 0.7158696671875 0.5676428015625 0.718978659375 0.5741407640625 0.788577478125 0.5795736375 0.798556553125 0.58113310625 0.8140942499999999 0.5861347375 0.8190039890625 0.6134861109374999 0.8160150984375001 0.632901515625 0.8187266953125001 0.6598982203125 0.80558139375 0.676750878125 0.807704565625 0.681710859375 0.8041417609374999 0.6916601109375 0.7905748890625001 0.6964658640625 0.7680357171875001 0.69485910625 0.7511438328125 0.6894498765625 0.7418418515625 0.685953703125 0.729083465625 0.6817199859375 0.7316040296875 0.680828209375 0.7279066109375 0.677491909375 0.7270062390625001 0.66734678125 0.7131242 0.6383650046875 0.6985441109375 0.6242282453125 0.686835221875 0.6220021640625 0.688607759375 0.62049670625 0.69645640625 0.6185183546874999 0.6907631750000001 0.6203604796875 0.6852754890625 0.6161324015625 0.6806776984375 0.6146798765625 0.68276218125
16 0.3561339265625 0.6826388875 0.33399806249999997 0.7257818734375 0.32909773124999997 0.74561266875 0.3263705484375 0.7694350953125 0.32626468750000004 0.7809634265625001 0.33316353125 0.832922334375 0.3271889859375 0.8656711187499999 0.338225890625 0.8832505749999999 0.34446160625 0.8871003375000001 0.36863655156249997 0.8950690874999999 0.39363798125 0.8975856156249999 0.4122381828125 0.8915127249999999 0.424579028125 0.8809129765625 0.43484694062499996 0.86191161875 0.4393813203125 0.846161121875 0.4397349109375 0.8271670203125 0.436415534375 0.804911584375 0.43314236875 0.754859825 0.43553960468749997 0.75070859375 0.4353031578125 0.7439376531249999 0.440747315625 0.7396800203125 0.44199832499999997 0.7172649828125001 0.43794704375000004 0.7031701421875 0.42591814375 0.686303246875 0.41658821562500004 0.681205696875 0.39811751875 0.67642735 0.38210935 0.6766474078125 0.3561339265625 0.6826388875
16 0.8853388515624999 0.8987188749999999 0.8657928609375001 0.87770800625 0.8476408281250001 0.867495171875 0.8411686671874999 0.8568744687500001 0.8306283015625 0.8535139890625001 0.8240266328124999 0.8537445234375 0.8292714312499999 0.887457359375 0.8241819421875001 0.9018714015624999 0.8156379296875 0.9119996015625 0.811551721875 0.9114643750000001 0.8005924703125 0.9179483578125 0.791794009375 0.9135101703125 0.7871470484375 0.91875684375 0.8043430921875 0.9452731343749999 0.8295404 0.9752385718750001 0.84742428125 0.9881724484375001 0.8622091140625001 0.9876561515625 0.87483100625 0.9763686703125 0.890106190625 0.9551586953125 0.9018086296875 0.9262774078125 0.9018672015625 0.9133948875 0.895152953125 0.9031215984375001 0.8853388515624999 0.8987188749999999
16 0.5087275171875 1 0.5122211375 0.999878 0.5045398140625 0.9503191359375001 0.500075290625 0.93895040625 0.500015640625 0.922682415625 0.49275192343749996 0.9039543171875 0.4864914859375 0.8702769484375 0.48409989218750005 0.8673098265625001 0.4715046 0.8633431859374999 0.45372523906250006 0.8710822109375 0.4418156390625 0.8867512984375001 0.4394893390625 0.8929338124999999 0.4344831453125 0.9242929406249999 0.4351924859375 0.9446057625 0.44282323437500004 0.9884040734375 0.448254378125 1 0.5087275171875 1
16 0.95541559375 0.35020738749999997 0.9405063609375001 0.3673370625 0.9277872031250001 0.36710330625 0.9117261031250001 0.3730875296875 0.9050838671875001 0.3939960328125 0.9044228953125 0.4041879125 0.9255812828125001 0.43497231249999996 0.9356081859375 0.44546888281249997 0.949142546875 0.454487128125 0.9751832625000001 0.457645284375 0.9987969171875 0.45682067656249997 0.9940088765624999 0.31970913125 0.970105303125 0.30495170781250003 0.9687000671874999 0.30839037812500003 0.9706491312500001 0.320524871875 0.96607310625 0.327802828125 0.95584011875 0.33324456874999997 0.95541559375 0.35020738749999997
16 0.72181839375 0.20549387968750002 0.7100675859375001 0.20387046718750002 0.7073280421875 0.212779090625 0.687216740625 0.23381898437499998 0.6787729484375 0.23953720625 0.6612716828125 0.262519715625 0.6303666421874999 0.294783253125 0.6243268046875 0.3183823984375 0.63149594375 0.3344021203125 0.6311772796875 0.3398366078125 0.634555228125 0.3492095234375 0.6347916734375 0.3559804640625 0.629489384375 0.3643006609375 0.6292416546874999 0.3717664296875 0.644264546875 0.3942910890625 0.6502345296875001 0.3978111703125 0.6542678078125 0.4041105625 0.6512332453125 0.41913076718750003 0.6468283734375 0.4240300265625 0.6557394171875 0.43897204062500006 0.667253778125 0.43382451250000004 0.686231215625 0.40943461406250004 0.6991035250000001 0.399494228125 0.716675725 0.37854299999999996 0.7221908171875 0.37631665000000003 0.731532028125 0.367177490625 0.7329136203125 0.363061725 0.736875965625 0.3673298359375 0.7377857453125001 0.3788227015625 0.7328257625 0.38238550625 0.7316816937499999 0.42242272343750004 0.7229485234374999 0.42713417031249995 0.7204983578124999 0.43704956875 0.7234157765625 0.44779440625 0.7210658296875 0.4532998265625 0.7283115437500001 0.46423247500000003 0.7366021843749999 0.4686883984375 0.7460852625000001 0.46361180312499994 0.7542216749999999 0.449091359375 0.7641416390625 0.44196574999999994 0.774267684375 0.4189018296875 0.7764634015625 0.39442004062499997 0.7731440265625 0.3721646046875 0.7781265734375 0.3401283828125 0.77765368125 0.3265865015625 0.7831327671875 0.30876925312500003 0.785210259375 0.280901996875 0.7947046203125 0.26158869375 0.7968654078124999 0.250666521875 0.796416159375 0.237801734375 0.791662259375 0.225426228125 0.779427278125 0.22449764375 0.741286728125 0.2024413109375 0.72181839375 0.20549387968750002
16 0.8974816421874999 0 0.90341015625 0.0039116671875000005 0.9273486546875 0.0051094765625000005 0.92976389375 0.00875369375 0.92697921875 0.0746091515625 0.929908996875 0.10026779062499999 0.9358676953125 0.11802458281249999 0.9394697296875 0.1192546359375 0.942374784375 0.115085671875 0.952873503125 0.109973609375 0.9864430656250001 0.103052665625 0.9828443874999999 0 0.8974816421874999 0
27 0.20628820781249999 0.91972016875 0.22923363125 0.8924800265625 0.2430799328125 0.8740316296874999 0.25046643749999997 0.8598763328125001 0.257581565625 0.852509709375 0.26278927812499997 0.8414811359375 0.25961176875 0.8232882640625 0.2614888234375 0.8042409625 0.26605920781250003 0.8040813625000001 0.263472815625 0.802815840625 0.2633309484375 0.7987532765625 0.26974345781250003 0.7931059874999999 0.273014465625 0.784856725 0.27462014375 0.7725980984375 0.283299303125 0.7445003046875 0.3012611015625 0.7201458749999999 0.3012903859375 0.7137046140625001 0.2819695625 0.71370139375 0.2665694328125 0.7094937390625 0.2562002203125 0.7037545625 0.25037774687500003 0.6971786890625 0.241697509375 0.696125971875 0.2378590296875 0.6881249781250001 0.23389104375 0.6909752218749999 0.2313575828125 0.683945534375 0.227466171875 0.68170870625 0.1875847953125 0.6898805921875 0.178633184375 0.695616546875 0.16639820156250001 0.6946879625 0.149781990625 0.6993357328124999 0.130401515625 0.68306451875 0.122216734375 0.6670802640625 0.0970734375 0.660501171875 0.087743509375 0.6554036203125 0.0724965328125 0.6410218234375 0.067902503125 0.6405043296875 0.0641586015625 0.6352117109375001 0.0580884 0.6361016078125 0.0482033640625 0.6296676031249999 0.030983675 0.6024742187500001 0.023224500000000002 0.5986776578125 0.015034078125 0.58981175625 0.011585196875 0.5784075578125 0.002839665625 0.5682052015625 0.0020718796875 0.5680584 0.013572404687500001 0.89739034375 0.0331563296875 0.912207671875 0.07973503125 0.9356641390625 0.1166764234375 0.94522083125 0.14714565625 0.9441568234375 0.18238571406249998 0.9341132562500001 0.20628820781249999 0.91972016875
27 0.5520873640625 0.6666441265625 0.5446941390625 0.658767265625 0.5362919953125 0.6729580296875 0.5162043374999999 0.69467501875 0.502705984375 0.7012476703125 0.4922725578125 0.7155093671875 0.48335695312500004 0.7368362187499999 0.47297645624999995 0.7453337515625 0.47072108906250004 0.7535475468749999 0.47268251718750004 0.78059584375 0.47697024375 0.8014616234374999 0.4807850796875 0.808785525 0.480313265625 0.824394153125 0.485640278125 0.8459015624999999 0.48644419687499996 0.8689227609374999 0.4937675640625 0.9039188499999999 0.50207056875 0.923288575 0.502685328125 0.9408930218749999 0.5074335875 0.9603868796875 0.5109421203125 0.9880590687499999 0.5147131609375 0.9997909765624999 0.5833817812500001 0.997393015625 0.5854385890625 0.9956263906249999 0.5935040671875 0.9790746640625001 0.5806387265625 0.8581762984375001 0.5806972984375001 0.8452937781250001 0.559906190625 0.6867086796875 0.5520873640625 0.6666441265625
16 0.6952833828125 0.887051925 0.68091125625 0.8977226078125 0.6773272265625 0.9042880015625 0.6746586171875 0.915227909375 0.6786513265624999 0.9422052687500001 0.682537096875 0.9515604515625 0.68993031875 0.9594373125000001 0.70099086875 0.9776938625 0.71585953125 0.9812421546874999 0.7340701375 0.9785724671875 0.7440137453125 0.9721239515625 0.752900065625 0.957238359375 0.7539979234375 0.9449974671874999 0.7513991703125 0.92881814375 0.751244940625 0.9098417765625 0.7431018093749999 0.9023300640624999 0.7256940421875 0.8988704375 0.7081736953125 0.8849069859375 0.6952833828125 0.887051925
16 0.42728198125 0.521521121875 0.4231664859375 0.52742715625 0.419116284375 0.5424828265625 0.4205518875 0.56175340625 0.4114347625 0.5627497046875 0.40308554843750005 0.571176303125 0.3812492640625 0.5719388421875 0.37589404375 0.5860232046875 0.368802559375 0.594066921875 0.3470732171875 0.612451640625 0.34003466250000003 0.6147311921874999 0.3349395328125 0.636263590625 0.333133415625 0.657342171875 0.32629637968749997 0.679952278125 0.3327505359375 0.682777534375 0.3408283765625 0.681139609375 0.3521535796875 0.670575328125 0.3727377765625 0.663077315625 0.384086621875 0.653190128125 0.40878067187499995 0.646904434375 0.42836615 0.618086825 0.43382159218750005 0.599592484375 0.4365318484375 0.5971251203125 0.4447222703125 0.605991021875 0.4461928015625 0.6117019875 0.4704150359375 0.6210249234375 0.4746014640625 0.6171501734375 0.47436501875000003 0.61037923125 0.4689557890625 0.6010772515625 0.47004800468749997 0.5959547109375001 0.5008651875 0.58301495625 0.485139675 0.56220963125 0.4454925875 0.5188514343749999 0.44109335781250003 0.5166323390625001 0.42728198125 0.521521121875
0 0.7125691062499999 0.46478221406250003 0.708624765625 0.46830955156250004 0.7044912671875 0.4664201375 0.69979701875 0.4703126234375 0.7034936296875001 0.474251053125 0.7008486656249999 0.4858680515625 0.705667859375 0.50739319375 0.7104037562500001 0.5119732515625001 0.712034159375 0.5295422296875001 0.717106721875 0.5364832500000001 0.72694446875 0.5415630671875 0.75956320625 0.5438135921875 0.7668145625 0.5476278890625 0.8114081921875 0.543358965625 0.8135869843749999 0.5402322421875 0.813716490625 0.5293810031249999 0.8046286500000001 0.523936040625 0.792670684375 0.509100428125 0.8207832515625 0.4915096796875 0.8239303953125001 0.4869933015625 0.821444221875 0.48131780312499994 0.796206346875 0.47203033281250006 0.7347837046875 0.47485317968749996 0.7243199140625001 0.466405625 0.717405225 0.46495229218749995 0.7125691062499999 0.46478221406250003
10 0.7133650140625 0 0.713372690625 0.0000401671875 0.7129481656250001 0.017002984375 0.7102086234375 0.025911609375 0.692022740625 0.0584089 0.6890118234375 0.0741061984375 0.692797371875 0.087871359375 0.703308453125 0.0976731 0.712833178125 0.1010690484375 0.717758234375 0.1110658578125 0.719199478125 0.123218084375 0.722435559375 0.12852843593750002 0.7221168953125 0.13396292031249998 0.733814771875 0.1413505 0.738403159375 0.148986346875 0.7338214921875 0.16338265624999998 0.7244329921875 0.171167628125 0.7253427718750001 0.18266049374999999 0.7298365812500001 0.1875879640625 0.74823634375 0.1903350296875 0.756822003125 0.188679371875 0.760406034375 0.1821139765625 0.7698880328125 0.1478868703125 0.7813878734374999 0.069524515625 0.79029111875 0.0332838625 0.7954233640624999 0 0.7133650140625 0