3 0.625590303125 0.373396778125 0.6287072046875 0.35913809375 0.6367303 0.35063951718749997 0.6551949890625 0.31441426875 0.655235415625 0.300127265625 0.6385832 0.2909503890625 0.6429064375 0.28527523125 0.642144540625 0.2798540546875 0.633195053125 0.27811735312499997 0.6124475875 0.2798815 0.6053018375 0.2873353984375 0.60580976875 0.29094951562500004 0.5744071671875 0.3043462734375 0.5575731015625001 0.31938106093749996 0.556210890625 0.3315503890625 0.5500694703125 0.3388631375 0.5438241328125 0.360011125 0.5314143078125 0.3737330953125 0.5148428265625 0.41614189843749994 0.5265628671875 0.42301747812499996 0.5482886828125 0.42457099062500003 0.5858932828125 0.422510825 0.596026040625 0.41809228750000005 0.625590303125 0.373396778125
16 0.6757835546875001 0.4317602390625 0.6856883234375 0.4220758359375 0.689186175 0.4105277375 0.7030332359375 0.3924575875 0.72522085 0.3681476859375 0.7325859640625 0.340392696875 0.7067158515624999 0.33850025 0.7019135734375 0.3189049046875 0.6950997250000001 0.31778943437499996 0.6875990062499999 0.3190739359375 0.6521531125 0.3364941 0.640568675 0.356089009375 0.6403262421875 0.36165133437499997 0.6449149796875 0.36515261875 0.6430448390625 0.3737078296875 0.6321357390625 0.3835333828125 0.6159510312500001 0.392257625 0.59608953125 0.41854405312500004 0.58548635625 0.42325904531249997 0.598375221875 0.43480757812500004 0.6095873328125 0.438069040625 0.6261010312499999 0.43897300625 0.666591634375 0.4355858625 0.6757835546875001 0.4317602390625
14 1 0.465036590625 0.9951657796875001 0.43063933125 0.9920893015625 0.430611015625 0.983774728125 0.4333919578125 0.9734890109375 0.44036577499999996 0.89358424375 0.4730176390625 0.8936592687499999 0.48083878750000003 0.910908884375 0.4906227375 0.93765634375 0.49147050468750003 0.975884325 0.48655860000000006 1 0.479127421875 1 0.465036590625
18 0.633745628125 0.7302050125 0.6203603656250001 0.7224117453125001 0.58430845 0.7136578796874999 0.5806605499999999 0.7095636812499999 0.5663084703125 0.7058221359375 0.5521843765625001 0.7073464609375 0.5368279703125001 0.7037460656250001 0.5292262453125 0.7006682296875 0.5230617578125 0.6932422109374999 0.5149001453125 0.6934678765625 0.5130704296874999 0.687736084375 0.5025711687500001 0.678615840625 0.488816490625 0.6754813687500001 0.480172928125 0.6686341078125 0.47060006093749995 0.6697491421875 0.46583238125 0.672261946875 0.4662768203125 0.6754242984375 0.48015848125 0.6794623 0.48292903593750003 0.684601178125 0.49247592500000004 0.6869449515625 0.4941151671875 0.6913214484375 0.5107558484375 0.6931289421875 0.518432596875 0.704027928125 0.560585509375 0.7197560484375 0.576755771875 0.7218599984375 0.616989496875 0.7348633718750001 0.6219591828125 0.7410752453125 0.6317860171875 0.74176726875 0.633745628125 0.7302050125
18 0.4516592421875 0.6625063124999999 0.4592609671875 0.6655841515625001 0.464282609375 0.6648784062499999 0.46638073750000003 0.6615890609374999 0.462986803125 0.659301921875 0.45356689687499996 0.6578616765625 0.42943994218750003 0.646510490625 0.4223346171875 0.6396773859375 0.40732164531250004 0.63487700625 0.40260592500000003 0.6304721921875001 0.3941008765625 0.6318978421875 0.38316870937499997 0.6269846296875 0.37387578593750004 0.6264479125 0.337468903125 0.6115246515625 0.304470396875 0.5880603343749999 0.29052524375 0.58357056875 0.28341991875 0.5767374656250001 0.27427995781250003 0.57364546875 0.262761921875 0.5754945671875 0.2559855875 0.5782896703125 0.2563665359375 0.5810002578125 0.27081961875 0.589104140625 0.2803030171875 0.5909961499999999 0.28345451875 0.5988456156249999 0.287535325 0.5987327828125 0.291183225 0.60282698125 0.336233675 0.6245975078125 0.3976708390625 0.64636846875 0.4022595765625 0.6498697531250001 0.4010763078125 0.65602499375 0.41567081874999995 0.6542042109375 0.4350820546875 0.6611505828124999 0.4516592421875 0.6625063124999999
18 0.694952703125 0.203789875 0.6955876171875001 0.20830752343749998 0.683483715625 0.21691893125 0.67596855 0.22903162500000002 0.646814128125 0.2547813375 0.643697225 0.269040021875 0.6563840843750001 0.271863878125 0.6454114921875 0.281237665625 0.65047065 0.28444249374999997 0.656078159375 0.2769744375 0.6772845109375 0.26754445 0.68530760625 0.25904587343749996 0.6862369125 0.2510835765625 0.7110565624999999 0.2236396390625 0.7167650765625 0.2205339203125 0.7189526765625 0.2142375328125 0.7247881734375 0.21203534375 0.7432124375 0.19009709531250002 0.749988771875 0.18730199218750002 0.77606671875 0.1615239640625 0.7836569078125 0.15723241875 0.7859714890625 0.151839559375 0.7811922765625 0.14698298125 0.7698272046875 0.1462768 0.7669412015625 0.147603775 0.7744159421875 0.149778084375 0.7721908328125 0.152163896875 0.7622745281250001 0.15447891875 0.7526641484375001 0.1516833796875 0.7439166671875 0.1586713546875 0.7340753890625 0.1688075234375 0.740799765625 0.172930040625 0.7194924109375 0.1779976890625 0.710617946875 0.184082134375 0.71043900625 0.1900962234375 0.7029123078125 0.19483953437499998 0.7007882015625 0.2015876859375 0.694952703125 0.203789875
18 0.4363779765625 0.5865673796875 0.45373150781250005 0.5825160921875 0.47295518124999997 0.5699095953125 0.466663709375 0.5615800484375 0.467835446875 0.5480554265625 0.4913333125 0.5184938140625001 0.53633774375 0.4306271203125 0.5367071578125 0.42596832500000004 0.520816840625 0.4222126234375 0.48860900625000003 0.46267278437500003 0.486305959375 0.4754350265625 0.4314602484375 0.5734378890625 0.43041549375 0.587866040625 0.4238931265625 0.5924682015625 0.42390465937500005 0.599837584375 0.4140633796875 0.6099737546874999 0.418842590625 0.6148303312500001 0.41225672968750005 0.6189807296875001 0.417939265625 0.6193338203125001 0.42804604375000005 0.61837409375 0.43133897499999996 0.6162988953124999 0.4389580546875 0.5903509640625 0.4363779765625 0.5865673796875
18 0.5605225968750001 0.31850585 0.590871821875 0.29397028281250004 0.5910507625 0.28795619375000003 0.6336251640625 0.2119482125 0.64756460625 0.1726734421875 0.66166563125 0.1564103515625 0.683512721875 0.115102859375 0.6975271890625 0.0836492375 0.6948605515625 0.06467512343750001 0.6836744203125 0.0579548515625 0.675206884375 0.0632910765625 0.6728288124999999 0.06823217031249999 0.6716570765625 0.08175679062499999 0.6524650921874999 0.134669015625 0.6480148703124999 0.13944064218750002 0.6457753140625 0.1526546484375 0.6325631671874999 0.17524244375 0.621590578125 0.1846162328125 0.607743515625 0.2026863828125 0.584089778125 0.25300085 0.5511431140624999 0.302778603125 0.541526909375 0.33637821562500003 0.5489872046875 0.349380715625 0.5605225968750001 0.31850585
18 0.6346170343749999 0.8457151734374999 0.6509517921875 0.852633228125 0.6537223453125 0.8577721046875 0.6677944796874999 0.8631653984375 0.6684669078125001 0.8715936187500001 0.669433721875 0.8675418968749999 0.6772778781250001 0.8650574093750001 0.6777627421875 0.853932759375 0.6744842578125 0.8451797640625 0.6642389625 0.8378665796875 0.6401235421875 0.8338847765624999 0.616556475 0.8192300890625 0.5923140703125 0.81434475625 0.585335728125 0.8084151828125 0.56592449375 0.8014688124999999 0.5578148406250001 0.7947768578125001 0.5340053421875 0.78568449375 0.5255147390625 0.776281953125 0.5105652593750001 0.7719333359375 0.49571969375 0.7537494828125 0.4642334484375 0.733758134375 0.44941095000000003 0.730313046875 0.44098384062499996 0.72136226875 0.42911083593750005 0.7170419703124999 0.4153446234375 0.706538115625 0.39895790937500003 0.7065376796875 0.3925885015625 0.7085845609375 0.3762508328125 0.7198640828125 0.38002571406249996 0.7248618109375 0.3883778 0.725991440625 0.41791888125 0.7467168515625 0.4541093125 0.7637436296875 0.49326077343749997 0.7872645796875 0.5149346296874999 0.7957357125 0.52223043125 0.803924109375 0.535488709375 0.8108138468750001 0.549332859375 0.8109412734375001 0.5724814640625 0.8189748 0.6059128765625 0.838232084375 0.6346170343749999 0.8457151734374999
18 0 0.47604829375 0.0447881171875 0.5038561046875001 0.0798068125 0.53440750625 0.12486879531249999 0.563547415625 0.1866349515625 0.5949465843749999 0.208066378125 0.6089800390625 0.255783465625 0.6497246796875 0.287385159375 0.6632501734375 0.327921896875 0.6893405625 0.3362855171875 0.6978395765625 0.35679055000000004 0.701637753125 0.3693764046875 0.700099271875 0.3569175328125 0.7025412828125 0.357082028125 0.7073553859375 0.3673533015625 0.7112097625 0.38524074375 0.7073137828125 0.3852667234375 0.7038549734374999 0.3800546046875 0.7032054249999999 0.3826231515625 0.699619625 0.3789117609375 0.6950736609375 0.39810945468750003 0.6859259734375 0.40662894843749997 0.67367213125 0.399751609375 0.67210489375 0.38305897031249997 0.67721501875 0.3742364640625 0.676381846875 0.36128410781250003 0.6643815484375 0.310311603125 0.6296226796875 0.28819330625 0.617989196875 0.2842279484375 0.611636175 0.277694046875 0.6088689515625 0.28251368125 0.5994385296875 0.26886000781249997 0.600666396875 0.24834344062499997 0.589498834375 0.244505065625 0.5840493421875 0.20604047812499998 0.55812841875 0.172609065625 0.5388711359375 0.16612712031250002 0.52918629375 0.147275775 0.518936421875 0.11319791562499999 0.48779210624999997 0.06259482499999999 0.44837444375 0.0512817109375 0.44075064218750004 0.03884881875 0.43973384531250004 0 0.4528347859375 0 0.47604829375
6 0.77634888125 0.6226327578124999 0.7902709671875 0.6123837562500001 0.806672128125 0.601556 0.8194744343749999 0.597914003125 0.8299131171875 0.5883849062500001 0.8229982640625 0.582907096875 0.8089636421874999 0.581424375 0.7661209453125 0.5862938046874999 0.7409232593749999 0.592829578125 0.698574046875 0.6121413171875 0.6770617718749999 0.6266818640625 0.6347500734375 0.6499041765625 0.63130418125 0.6545346546874999 0.633884259375 0.6583182390625 0.6481093578125 0.6611562531249999 0.678429690625 0.658277071875 0.7039073218749999 0.650089546875 0.7299563765625 0.6459679031250001 0.737546565625 0.64167635625 0.755307025 0.6368768484375 0.773690865625 0.6292256015625 0.77634888125 0.6226327578124999
3 0.386940565625 0.7303396203125 0.3765913546875 0.7368616734375 0.371275321875 0.7500473609375 0.3742623296875 0.7530827234374999 0.3823604484375 0.75240529375 0.3978207734375 0.7421704515624999 0.3989405515625 0.7355634484375 0.386940565625 0.7303396203125
3 0.2865365890625 0.7227981546875 0.3008107328125 0.736916125 0.326094978125 0.74557088125 0.3542912046875 0.7494398531249999 0.36427391249999996 0.729379021875 0.3640719046875 0.7206543437499999 0.3401729359375 0.7145690250000001 0.3319478328125 0.714342925 0.322095021875 0.7171097109375 0.31248464062500003 0.714314171875 0.3017169703125 0.7142150625 0.29421624999999996 0.7154995625 0.2865365890625 0.7227981546875
18 0.715633534375 0.3800909140625 0.718747525 0.384029803125 0.7962800421875 0.31992388437499997 0.798658115625 0.3149827890625 0.7952006890625001 0.312243884375 0.7851833828125 0.3101965671875 0.7715931984375 0.3118762 0.758981365625 0.31687349062500003 0.73559895 0.3399692484375 0.7229062671875 0.37354054375 0.715633534375 0.3800909140625
18 0.6153333609375 0.438873896875 0.6077431703125 0.4431654421875 0.5796681015625 0.476595153125 0.574225084375 0.4888773140625 0.54252518125 0.5329515921875 0.5343866375 0.547916021875 0.535465990625 0.555596021875 0.5497545781250001 0.5588858 0.5591254390625 0.5490460875000001 0.5737748203125 0.5221101125 0.5990908703125 0.49091090781249996 0.6140577078125 0.46623375625 0.6334228093750001 0.44370259531249995 0.6301818359375 0.43886017343750006 0.6153333609375 0.438873896875
18 0.9774688125000001 0.4358906046875 0.97621051875 0.43422469531249996 0.964934915625 0.43051146874999996 0.95529855625 0.43117474062500005 0.9231455921875 0.44651970468749996 0.8267646421875 0.482178178125 0.749223503125 0.5207171390625 0.65284255 0.5563756125 0.6298180140625 0.5674431906249999 0.6279103609375001 0.572087828125 0.6326520609374999 0.5730338328125 0.6505395015625 0.569137853125 0.73048178125 0.5403965640624999 0.776975290625 0.5214237578125 0.8257833796874999 0.49705809375000004 0.901771834375 0.469333165625 0.971480353125 0.4406480734375 0.9774688125000001 0.4358906046875
18 0.60764181875 0.6792821640625 0.6106172937500001 0.6749481421875 0.5915639390625 0.6559735921875001 0.5718872046875 0.639850778125 0.565670759375 0.6393423796875 0.5665365718750001 0.6309283171875 0.545740059375 0.6214125078125 0.5415842296875 0.613704190625 0.513122503125 0.6006587796875 0.5118526765625 0.5916234874999999 0.4808743609375 0.5752462546875 0.4678585125 0.5627941937500001 0.45768824375 0.56330215625 0.45003456249999996 0.5671419375 0.4507964578125 0.5725631124999999 0.47066366718749997 0.5900412203125 0.48146885 0.5940509031250001 0.4910907640625 0.604215825 0.5008281265625001 0.6079148937500001 0.5203143875 0.6226824140625 0.5342595390625 0.6271721796875 0.541682321875 0.63626410625 0.5546231453125 0.6408950203125 0.554253728125 0.645553815625 0.5865018703125 0.6709663390625 0.596556690625 0.67692423125 0.60764181875 0.6792821640625