21 0.356 0.9076666671875 0.3635 0.8150000000000001 0.36475 0.8126666671875 0.366 0.8143333328125 0.371 0.8296666671875 0.37625000000000003 0.8346666671875 0.38825 0.8306666671875 0.39625 0.8326666671874999 0.4125 0.7896666671875 0.422 0.7543333328124999 0.4225 0.7223333328125 0.418 0.6910000000000001 0.40199999999999997 0.665 0.398 0.649 0.38875000000000004 0.64 0.37675000000000003 0.638 0.36675 0.6426666671875 0.35625 0.654 0.34875 0.658 0.32975 0.658 0.31025 0.6679999999999999 0.29225 0.6733333328125 0.26925 0.6566666671875 0.25475 0.6413333328124999 0.23625 0.64 0.22425 0.6346666671875 0.20074999999999998 0.63 0.18425 0.63 0.16075 0.6366666671875 0.1355 0.6723333328125001 0.1105 0.7363333328125 0.09 0.779 0.074 0.8223333328125 0.06949999999999999 0.859 0.06999999999999999 0.9063333328125 0.0765 0.945 0.0805 0.9543333328125 0.10625 0.9960000000000001 0.11474999999999999 0.9993333328125 0.33799999999999997 0.9996666671875 0.35375 0.9993333328125 0.3585 0.9883333328124999 0.3605 0.9483333328124999 0.356 0.9076666671875
21 0.6315000000000001 0.9470000000000001 0.632 0.9296666671875 0.617 0.8536666671875001 0.607 0.8296666671875 0.57525 0.784 0.55425 0.776 0.54525 0.7766666671875 0.544 0.773 0.532 0.701 0.538 0.6916666671875 0.5455 0.6716666671875 0.5475 0.659 0.5549999999999999 0.637 0.561 0.631 0.5625 0.611 0.5615 0.6063333328125 0.5535 0.5963333328125 0.5549999999999999 0.591 0.554 0.5823333328125 0.55025 0.5806666671875 0.548 0.5756666671875 0.5535 0.577 0.5535 0.5676666671875 0.5475 0.5616666671874999 0.5455 0.553 0.53675 0.5386666671875 0.52575 0.538 0.51025 0.5493333328125 0.5075000000000001 0.5476666671875 0.506 0.541 0.5035000000000001 0.5389999999999999 0.506 0.5343333328125001 0.504 0.529 0.5085 0.523 0.5077499999999999 0.5173333328124999 0.50975 0.5153333328125 0.514 0.517 0.5155000000000001 0.507 0.514 0.4996666671875 0.511 0.49833333281250003 0.5105000000000001 0.4916666671875 0.5042500000000001 0.49133333281249997 0.50225 0.49533333281249997 0.49325 0.4966666671875 0.48525 0.502 0.47050000000000003 0.5196666671875 0.47050000000000003 0.5403333328125 0.47525000000000006 0.54 0.47800000000000004 0.5429999999999999 0.47400000000000003 0.5583333328125 0.472 0.5783333328125 0.4585 0.6143333328125 0.4445 0.6376666671875 0.43899999999999995 0.6683333328125001 0.42350000000000004 0.7056666671875 0.4255 0.739 0.42350000000000004 0.761 0.4 0.8310000000000001 0.39475 0.8373333328125 0.38425 0.8373333328125 0.37725 0.8446666671875 0.37275 0.8426666671874999 0.3685 0.851 0.35950000000000004 0.909 0.361 0.931 0.3655 0.9483333328124999 0.364 0.9943333328125 0.36724999999999997 0.9993333328125 0.5665 0.999 0.57875 0.9953333328125 0.59825 0.9826666671875 0.62425 0.958 0.6315000000000001 0.9470000000000001
21 0.16075 0.6353333328125 0.17975000000000002 0.6293333328124999 0.19275 0.6286666671875001 0.21375000000000002 0.6306666671875 0.24275000000000002 0.6393333328125 0.25975000000000004 0.6386666671875 0.2745 0.627 0.27949999999999997 0.6136666671875 0.2835 0.5876666671875 0.28300000000000003 0.4996666671875 0.318 0.4596666671875 0.3195 0.44966666718750004 0.31675 0.44400000000000006 0.28275 0.42133333281249996 0.27875 0.42533333281249996 0.26225 0.4226666671875 0.24225 0.414 0.21974999999999997 0.4086666671875 0.18925 0.3953333328125 0.16825 0.3973333328125 0.12975 0.39 0.12425 0.3906666671875 0.11850000000000001 0.395 0.1025 0.4363333328125 0.0915 0.479 0.079 0.5603333328125 0.079 0.591 0.08299999999999999 0.617 0.087 0.6703333328125 0.095 0.6963333328125 0.10200000000000001 0.7336666671875001 0.1065 0.7363333328125 0.11599999999999999 0.7190000000000001 0.135 0.6696666671875 0.149 0.6483333328125 0.16075 0.6353333328125
21 0.12525 0.3886666671875 0.13474999999999998 0.3906666671875 0.1395 0.3876666671875 0.1335 0.3823333328125 0.1315 0.3736666671875 0.12575 0.3633333328125 0.10925 0.3486666671875 0.09525 0.3413333328125 0.06999999999999999 0.3656666671875 0.06 0.393 0.0595 0.4096666671875 0.0615 0.4136666671875 0.050749999999999997 0.4233333328125 0.044 0.4336666671875 0.0385 0.46166666718749994 0.039 0.4763333328125 0.056499999999999995 0.5343333328125001 0.07475000000000001 0.5593333328125001 0.0785 0.5589999999999999 0.0885 0.49366666718749996 0.1025 0.4336666671875 0.11975 0.3913333328125 0.12525 0.3886666671875
21 0.24900000000000003 0.3776666671875 0.24375 0.366 0.2245 0.3503333328125 0.219 0.3403333328125 0.22149999999999997 0.32966666718750004 0.21775000000000003 0.3273333328125 0.18475 0.3186666671875 0.17825 0.3213333328125 0.16375 0.3193333328125 0.15025 0.3313333328125 0.14025 0.3446666671875 0.11775 0.344 0.11499999999999999 0.3463333328125 0.1145 0.3503333328125 0.12275 0.354 0.125 0.361 0.13799999999999998 0.3763333328125 0.14075 0.3826666671875 0.15325 0.3926666671875 0.16525 0.3926666671875 0.17175 0.396 0.18825 0.394 0.21974999999999997 0.40800000000000003 0.233 0.4096666671875 0.24225 0.40599999999999997 0.2455 0.40099999999999997 0.2485 0.391 0.24900000000000003 0.3776666671875
21 0.80425 0.884 0.8119999999999999 0.8763333328125 0.827 0.8343333328125 0.8300000000000001 0.8136666671875 0.8320000000000001 0.741 0.8285 0.7196666671874999 0.8065 0.657 0.7985 0.6403333328125 0.75275 0.5893333328125 0.74125 0.5820000000000001 0.70375 0.5746666671875 0.65775 0.5726666671875 0.6367499999999999 0.5526666671875 0.62325 0.5433333328125001 0.61225 0.5386666671875 0.60825 0.54 0.59325 0.5533333328125 0.5862499999999999 0.564 0.57875 0.5673333328125 0.575 0.5743333328125 0.5755 0.581 0.5730000000000001 0.591 0.575 0.5956666671875 0.58025 0.602 0.5902499999999999 0.6026666671875 0.599 0.607 0.5965 0.6216666671875 0.5980000000000001 0.633 0.608 0.659 0.58525 0.6793333328125 0.5740000000000001 0.701 0.5715 0.7203333328125 0.5740000000000001 0.7696666671875 0.5820000000000001 0.7876666671875 0.6085 0.827 0.6214999999999999 0.861 0.62625 0.8686666671875001 0.6677500000000001 0.8966666671875 0.718 0.9116666671875 0.74425 0.9066666671875 0.77325 0.8939999999999999 0.79225 0.8906666671875 0.80425 0.884
21 1 0.6223333328125 0.9692500000000001 0.6146666671875 0.94825 0.606 0.92875 0.5900000000000001 0.91425 0.5860000000000001 0.8932499999999999 0.5846666671875 0.86875 0.5726666671875 0.8342499999999999 0.572 0.8077500000000001 0.5780000000000001 0.8002499999999999 0.5820000000000001 0.7835 0.607 0.7809999999999999 0.617 0.78625 0.626 0.8015000000000001 0.6423333328124999 0.828 0.7156666671874999 0.833 0.7423333328124999 0.8305 0.7796666671875 0.833 0.8009999999999999 0.8387499999999999 0.8099999999999999 0.85125 0.8153333328124999 0.8552500000000001 0.8240000000000001 0.86575 0.8326666671874999 0.89275 0.85 0.9065 0.8516666671875001 0.91975 0.8506666671875 0.94525 0.8426666671874999 0.96975 0.8453333328125 0.97875 0.8380000000000001 0.9890000000000001 0.8210000000000001 0.9974999999999999 0.7889999999999999 0.9974999999999999 0.7576666671875001 1 0.7483333328125 1 0.6223333328125
21 1 0.545 0.994 0.5336666671875 0.9994999999999999 0.523 0.9994999999999999 0.511 0.99 0.4336666671875 0.9775 0.3896666671875 0.9625 0.3483333328125 0.9577500000000001 0.3466666671875 0.954 0.351 0.9492499999999999 0.382 0.9432499999999999 0.374 0.93825 0.3713333328125 0.9327500000000001 0.3713333328125 0.92275 0.37933333281250003 0.90525 0.3713333328125 0.86825 0.384 0.8644999999999999 0.3923333328125 0.8675 0.429 0.8634999999999999 0.513 0.86 0.5376666671875 0.8505 0.5650000000000001 0.8515 0.5703333328125 0.87475 0.5733333328125 0.8967499999999999 0.584 0.92025 0.5853333328125 0.9332499999999999 0.5913333328125 0.9497500000000001 0.6053333328125 0.9727499999999999 0.6133333328125 0.9872500000000001 0.614 1 0.6183333328125 1 0.545
21 0.865 0.4443333328125 0.867 0.42833333281249997 0.8630000000000001 0.3876666671875 0.8792500000000001 0.378 0.89625 0.37466666718749997 0.90525 0.37 0.9157500000000001 0.3713333328125 0.9262499999999999 0.37733333281250003 0.933 0.367 0.9335000000000001 0.3503333328125 0.93 0.3403333328125 0.92075 0.32999999999999996 0.91075 0.3233333328125 0.88575 0.324 0.88275 0.3293333328125 0.87525 0.3326666671875 0.8462500000000001 0.33399999999999996 0.82775 0.33799999999999997 0.78925 0.3713333328125 0.77 0.4096666671875 0.7585 0.4443333328125 0.754 0.46566666718749994 0.754 0.5096666671875 0.76075 0.516 0.77575 0.5233333328125 0.81125 0.53 0.8305 0.5303333328125001 0.8552500000000001 0.5286666671875 0.8619999999999999 0.5183333328125 0.866 0.477 0.865 0.4443333328125
21 0.55425 0.3846666671875 0.5585 0.38166666718750003 0.5515 0.3636666671875 0.5505 0.3476666671875 0.5417500000000001 0.3346666671875 0.51925 0.3133333328125 0.50575 0.31066666718749997 0.49124999999999996 0.30133333281249997 0.46775 0.30333333281249997 0.46224999999999994 0.3133333328125 0.44925 0.316 0.43499999999999994 0.32966666718750004 0.42400000000000004 0.3556666671875 0.42400000000000004 0.37966666718750003 0.42774999999999996 0.394 0.43975 0.4006666671875 0.45075000000000004 0.4106666671875 0.511 0.41900000000000004 0.5387500000000001 0.418 0.542 0.41166666718749995 0.5415 0.385 0.55425 0.3846666671875
21 0.647 0.375 0.6485000000000001 0.3656666671875 0.6455 0.339 0.6535 0.2996666671875 0.653 0.271 0.64 0.24100000000000002 0.6415 0.2316666671875 0.64 0.213 0.634 0.197 0.62825 0.1926666671875 0.61175 0.1926666671875 0.60325 0.1953333328125 0.58025 0.2113333328125 0.55325 0.22400000000000003 0.5315000000000001 0.2476666671875 0.5165 0.275 0.5125 0.2883333328125 0.5135 0.3083333328125 0.53325 0.324 0.5509999999999999 0.3463333328125 0.5519999999999999 0.3643333328125 0.56075 0.3846666671875 0.5894999999999999 0.385 0.59475 0.3826666671875 0.60775 0.384 0.64275 0.3806666671875 0.647 0.375
21 0.31275 0.1873333328125 0.32575 0.1806666671875 0.32925 0.176 0.34125 0.172 0.34525 0.16599999999999998 0.35675 0.16399999999999998 0.358 0.157 0.356 0.1516666671875 0.34975 0.1453333328125 0.34675 0.1453333328125 0.33425 0.154 0.32175 0.156 0.31575000000000003 0.1606666671875 0.29625 0.158 0.26475 0.1586666671875 0.23825 0.176 0.22774999999999998 0.186 0.225 0.1916666671875 0.225 0.2096666671875 0.22875 0.2153333328125 0.25225 0.22200000000000003 0.2815 0.2236666671875 0.28675 0.22200000000000003 0.30325 0.2073333328125 0.307 0.195 0.31275 0.1873333328125
21 0.3895 0.1883333328125 0.3895 0.175 0.403 0.157 0.38575 0.152 0.38075000000000003 0.156 0.37775 0.1626666671875 0.35924999999999996 0.16399999999999998 0.33225 0.1786666671875 0.3075 0.1956666671875 0.3065 0.199 0.31 0.21233333281250003 0.31725 0.2253333328125 0.33399999999999996 0.2256666671875 0.39075000000000004 0.22000000000000003 0.3915 0.215 0.387 0.19966666718749998 0.3895 0.1883333328125
21 0.6325000000000001 0.16499999999999998 0.622 0.141 0.61575 0.10333333281249998 0.60475 0.098 0.58775 0.0993333328125 0.58375 0.1086666671875 0.57875 0.11000000000000001 0.57575 0.11599999999999999 0.5695 0.121 0.5660000000000001 0.131 0.56875 0.1366666671875 0.56125 0.1386666671875 0.5507500000000001 0.1493333328125 0.5417500000000001 0.1546666671875 0.5255 0.17366666718749998 0.522 0.187 0.522 0.19766666718749998 0.525 0.211 0.53225 0.2206666671875 0.55 0.22633333281249998 0.58475 0.20800000000000002 0.60325 0.1946666671875 0.6325000000000001 0.191 0.6325000000000001 0.16499999999999998
21 0.14850000000000002 0.2496666671875 0.147 0.2463333328125 0.14925 0.244 0.15475 0.242 0.17275000000000001 0.246 0.18475 0.23133333281250001 0.19175 0.23933333281250002 0.20125 0.238 0.20625 0.24933333281249997 0.2145 0.25166666718749997 0.21600000000000003 0.25633333281250004 0.2125 0.26433333281250004 0.20775000000000002 0.27 0.20425 0.2686666671875 0.20299999999999999 0.2723333328125 0.21275 0.2806666671875 0.215 0.28700000000000003 0.21725 0.288 0.22000000000000003 0.2836666671875 0.2185 0.2683333328125 0.22000000000000003 0.25166666718749997 0.21625 0.24466666718750002 0.21075 0.24066666718750002 0.1905 0.2323333328125 0.189 0.22033333281249998 0.1935 0.215 0.1925 0.209 0.194 0.20366666718749998 0.18875 0.1953333328125 0.18175 0.1906666671875 0.14475 0.17733333281250002 0.13425 0.1686666671875 0.12575 0.16933333281250001 0.10974999999999999 0.1793333328125 0.089 0.199 0.088 0.227 0.08399999999999999 0.2416666671875 0.08149999999999999 0.2636666671875 0.08399999999999999 0.277 0.09275 0.29133333281249996 0.0955 0.2916666671875 0.10575000000000001 0.286 0.12125 0.272 0.14775 0.2573333328125 0.14850000000000002 0.2496666671875
21 0.21475 0.2166666671875 0.223 0.21433333281250003 0.2205 0.19766666718749998 0.21575000000000003 0.19866666718749998 0.21400000000000002 0.1936666671875 0.22374999999999998 0.192 0.22875 0.1833333328125 0.24100000000000002 0.1716666671875 0.24100000000000002 0.1616666671875 0.23875000000000002 0.1586666671875 0.22774999999999998 0.148 0.21425 0.1426666671875 0.20024999999999998 0.1413333328125 0.19675 0.136 0.18775 0.132 0.186 0.129 0.187 0.119 0.18125 0.1126666671875 0.17675000000000002 0.1126666671875 0.17175 0.118 0.15775 0.1253333328125 0.14925 0.1246666671875 0.12525 0.11133333281249999 0.12125 0.11133333281249999 0.1155 0.11699999999999999 0.1125 0.1263333328125 0.1085 0.157 0.10974999999999999 0.1766666671875 0.12575 0.1686666671875 0.13474999999999998 0.1686666671875 0.14375 0.1766666671875 0.16275 0.1853333328125 0.18225 0.1906666671875 0.1935 0.199 0.194 0.21633333281249997 0.1905 0.225 0.1915 0.227 0.19575 0.23133333281250001 0.2065 0.233 0.21150000000000002 0.229 0.20950000000000002 0.21433333281250003 0.21125 0.21200000000000002 0.21475 0.2166666671875
21 0.24125000000000002 0.366 0.23700000000000002 0.36633333281249997 0.24100000000000002 0.369 0.23925000000000002 0.374 0.22549999999999998 0.3716666671875 0.23450000000000001 0.36633333281249997 0.23149999999999998 0.357 0.23149999999999998 0.3403333328125 0.2265 0.325 0.22549999999999998 0.2936666671875 0.221 0.28700000000000003 0.221 0.253 0.21575000000000003 0.244 0.19225 0.23133333281250001 0.188 0.225 0.188 0.21833333281249998 0.1905 0.215 0.1905 0.199 0.17925 0.1906666671875 0.14925 0.1806666671875 0.13374999999999998 0.16933333281250001 0.12575 0.16999999999999998 0.11474999999999999 0.176 0.09075 0.1966666671875 0.089 0.199 0.088 0.22833333281249998 0.08149999999999999 0.25633333281250004 0.08449999999999999 0.277 0.0925 0.2883333328125 0.08499999999999999 0.3116666671875 0.08399999999999999 0.325 0.0865 0.3396666671875 0.09025 0.3433333328125 0.09425 0.33999999999999997 0.11174999999999999 0.348 0.12825 0.364 0.13374999999999998 0.374 0.13874999999999998 0.376 0.13774999999999998 0.382 0.14125000000000001 0.38133333281250004 0.15325 0.3926666671875 0.19624999999999998 0.3933333328125 0.19875 0.398 0.20725 0.3993333328125 0.21325 0.4033333328125 0.22325 0.4033333328125 0.22374999999999998 0.4006666671875 0.22725 0.40533333281250006 0.236 0.4063333328125 0.244 0.40033333281249994 0.2475 0.3903333328125 0.2485 0.377 0.24125000000000002 0.366
21 0.7887500000000001 0.3693333328125 0.8005000000000001 0.359 0.807 0.343 0.8130000000000001 0.31966666718750003 0.8145 0.3036666671875 0.817 0.2983333328125 0.818 0.267 0.818 0.2616666671875 0.8082499999999999 0.254 0.8002499999999999 0.258 0.79325 0.2706666671875 0.78125 0.27999999999999997 0.75225 0.2873333328125 0.7302500000000001 0.30533333281249997 0.71575 0.31066666718749997 0.6980000000000001 0.331 0.6905 0.3496666671875 0.6865 0.4103333328125 0.6980000000000001 0.43499999999999994 0.70275 0.43933333281250003 0.72425 0.44666666718750003 0.7545 0.4463333328125 0.759 0.441 0.7645 0.41966666718749995 0.779 0.387 0.7887500000000001 0.3693333328125
21 0.71375 0.3113333328125 0.7264999999999999 0.3036666671875 0.7255 0.2983333328125 0.7165 0.2836666671875 0.69475 0.2593333328125 0.68625 0.26 0.67925 0.266 0.65925 0.2673333328125 0.654 0.2716666671875 0.6545 0.2983333328125 0.6465 0.337 0.6495 0.3643333328125 0.6667500000000001 0.382 0.6835 0.389 0.6875 0.385 0.689 0.355 0.6975 0.32966666718750004 0.71375 0.3113333328125
21 0.6785 0.1163333328125 0.6815 0.10500000000000001 0.6795 0.0856666671875 0.68875 0.08333333281250001 0.6925 0.07766666718750001 0.69025 0.074 0.67125 0.0633333328125 0.669 0.053666667187499996 0.6637500000000001 0.0526666671875 0.6555 0.062333332812499996 0.6545 0.0676666671875 0.6595 0.0996666671875 0.6585 0.11233333281249999 0.653 0.1256666671875 0.642 0.13899999999999998 0.6375 0.1516666671875 0.6335 0.17233333281250002 0.6345 0.1876666671875 0.64175 0.2106666671875 0.66925 0.2226666671875 0.6955 0.22233333281249998 0.7035 0.2096666671875 0.7055 0.1783333328125 0.708 0.16699999999999998 0.6785 0.1163333328125
21 0.45325 0.1873333328125 0.44425 0.182 0.43975 0.182 0.43499999999999994 0.177 0.43200000000000005 0.16899999999999998 0.43075 0.1566666671875 0.41825 0.1553333328125 0.40575 0.1593333328125 0.39975 0.1633333328125 0.391 0.1776666671875 0.3875 0.1983333328125 0.389 0.20833333281250002 0.392 0.2156666671875 0.39875 0.2226666671875 0.4085 0.22433333281249998 0.44425 0.22000000000000003 0.4575 0.20033333281250001 0.458 0.1943333328125 0.45325 0.1873333328125
21 0.48224999999999996 0.22400000000000003 0.5002500000000001 0.2226666671875 0.5157499999999999 0.2146666671875 0.5205 0.2096666671875 0.521 0.1816666671875 0.51375 0.1706666671875 0.49275 0.1553333328125 0.48274999999999996 0.156 0.47474999999999995 0.1606666671875 0.46275000000000005 0.1533333328125 0.45025000000000004 0.1533333328125 0.43975 0.1566666671875 0.42024999999999996 0.1546666671875 0.40475000000000005 0.1586666671875 0.39625 0.154 0.38725 0.154 0.38175 0.1566666671875 0.37675000000000003 0.1653333328125 0.37374999999999997 0.1633333328125 0.36324999999999996 0.16399999999999998 0.34725 0.17333333281250002 0.33325 0.178 0.33025000000000004 0.1846666671875 0.31475 0.188 0.314 0.191 0.3185 0.1936666671875 0.31074999999999997 0.1953333328125 0.3075 0.199 0.314 0.21833333281249998 0.31775000000000003 0.22400000000000003 0.33375 0.2253333328125 0.33775 0.2226666671875 0.34175 0.22400000000000003 0.35325 0.2213333328125 0.38075000000000003 0.2226666671875 0.39225 0.2186666671875 0.40499999999999997 0.225 0.44625000000000004 0.2206666671875 0.45275 0.2226666671875 0.46624999999999994 0.2193333328125 0.48224999999999996 0.22400000000000003
21 0.8595 0.23566666718749998 0.8625 0.22233333281249998 0.8619999999999999 0.215 0.8585 0.1983333328125 0.85125 0.1793333328125 0.83575 0.17333333281250002 0.81075 0.17133333281250002 0.80275 0.17466666718749999 0.7975 0.1816666671875 0.79 0.20033333281250001 0.786 0.2256666671875 0.7855000000000001 0.24300000000000002 0.8002499999999999 0.2553333328125 0.8082499999999999 0.252 0.8157500000000001 0.258 0.8220000000000001 0.25833333281250004 0.84475 0.2573333328125 0.8567500000000001 0.254 0.8619999999999999 0.24100000000000002 0.8595 0.23566666718749998
21 0.9272500000000001 0.2553333328125 0.953 0.23700000000000002 0.959 0.20433333281250002 0.95075 0.1913333328125 0.92175 0.1566666671875 0.91875 0.156 0.9147500000000001 0.1566666671875 0.8905 0.17433333281250002 0.8835000000000001 0.1883333328125 0.8789999999999999 0.20633333281250002 0.8675 0.22033333281249998 0.866 0.23566666718749998 0.8564999999999999 0.2576666671875 0.85 0.267 0.8505 0.273 0.85375 0.27799999999999997 0.86725 0.2873333328125 0.8867499999999999 0.2966666671875 0.9055 0.2996666671875 0.9102499999999999 0.29933333281249996 0.914 0.2943333328125 0.921 0.267 0.9272500000000001 0.2553333328125
21 1 0.2296666671875 0.9957499999999999 0.23399999999999999 0.98525 0.2266666671875 0.9722500000000001 0.2273333328125 0.92825 0.2553333328125 0.9199999999999999 0.2723333328125 0.9115 0.309 0.9125 0.3183333328125 0.9332499999999999 0.33799999999999997 0.95225 0.3466666671875 0.9572499999999999 0.3433333328125 0.96125 0.344 0.9717499999999999 0.3566666671875 0.98675 0.3593333328125 0.99075 0.362 0.99225 0.36666666718749996 0.9967499999999999 0.366 1 0.373 1 0.3376666671875 0.9960000000000001 0.3363333328125 1 0.325 1 0.2296666671875
21 1 0.149 0.9835 0.13633333281249999 0.9775 0.1256666671875 0.977 0.11499999999999999 0.9727499999999999 0.11000000000000001 0.96275 0.1146666671875 0.9445 0.1443333328125 0.9359999999999999 0.1503333328125 0.9359999999999999 0.161 0.9410000000000001 0.1776666671875 0.959 0.20233333281250002 0.96125 0.21200000000000002 0.9705 0.21233333281250003 0.97775 0.2113333328125 0.98525 0.2053333328125 1 0.1756666671875 1 0.149
21 0.8237500000000001 0.17133333281250002 0.83725 0.174 0.8477499999999999 0.1793333328125 0.8505 0.173 0.849 0.16899999999999998 0.8307499999999999 0.1553333328125 0.8082499999999999 0.14666666718750002 0.76025 0.152 0.7535000000000001 0.1676666671875 0.7535000000000001 0.173 0.7585 0.1783333328125 0.75 0.1896666671875 0.748 0.2096666671875 0.77175 0.2213333328125 0.7849999999999999 0.223 0.79 0.20033333281250001 0.8022500000000001 0.17466666718749999 0.81075 0.17133333281250002 0.8237500000000001 0.17133333281250002
21 0.475 0.0283333328125 0.47074999999999995 0.0266666671875 0.45899999999999996 0.053666667187499996 0.45599999999999996 0.07766666718750001 0.45499999999999996 0.10900000000000001 0.46725000000000005 0.118 0.4965 0.125 0.5005 0.121 0.503 0.10633333281249999 0.5025000000000001 0.095 0.475 0.0283333328125