7 0.3461194953125 0.563356875 0.31530106406249997 0.5768359656250001 0.3004768328125 0.5893125171875 0.30309380625000004 0.5957082437500001 0.32162801406249997 0.60257000625 0.372704871875 0.630649290625 0.4570168859375 0.6104017390625 0.5532514609375 0.599246509375 0.613272065625 0.603128359375 0.657521703125 0.6150193265625 0.6748013187499999 0.6232879437500001 0.6813360015625001 0.6225259578125 0.674808978125 0.611875646875 0.6527880265625 0.5926821484375 0.596161703125 0.5690979984375 0.5154440421875 0.5545595203125 0.430539296875 0.5523187625 0.3461194953125 0.563356875
7 0.6146502921875 0.75708795625 0.513605078125 0.7473745828125 0.43655891249999995 0.7529087062500001 0.41376065312500004 0.7598132343749999 0.4009145171875 0.7683437859375 0.393948865625 0.788595221875 0.399867834375 0.7995818171875 0.4440405078125 0.8129413578125 0.5076556421875 0.8383643812500001 0.55105866875 0.8664096499999999 0.593106978125 0.8752400375 0.6702224484375 0.8796496390625 0.7016412734374999 0.8772465625000001 0.769574265625 0.8653444125 0.8175721875 0.8395122046875001 0.8221056140625 0.8206059078125 0.8127383859374999 0.796553290625 0.7982373359375 0.78033095625 0.7850986640625 0.771911203125 0.7425885671875 0.771892253125 0.7117008328125001 0.7754276171875001 0.705966615625 0.7721818875 0.684769290625 0.7710709828125 0.6146502921875 0.75708795625
7 0.408041409375 0.6210885 0.3750216484375 0.6315070109375001 0.3736900890625 0.634382440625 0.3891763578125 0.6543379234375 0.389815234375 0.66467965 0.3833883359375 0.6746510765625 0.3614983296875 0.6867573265625 0.3570110453125 0.6935170390625001 0.3791551046875 0.6990953796875 0.41573857500000005 0.69954003125 0.4438092625 0.70469266875 0.537411540625 0.7099663078125 0.6444295265625 0.707107396875 0.6860313703124999 0.701924625 0.7286645765624999 0.6883284171875 0.7316355515625 0.6767032703125 0.7284490046875 0.6699095390625 0.69701468125 0.638810009375 0.672523025 0.6216959375 0.6365937546875 0.608768415625 0.590974075 0.6004871656249999 0.5473248328125 0.5996722109375 0.46537573749999994 0.6086308984375 0.408041409375 0.6210885
7 0.8670935515625 0.6381515234374999 0.8690023453125001 0.6242618 0.9078177875 0.5821178375 0.905008403125 0.57939354375 0.88016274375 0.580300346875 0.7782092765625 0.5653852500000001 0.694751534375 0.558066203125 0.642666475 0.5604906640625 0.6120404546875 0.570298321875 0.6170511703125 0.5760831953125 0.631067271875 0.5790266578125001 0.6590918171875 0.5963258812500001 0.679327084375 0.6157939453125 0.6845995125 0.6278511140624999 0.7218835 0.6599935140625 0.7338753625 0.6790295625 0.7432579140625 0.680257584375 0.7594060421875 0.6763179015625 0.779271809375 0.680304234375 0.795874065625 0.6789654125 0.8039635390625 0.6823345765625 0.83819175 0.6826557953125 0.8495908796875 0.6792035296875001 0.8530544640625 0.6694449546875 0.8582575890624999 0.6715583984375 0.8562025296875 0.6769729718749999 0.867640140625 0.6727864203125 0.8742209687500001 0.6598778484375 0.8670935515625 0.6381515234374999
7 0.8901615390625001 0.7387613984375 0.8873906359375001 0.7353028171875 0.885451021875 0.7385145296875 0.8901615390625001 0.7387613984375
7 0.7815885859375 0.6811619546875 0.7605451890625 0.677113903125 0.7461827453125001 0.6807790203125 0.7072286953125 0.7030355296875 0.5603560671875 0.7115369328125001 0.5488799734375001 0.71645776875 0.549634296875 0.7245966375 0.5596942078125 0.7354320984375 0.5727943953125 0.7445861375 0.5925062328124999 0.7515096171875 0.71189324375 0.7717561859375001 0.782858853125 0.769584909375 0.807958565625 0.786362696875 0.8321192046875 0.78726075 0.877823509375 0.78266113125 0.9547310687499999 0.757239559375 0.970240321875 0.7429581484375001 0.9695244796875 0.7340849953124999 0.9516752921875 0.7254183734375 0.9381209765625 0.7136634749999999 0.9149917000000001 0.7043519859375 0.893794375 0.7032410812500001 0.88471968125 0.6961387671875 0.872981871875 0.6947873125 0.7905478312499999 0.6904671265625 0.7815885859375 0.6811619546875
7 0 0.63890395 0.030630676562499997 0.6572682859375 0.140327278125 0.6821611234375 0.1871630671875 0.68976980625 0.1954834375 0.6887332515625 0.2082064640625 0.69381785625 0.25508073593749997 0.7006922515625 0.2980834421875 0.7025777765625 0.34755152968749997 0.6937575890625001 0.37738474375000003 0.6765453499999999 0.38628234687499996 0.6644945 0.3846967359375 0.6496853375 0.3645384328125 0.6287486984374999 0.30768887500000003 0.598157971875 0.27396093593750004 0.5882910296875 0.2340754734375 0.5832555078125 0.19571397968749998 0.571673125 0.13102134062499998 0.566810121875 0.0741488 0.5704562875 0.0156368421875 0.5828521734375001 0 0.5910037078125 0 0.63890395
27 0.7929248453125 0.26206324062499997 0.829962440625 0.265108753125 0.8612658203124999 0.2649085375 0.8679544328125001 0.2612094046875 0.86889333125 0.22076193437499997 0.8579328296875 0.19331245156250002 0.8521216484374999 0.1915352953125 0.8318325765625 0.1956261109375 0.8189171390625001 0.19421293906249998 0.6863223281249999 0.21193009687500003 0.6859606640625 0.2413632703125 0.692110525 0.2479441484375 0.7334045109375 0.24863566874999998 0.7929248453125 0.26206324062499997
27 0.7995448578125 0.4737292 0.9082254187500001 0.48421087656250006 0.913089865625 0.4815205984375 0.9137055828125 0.469772015625 0.9107420953125 0.4136576640625 0.90683204375 0.409403078125 0.8725268703125 0.4105504328125 0.853261496875 0.4176401125 0.816408653125 0.42233546562499996 0.77295181875 0.41784907968749996 0.7556260625 0.42172704687499996 0.7546871640624999 0.4621745171875 0.75863569375 0.46569481562500004 0.7995448578125 0.4737292
27 0.2062959171875 0.14443554375 0.172144671875 0.142645753125 0.1458135234375 0.1493651328125 0.08868710468749999 0.191653909375 0.0816444890625 0.21337391718749998 0.0499947703125 0.2201827125 0.0128648875 0.24143037031249998 0.011772059375000001 0.28481498437499997 0.02016939375 0.2823098578125 0.024087103125000002 0.27515214375 0.0526657234375 0.2593467625 0.10540498281249999 0.2444394328125 0.1777791140625 0.2379241546875 0.24224086093750002 0.247192878125 0.267671415625 0.22385947968750003 0.2733824734375 0.20501490000000003 0.2697109796875 0.1849422984375 0.2541477453125 0.1664553890625 0.2352748578125 0.1547899046875 0.2062959171875 0.14443554375
27 0.0255177171875 0 0.0232026375 0.044174334375 0.028265826562500002 0.048957909375000004 0.05948458125 0.06163856250000001 0.07532485 0.063573171875 0.09131905 0.0625706328125 0.11077683437500001 0.051809521875 0.147444928125 0.039373303124999995 0.166071425 0.021941896875 0.165624959375 0.0079287359375 0.1559677 0 0.0255177171875 0
7 0.15469668281249999 0.44177489531249997 0.08089852812500001 0.41913156718750005 0.04759389375 0.40118747499999996 0.004876165625 0.3938642625 0.000649390625 0.47451591562499995 0.058700839062499996 0.49343931249999995 0.08766428125 0.470291065625 0.12383976875 0.455988271875 0.144128840625 0.45189745625000005 0.15442730625 0.44691490156249997 0.15469668281249999 0.44177489531249997
7 0.6064906390625 0.46213904843750003 0.6291426296875 0.44675936875 0.645336903125 0.43067310000000003 0.64940854375 0.420578240625 0.6407879765625 0.4160767890625 0.5841848109375001 0.4145829484375 0.585385425 0.38040777187499997 0.571223053125 0.3689891578125 0.5653733921875 0.3679462875 0.5423827203125 0.37852224687499997 0.52927486875 0.38078050625 0.5144506375 0.393257059375 0.49306090156250004 0.39581758749999996 0.4360960734375 0.423756921875 0.3904610703125 0.438300265625 0.35413165625 0.455540203125 0.2679723140625 0.45470629999999995 0.2338595515625 0.4521822234375 0.20111682812499998 0.44604843125000004 0.199585196875 0.46400759062499997 0.1880629578125 0.48107501093750005 0.17768752968749998 0.4875261375 0.16457967812500002 0.489784396875 0.146222559375 0.5020758 0.1277576546875 0.5051577625 0.1338690328125 0.5124729265625 0.202233165625 0.53740853125 0.331841678125 0.5541411187499999 0.4164077453125 0.551578159375 0.4475263734375 0.543637075 0.465121509375 0.5346191046875 0.4775519984375 0.5227534046875 0.48102324531249996 0.50158253125 0.5128653765625 0.4911023046875 0.5342551125 0.48854177656250003 0.5460698875000001 0.48842466093750003 0.5576152859375 0.49344754843749994 0.5635803953125 0.49228755937499996 0.575633725 0.47635242499999997 0.6064906390625 0.46213904843750003
15 1 0.067902009375 0.9515809015625001 0.0737851 0.947432296875 0.08534853125 0.9346323046875 0.0817325 0.9280283171875 0.0725507609375 0.9093401796875 0.06862614375000001 0.8934537671875 0.07883812031250001 0.8677306734375 0.0852212140625 0.8703476484375001 0.091616940625 0.8820084921875001 0.09443697031250001 0.89511634375 0.09217871093749999 0.92094721875 0.09500505625 0.9340935515625001 0.092012509375 0.940966915625 0.09605424375 0.9461392203125 0.087489675 0.9536591218750001 0.0904608375 0.9425601875 0.0994511078125 0.9396276953125 0.1103419703125 0.9324849546875 0.1114402421875 0.9322155796875 0.1165802453125 0.9380652421875 0.1176231171875 0.9265891484375001 0.12254395468749998 0.888905015625 0.1205690125 0.8818700609375 0.1308767234375 0.8894977484375 0.1430573234375 0.8877813671875 0.1532756171875 0.91873074375 0.17109627656249998 0.91826895625 0.17990771249999998 0.9044299406249999 0.1961174140625 0.9041220828125001 0.20199170624999999 0.9688147218750001 0.206854709375 1 0.20392353124999998 1 0.067902009375
15 0.37296589375 0 0.3622505484375 0.0189697515625 0.3685851578125 0.03329149375 0.3866575796875 0.048964693749999996 0.38980564375000004 0.0564927078125 0.34540991249999997 0.0924537921875 0.3104505375 0.1060840171875 0.30425453281250003 0.11164972343749999 0.3039081921875 0.11825830156249999 0.3152996609375 0.1262183359375 0.32072601875 0.13533835624999999 0.35095189375 0.15569815781250002 0.39315413125 0.16159140156250001 0.4502883875 0.1642175296875 0.481591765625 0.1640173109375 0.5196992046875 0.1579151015625 0.5372558578125 0.1496314171875 0.535246940625 0.14289940625 0.5255257078125 0.1368676640625 0.5003028875 0.133705034375 0.5234398265625 0.131604225 0.5336998109375 0.12735595625 0.5423665203125 0.119710825 0.5490243125000001 0.10533368125 0.5360087499999999 0.083298771875 0.517897846875 0.068359859375 0.518821421875 0.050736984375 0.5080764921875 0.0417063796875 0.48069848437499996 0.0233365859375 0.41685245625 0.0023192796875 0.4127999625 0 0.37296589375 0
16 0.711445375 0.30712539843750003 0.6813657703125 0.29524074843750003 0.670728625 0.29541958125 0.6591755671875 0.3018089921875 0.6425579890625001 0.325972409375 0.6240546015625 0.329788659375 0.597869721875 0.344983190625 0.5981314359375001 0.35125548281249996 0.63163614375 0.3541158453125 0.6488849375 0.3517064515625 0.67361515 0.35300250625 0.6915104828125 0.3495225421875 0.7147167234375 0.357365459375 0.7341745078125 0.346604346875 0.739908725 0.3498500765625 0.7531320218750001 0.3453889578125 0.78280364375 0.3425261640625 0.7769231609375 0.3308052796875 0.782095465625 0.3222407109375 0.7583966140625 0.3125312203125 0.711445375 0.30712539843750003
12 0.1751254125 0.7955347515625 0.187194240625 0.813102225 0.20747565156249997 0.8204237046875 0.235169178125 0.8215069093749999 0.271375484375 0.817882128125 0.321490109375 0.8079913703124999 0.334220796875 0.8016636765625 0.3406092125 0.7924265375 0.349560621875 0.75681680625 0.3441727453125 0.7469624984375 0.32541530625 0.7330941546874999 0.299776840625 0.726596378125 0.26782692343750003 0.7278671671875 0.2412264 0.73972655 0.1796973234375 0.7758941687500001 0.1751254125 0.7955347515625
7 0.5530675859375 0.8731416609375 0.53571866875 0.85492931875 0.5111115640625 0.8400181046874999 0.4509908359375 0.8155145203125 0.40214612812499995 0.801173825 0.39367949062499996 0.793735228125 0.3901542640625 0.782137778125 0.343872725 0.79775169375 0.34254116562500003 0.8006271234375 0.3690802234375 0.8237389203125 0.4879901234375 0.8756215218750001 0.5189779828125001 0.8927078937499999 0.542107259375 0.9020193828125 0.553275496875 0.9029728374999999 0.6092321218750001 0.9055372484375 0.65193463125 0.9018847671874999 0.7319902546875 0.8839912078125 0.7632628140625 0.8731129796875001 0.7700668734375 0.8672109875 0.7648252656250001 0.8658318312500001 0.7337836015625 0.8723043421875 0.6684367625000001 0.8799242078124999 0.5965629015625 0.8768937609374999 0.5649208421874999 0.8722902578125 0.5591866265625 0.869044528125 0.5530675859375 0.8731416609375
7 0.028943887499999998 0.2838741640625 0.0918969859375 0.27686515312500004 0.159175778125 0.277445871875 0.2197198125 0.2938723078125 0.23939316875 0.3015300734375 0.26095999375 0.318122709375 0.2685953421875 0.3188910125 0.3034007875 0.308197934375 0.318340465625 0.293518521875 0.3165624421875 0.2823807921875 0.27463724218749996 0.25993524687499997 0.2421638953125 0.24866145 0.20710439531249997 0.2416699375 0.17303011562499998 0.2384115734375 0.10893787031249999 0.2446245828125 0.056198610937500004 0.2595319125 0.032561401562499995 0.2711784453125 0.0213855046875 0.2816372875 0.028943887499999998 0.2838741640625
7 0.156913334375 0.42201087968750006 0.14298951875000002 0.394774246875 0.14285091249999998 0.374886796875 0.1496241515625 0.3583067953125 0.17356921875 0.34078597187500004 0.19248825 0.34030486875 0.2333357703125 0.32698322968750004 0.23883909375 0.3346346796875 0.24841405625 0.33219126875 0.2492914875 0.326714978125 0.25909734375000004 0.3198658484375 0.2558338328125 0.31454069375000004 0.23130369375 0.2981609078125 0.16502544218749998 0.2784887421875 0.10017887343750001 0.2765628828125 0.0432293671875 0.281677621875 0.0134038140625 0.2874775625 0.010308560937499999 0.2902079671875 0.0050529765625 0.3904905125 0.058038628125000005 0.4046800734375 0.0855705625 0.4201127203125 0.1180439109375 0.43138651718750004 0.170082825 0.44110864375 0.176240346875 0.436277221875 0.156913334375 0.42201087968750006
16 0.5699527875 0.28056620312499997 0.553658390625 0.2760307328125 0.5381952812499999 0.2781655578125 0.5332538703124999 0.28232440937500003 0.5250489484374999 0.2811581046875 0.457077475 0.293794540625 0.4286219640625 0.2959847671875 0.3895677890625 0.2976195390625 0.353215215625 0.29276916875 0.332964625 0.2961257 0.2958732234375 0.3166390703125 0.2973510515625 0.32223879375000003 0.286598459375 0.3246204875 0.2845125765625 0.3193570484375 0.2793787546875 0.3271873296875 0.2681335546875 0.32770245 0.2708274921875 0.332629603125 0.275768903125 0.328470753125 0.279717434375 0.33199105156250003 0.2710122421875 0.3403704703125 0.2634385359375 0.360958190625 0.25827389218749996 0.3581104609375 0.25873568125 0.3492990234375 0.25102336875 0.34999929218750003 0.2470748359375 0.3464789953125 0.24571245625000002 0.3386764125 0.24354194843750002 0.34629384375 0.2323352296875 0.3460746765625 0.22606226093749998 0.35310895625 0.21333923437500002 0.3480243515625 0.2066198 0.341045471875 0.17029804531249998 0.3468731140625 0.17481615 0.35079141406250003 0.16649578125 0.3518279671875 0.15630510312499998 0.3660199609375 0.147792321875 0.370727946875 0.14538325937500002 0.3941633953125 0.1519487640625 0.40407942031250005 0.15148697656250001 0.4128908578125 0.17578622187499998 0.43367636093749995 0.19542109375 0.4420684140625 0.2096296078125 0.44134044375 0.21414771406250002 0.44525874375 0.222545046875 0.44275361562500004 0.227101634375 0.4459376296875 0.24370389062500003 0.44459880781249994 0.2494381078125 0.4478445390625 0.252478384375 0.44616311406250003 0.2455665390625 0.44285566718749997 0.25324036875 0.442889684375 0.25426406875 0.445888546875 0.3300864640625 0.4524392921875 0.36519210625 0.44728421875 0.43617303749999997 0.422288346875 0.5076542374999999 0.387746753125 0.5581536875 0.37051313124999996 0.5663662703125001 0.3602671375 0.5929283109375 0.349142040625 0.599432175 0.3377020421875 0.6102617296874999 0.3338517765625 0.619197815625 0.3210666390625 0.5894645515625 0.3025734109375 0.5819523109375 0.2881899515625 0.5699527875 0.28056620312499997
16 0.9275228406249999 0.882089634375 0.9555473859375001 0.8993888562500001 0.97054870625 0.9060654687499999 0.979304353125 0.907989425 0.9843836265625001 0.811071109375 0.9790842968750001 0.8107933828125 0.9481580781250001 0.815063034375 0.876530609375 0.8411294781249999 0.8771694859375 0.8514712046874999 0.920272315625 0.873978465625 0.9275228406249999 0.882089634375