10 0.5259510749999999 0.3129270484375 0.536268359375 0.32557010625 0.5613333796875 0.36164673281250004 0.5696807328125 0.3847387765625 0.5752170609375 0.3888915859375 0.5951245828125 0.3933361265625 0.60301656875 0.39690197656250004 0.6116294890625 0.3986285 0.6338429203125 0.39558310625000004 0.66220953125 0.3876851390625 0.7076634546875 0.3785722859375 0.7493833796875 0.360708309375 0.7587861109375 0.3555992796875 0.771932021875 0.3459615609375 0.7895420515625 0.3299558375 0.8115021609375 0.299035453125 0.8214719921875 0.2780180671875 0.8281677859375 0.2611358546875 0.8316239734374999 0.24589069531250002 0.8335441625 0.2285387328125 0.83400718125 0.205464321875 0.833063540625 0.198230846875 0.8290769828125001 0.176265140625 0.8210801484375001 0.1508728359375 0.8135677609374999 0.1344881140625 0.8046035578125 0.12040144687500001 0.79073518125 0.10255768750000001 0.7755236671875 0.0875381328125 0.7626532703125 0.077190925 0.7474272156249999 0.0674306734375 0.7336927703125 0.060894753125 0.7146592453125 0.0540195171875 0.6935960890625 0.0493096953125 0.6679846328125 0.046563021875 0.6465908609375 0.0469146484375 0.625325659375 0.0505536171875 0.6040803593749999 0.0569537796875 0.579462290625 0.06834355625 0.556869259375 0.084207825 0.5458716 0.093586875 0.5327555359375 0.10736637499999999 0.52262728125 0.12095463437500001 0.5088943687499999 0.1437395171875 0.497117615625 0.1759951171875 0.490807546875 0.2027393578125 0.493223665625 0.22509637031250002 0.49295273906250003 0.23844139687500002 0.49443975625 0.248305628125 0.5070399984375 0.286658259375 0.51353986875 0.300805734375 0.5177231109375 0.30640215312499997 0.5259510749999999 0.3129270484375
10 0.270061521875 0.622321215625 0.2884238625 0.6379387546874999 0.302494284375 0.6474337234374999 0.3111271 0.6519214390625 0.34315423906250003 0.664410728125 0.35934306562499996 0.66950524375 0.3690572828125 0.671233971875 0.3929697265625 0.6710846109374999 0.4073753578125 0.668878228125 0.42779105156249997 0.6637912421875 0.45022642656249995 0.6551582453125 0.459421753125 0.6503775078125 0.471945459375 0.641724671875 0.48528882656250005 0.6303780671875 0.49866663281249995 0.6165333453125 0.5060443218749999 0.6069498249999999 0.5154217953125 0.5910591046875 0.5259296499999999 0.5646519750000001 0.5301901875 0.5373119546875 0.529314659375 0.5104218484375 0.5251551437499999 0.48628631875000006 0.5148026484375 0.461480975 0.5003166593749999 0.4379821921875 0.4886807234375 0.42428462656250004 0.48004255 0.411776415625 0.46336927499999997 0.3976743171875 0.4399351546875 0.3841503609375 0.4163678703125 0.373978965625 0.397319803125 0.3723630390625 0.38489941562499996 0.3735215265625 0.3739851765625 0.3726450390625 0.3508877984375 0.37674053125 0.337539075 0.3800666375 0.32059028437500003 0.385949465625 0.3068466578125 0.3926933515625 0.2943772859375 0.40160926249999995 0.2766585828125 0.41708883593749996 0.2560416109375 0.445185015625 0.241597715625 0.471189815625 0.2381017296875 0.4809125890625 0.23373710781249998 0.5010865546875001 0.23175262968750002 0.516794846875 0.231477115625 0.5367797750000001 0.23602694531249999 0.564137428125 0.2465967890625 0.5899950734375 0.2535015140625 0.6021053671875001 0.26303358125 0.6149440765625 0.270061521875 0.622321215625
10 0.623076390625 0.4806970546875 0.621896265625 0.4843104859375 0.6179456796875 0.4891674640625 0.6141389765625 0.5067128765625 0.6146639875 0.53590324375 0.619164071875 0.5563579203125 0.6247799953125 0.57155549375 0.6289287984375 0.5796500296875 0.6387868953125 0.594067190625 0.651593771875 0.6174311296874999 0.6635013953125 0.632444071875 0.69618135625 0.6627506671875001 0.7192649578125 0.67857488125 0.7340463609375 0.68484993125 0.746397871875 0.688687671875 0.756536840625 0.691140409375 0.7799457015625 0.693882678125 0.8015568265624999 0.6945833515625 0.8150785125000001 0.693427065625 0.8371189828125001 0.6882118484374999 0.860132175 0.6797114921875 0.875337565625 0.6720501484375 0.89464660625 0.658940459375 0.914908471875 0.6397844421875 0.931965171875 0.619767365625 0.939278575 0.608540175 0.9495644859375 0.58772064375 0.9077244015625 0.3851524609375 0.883213475 0.3677475890625 0.8754202140625 0.3633272953125 0.8566928171875 0.3552693203125 0.8425535156249999 0.3507705828125 0.8298415390624999 0.347852503125 0.8105761250000001 0.3451842734375 0.7899132328125 0.345077171875 0.7747223828124999 0.34747920625 0.7642084078125 0.3512054375 0.729259271875 0.369871865625 0.6965816125 0.383546471875 0.67555901875 0.39901943281249996 0.665094790625 0.4096486421875 0.6534060484374999 0.425008803125 0.6484827421875 0.4331509203125 0.6374659484375 0.454429178125 0.6332934203125 0.46487375625 0.623076390625 0.4806970546875
9 0.33243975468750003 0.8950111625 0.35744966875 0.9161643078124999 0.36278854374999997 0.92202600625 0.37881971718749996 0.9343517953125 0.39239650625 0.9481189859375 0.396189434375 0.950493278125 0.3981302890625 0.9505629062500001 0.4007277875 0.9471495375 0.4097294890625 0.922777384375 0.41739264531250003 0.8945895328125 0.4227146828125 0.8617293374999999 0.4351029265625 0.8124478609375 0.43654402656249996 0.7941088093750001 0.438533859375 0.786421015625 0.4373284796875 0.7792527546875 0.4297571609375 0.7692448625 0.41141931249999997 0.7497486125 0.38997502812499996 0.7285368625 0.37393390625 0.7148304796875 0.3685162 0.7125844203125 0.34811428125 0.6977516968749999 0.327317459375 0.6863367546875 0.294968884375 0.6656291109375 0.276833846875 0.6524444703125 0.2722358 0.6475046390625 0.2682898046875 0.6457217156249999 0.263227975 0.64919589375 0.2554898171875 0.6596990765624999 0.24864555625 0.6705327578125 0.2447248171875 0.679531521875 0.22444382031250001 0.7105867484374999 0.20081990312500003 0.7507733828125 0.1917929453125 0.7643638453125 0.1893783609375 0.7713276328124999 0.19160620781249998 0.7821137296875 0.195725165625 0.7860664749999999 0.20904480468750003 0.793258984375 0.2376501953125 0.8184953125 0.24813508906249998 0.8252876953125 0.2635983921875 0.8388614375 0.31184497499999997 0.875247428125 0.33243975468750003 0.8950111625
9 0.4650254359375 0.8094178937500001 0.5005546796875 0.8348653078125 0.5130646140625 0.8461321796875 0.52672023125 0.8562837359375 0.5607479203125 0.8771262249999999 0.6020698765625 0.8986407312500001 0.6072158937500001 0.8995714156249999 0.6126481375 0.8965581703125001 0.6173739953124999 0.8901249437500001 0.6265341203125 0.8731819203125 0.6411065875 0.8504644609374999 0.6526369078125 0.8276751734375001 0.6570612265625 0.81578478125 0.6808780046875 0.7805291624999999 0.68495180625 0.770939028125 0.6897113359375 0.747347284375 0.694980565625 0.743544815625 0.699543409375 0.7363223609375 0.7027730625 0.7333047078125 0.7070741640625 0.7261474703124999 0.7118046140625001 0.7130743390625 0.719019290625 0.70270159375 0.7199920125 0.69941645625 0.71912260625 0.6952072453125 0.715211053125 0.69092620625 0.7088895046875 0.6869690515625 0.6888434593749999 0.677856571875 0.66729585625 0.664139165625 0.6439949031250001 0.6472626531250001 0.6344337531249999 0.644942553125 0.6227488359375 0.6390024109375 0.612407059375 0.6302380640624999 0.6002331015625 0.621930240625 0.591985240625 0.612644153125 0.583352425 0.6081564375 0.5784880484375 0.609921725 0.5679939671875001 0.6164091484374999 0.5555345468749999 0.6267056546875 0.5394107734375 0.6379152109375 0.5226403015625001 0.653988359375 0.499796246875 0.685958840625 0.49321372343750003 0.6967273046875 0.4699349640625 0.7265931812499999 0.4645968546875 0.735391884375 0.458710771875 0.7481997328125 0.4485480796875 0.7642861078125 0.43987163906250004 0.775576309375 0.4382223734375 0.779583253125 0.43819788437499996 0.783461965625 0.44165024375 0.7895171109375 0.4650254359375 0.8094178937500001
9 0.1639724703125 0.7709086234375 0.17568830156249998 0.7636741921875 0.1841527515625 0.759352184375 0.194197584375 0.7560194625000001 0.2003063734375 0.7522844125 0.22725866875 0.7082256828125 0.243401578125 0.6851169171875 0.2685959328125 0.644538975 0.2681512828125 0.6410537765625001 0.24910627812500002 0.6034771453125 0.21820109687499997 0.5138093453125 0.21057008124999999 0.4955178796875 0.20255334687499998 0.467364384375 0.2002765171875 0.4643357109375 0.1964392015625 0.4630789375 0.14155346562499999 0.48781943749999995 0.10939928437499999 0.5013636078125 0.1083644 0.5016829390625 0.1639724703125 0.7709086234375
9 0.0698758234375 0.212744175 0.06343565 0.20688027187500002 0.0452448046875 0.196090290625 0.094851615625 0.43626098124999996 0.1030103859375 0.43712117656249994 0.122888059375 0.43742393125 0.12412252187499999 0.4340735765625 0.1210895546875 0.420721940625 0.1234092421875 0.3933122953125 0.1355166125 0.35599524374999997 0.14300145 0.3176170734375 0.147672965625 0.310920771875 0.1549220828125 0.29804990781249996 0.15780581093749999 0.2906926125 0.16319825937500002 0.2821569828125 0.16420542031250002 0.27637373125 0.163019940625 0.2719666640625 0.1467714171875 0.258588575 0.1041109125 0.23325837031250002 0.08603021093749999 0.2203368046875 0.0757626703125 0.214596725 0.0698758234375 0.212744175
9 0.2018867546875 0.4694667859375 0.204835534375 0.478413559375 0.208114934375 0.482298884375 0.21342396406250003 0.48401879531249997 0.22285195 0.489691453125 0.23136614375 0.4922724203125 0.23512922500000003 0.49050492968750004 0.2363736359375 0.4885351671875 0.24725190156250001 0.462588971875 0.260145259375 0.43973666875 0.27948338125 0.416108365625 0.3045108984375 0.396041503125 0.31763155468750004 0.3756220953125 0.32845089375000003 0.35605272499999996 0.3500405875 0.324671409375 0.35344779531250003 0.3171836765625 0.352642678125 0.31461813906249997 0.344296090625 0.30618649375 0.31592794999999996 0.28476365625 0.3080803515625 0.2800802875 0.3093048640625 0.2753493375 0.3303419984375 0.25461706875 0.33110731875 0.251660225 0.3287118640625 0.2467248015625 0.32184693750000004 0.24013689062500002 0.3082456578125 0.23024841093749998 0.2994597796875 0.226352065625 0.28533502187500004 0.2165940203125 0.2536874765625 0.1912858609375 0.2399530328125 0.184749940625 0.23531595625 0.188948128125 0.2204473078125 0.2142289203125 0.21052645625 0.2274888828125 0.1925567265625 0.259074671875 0.13874091093750002 0.34495709531249996 0.1311665328125 0.370909903125 0.1236610328125 0.39186648125 0.1220860015625 0.398897690625 0.120447453125 0.4189456265625 0.12209748437500001 0.42959908750000003 0.125594234375 0.4345367140625 0.139165665625 0.4402834078125 0.17998404375 0.46468954062499995 0.1853474109375 0.466672528125 0.198192553125 0.46623804843750005 0.2018867546875 0.4694667859375
9 0.5974442703125 0.46052878750000004 0.5971082953125 0.4575697390625 0.5935472578125001 0.45098844062500004 0.5819993343750001 0.42039543437500004 0.5683222890625 0.3781618875 0.564755890625 0.363560090625 0.5544730437500001 0.3484189171875 0.5417557109375 0.337480340625 0.5292802187500001 0.323715353125 0.5120383093750001 0.2962008109375 0.50107815 0.26712104062500003 0.4945530265625 0.242191875 0.49339203437499995 0.23390609687500002 0.4813321109375 0.2341449234375 0.4479480578125 0.24439954843749997 0.42341876718749993 0.2535542859375 0.41192211875 0.2591850609375 0.41063331875 0.262272340625 0.45602449062500006 0.375438921875 0.4629889078125 0.3958327875 0.466431321875 0.4005073390625 0.48020556093750005 0.4125656421875 0.49442445468749996 0.42810914218749996 0.5194006984375 0.4664208078125 0.5458807921875 0.4587162921875 0.567733759375 0.45659055625 0.580327109375 0.457601890625 0.5906933796875 0.46248752499999995 0.5963529249999999 0.46190717968749995 0.5974442703125 0.46052878750000004
9 0.3883747359375 0.34637716093750004 0.397180515625 0.3530346984375 0.418822253125 0.3725375609375 0.42714894374999995 0.378208015625 0.43619656406249996 0.38203914375000003 0.43990530625 0.380008575 0.44384594218749995 0.37377099999999996 0.44905088906249996 0.3683248609375 0.4505027015625 0.36602680625 0.4504284671875 0.3630025390625 0.433580696875 0.317409815625 0.42361851718750004 0.2958266 0.4139869546875 0.26918193125 0.4115471125 0.2653640296875 0.4114185390625 0.2620766859375 0.41333949375 0.2593851203125 0.4209100484375 0.2547326171875 0.432199290625 0.24943013593750002 0.4570645578125 0.243234446875 0.47332685625000004 0.2366928296875 0.49222645312499996 0.232260221875 0.49380148124999995 0.2252290109375 0.4934502 0.21286886875 0.4972660875 0.18204365 0.502262865625 0.16226540312499999 0.5010130968750001 0.1562146640625 0.46962652968749996 0.116180884375 0.4532938203125 0.09839793125 0.4493233375 0.10049372031249999 0.43205923437499993 0.120839090625 0.4033535875 0.1617387109375 0.38431164375 0.1828036796875 0.3544503625 0.22343801874999997 0.34092944375 0.23925470468749999 0.32867283281250004 0.25586281875 0.31539375468749997 0.2688530953125 0.3107222390625 0.27554939843750004 0.30995691718749996 0.2785062453125 0.3103916203125 0.2806108484375 0.3129301890625 0.28357430781250004 0.34134271875 0.30387962343749997 0.3512796421875 0.3146811515625 0.3763339453125 0.3347167765625 0.3883747359375 0.34637716093750004
9 0.44990115468749997 0.100626359375 0.453456834375 0.09918716093749999 0.46280599218749996 0.1084754515625 0.48419135 0.13606403125 0.4941282734375 0.1468655625 0.4982671265625 0.15357949843750002 0.5034429890625 0.1586519703125 0.5044899484375 0.15839109843750002 0.5062478890625 0.154910309375 0.508247671875 0.1486031078125 0.5055537421875 0.1022498171875 0.506051965625 0.09133769375 0.505780278125 0.0900223140625 0.5008416625 0.0887633359375 0.4713140625 0.0883755234375 0.4418706421875 0.092392571875 0.4326699609375 0.0891528140625 0.4242942890625 0.09123978125 0.2904404734375 0.10273961718749999 0.2813683609375 0.1027872 0.276820059375 0.1047503453125 0.2755312609375 0.107837625 0.284091371875 0.138621875 0.2905874140625 0.1740696546875 0.29491913125 0.1857146046875 0.3041167546875 0.22491507031250002 0.308616075 0.23070934375 0.3178366578125 0.23671029687499998 0.3233286 0.24198062187499997 0.3334331296875 0.246931478125 0.33729493593750004 0.2443095390625 0.35040105312500003 0.2291494421875 0.374914271875 0.195933209375 0.40735851093750003 0.1571448078125 0.4296247484375 0.1250416859375 0.44990115468749997 0.100626359375
9 0.6306867421875 0.5761692359375 0.6242886609375 0.525206609375 0.6360631171875 0.44896980937500003 0.6280616890624999 0.4302174109375 0.610405740625 0.41801985156250004 0.582674346875 0.39035282968749996 0.5732915140625 0.3982230515625 0.6009999500000001 0.4590895890625 0.517143765625 0.4661533234375 0.5259105140625 0.48194887968750005 0.52848199375 0.5476957265625 0.5588307828125 0.5747105703125001 0.6419254765625 0.6439056812499999 0.6546910234375 0.632426434375 0.6306867421875 0.5761692359375