2 0.45976074375 0.25388467656249997 0.45281243125000004 0.2546049265625 0.44803230312500003 0.250377515625 0.44470002500000005 0.250152928125 0.4391995671875 0.254876 0.4309852828125 0.2548317515625 0.42830052343749997 0.2599143875 0.4225017734375 0.26088190624999996 0.41971513437499997 0.27037229375 0.40029617812499996 0.2885896921875 0.3893097875 0.3029608109375 0.3828271125 0.30574995625 0.38084080781249996 0.313935940625 0.37430719687499997 0.3189289671875 0.3695051921875 0.326755384375 0.36638385625000003 0.33961907343750003 0.3692795578125 0.3476247171875 0.37688991875 0.35713666875 0.39015355625 0.3553139234375 0.41264275625 0.3653193015625 0.43511742187499997 0.3703997 0.4510148796875 0.36569819375 0.472114509375 0.35251806874999997 0.47771684687500005 0.343387246875 0.48248978749999993 0.3257108734375 0.4876919609375 0.317232253125 0.4836104453125 0.2772256046875 0.47814639375 0.2748198234375 0.4708707296875 0.261934565625 0.46362412812500003 0.2588992671875 0.45976074375 0.25388467656249997
2 0.5778456328125 0.2487692984375 0.5580557265625 0.2386062609375 0.5339149234375 0.2334135671875 0.511054621875 0.2339103453125 0.4922541171875 0.247585015625 0.4899695234375 0.2520154484375 0.4890454359375 0.26978143125 0.48430890312499997 0.2803289515625 0.48780836875 0.317749478125 0.4834065328125 0.3249236953125 0.4775057484375 0.36918155625 0.47901906875 0.3759054765625 0.5034436312499999 0.37992874374999996 0.512109021875 0.37711691406250003 0.5125165328125 0.35948590468749997 0.5169402453124999 0.34025785937499997 0.526013146875 0.3198150234375 0.540200871875 0.30022629218749997 0.54362049375 0.291118153125 0.5790387906250001 0.2637915 0.58562334375 0.2565945984375 0.5778456328125 0.2487692984375
2 0.6890696109375 0.22208057343749998 0.671280540625 0.20865653125 0.6580023703125 0.2055543015625 0.6443385671875 0.20802925 0.6336723421875 0.2141020890625 0.6265202734375 0.2236378390625 0.6033688734375 0.24228285 0.5889192640625 0.25098717812500004 0.5828658203125 0.2629740765625 0.5836952171875 0.27151962812499997 0.586227159375 0.27304861874999997 0.60472203125 0.2725972046875 0.6248466359375 0.2793869375 0.6391870171875 0.2920691671875 0.6524578437499999 0.31215020625 0.686035309375 0.3033767125 0.696919821875 0.29341334531249996 0.7045084609375001 0.276096540625 0.705316140625 0.25781333125 0.7010744640625 0.24139711406250003 0.6890696109375 0.22208057343749998
2 0.385897034375 0.41173790625000006 0.3776536890625 0.4018437046875 0.371207421875 0.3975040015625 0.36270938125 0.39862918281250004 0.3292628578125 0.4128448765625 0.317279721875 0.42035709531250004 0.28891896093749997 0.4255769421875 0.26458893125 0.434124728125 0.2547085109375 0.4339681890625 0.245322790625 0.4457305 0.2449152796875 0.4633615046875 0.2499208828125 0.48560216875 0.2638682859375 0.520840384375 0.2728755578125 0.536559034375 0.2875797 0.5557179156250001 0.307616959375 0.5718403765625 0.308039 0.5591343453125 0.3117423828125 0.5488567796875 0.32112810468749997 0.5370944703125 0.33287842031250003 0.5285478015625 0.3452107828125 0.52258725625 0.36404035 0.5187625406249999 0.37715117187499997 0.5235514218749999 0.3844123046875 0.5315117 0.42346116718750004 0.5081651843749999 0.4238832078125 0.495459153125 0.41749522656250004 0.47193676875 0.413864659375 0.46795662968749996 0.3952897859375 0.4607619640625 0.39021136875 0.45277900625 0.3874175453125 0.44036560937499997 0.3881088125 0.421565178125 0.385897034375 0.41173790625000006
2 0.4469574265625 0.372782428125 0.441893540625 0.36972444531250004 0.42499933749999996 0.36756705 0.418684009375 0.3686695484375 0.4054494375 0.380342246875 0.3919747 0.4079593015625 0.387747396875 0.435350646875 0.3915379671875 0.45462294375 0.4005816453125 0.46321273906249993 0.41282666562500003 0.466584925 0.411728040625 0.4641337765625 0.41534407343749996 0.4631889375 0.414725621875 0.46773166718750003 0.4192729296875 0.470924628125 0.42961898906249996 0.47315007031249995 0.43376613124999996 0.47699523125 0.46718343593749995 0.4918121703125 0.47915922499999997 0.5012787578125 0.4928230296875 0.49880381093750004 0.5035911328125 0.4883232203125 0.5153123859375001 0.46992659999999997 0.5235849515625 0.45078816718750003 0.5276739671875 0.43493342031250004 0.5299949671874999 0.42337413437500004 0.52928198125 0.41534580937500004 0.5189506109375001 0.37916275625 0.5125698140625 0.377544153125 0.5036716078125 0.379321534375 0.45712160468749996 0.37176954218749997 0.4469574265625 0.372782428125
2 0.3937033359375 0.546060925 0.3795667046875 0.5245631890625 0.365073503125 0.5184925859375 0.3496271515625 0.5203380171875 0.32794547500000004 0.53093201875 0.31574405156249996 0.5423347625 0.30752242343749997 0.559269321875 0.3091666875 0.571435446875 0.34359511249999997 0.6369188484375 0.3538319484375 0.660530846875 0.369649246875 0.6870658515625 0.3782782265625 0.6913828750000001 0.39362270312500003 0.6939451953125 0.407119159375 0.6931569 0.42095031250000003 0.688995303125 0.43528350781249997 0.6797737484375 0.4476522796875 0.6666843515624999 0.4551899828125 0.6515714234375001 0.454760753125 0.6423736734375 0.44876559218749995 0.6351778890625 0.44309059531250006 0.619683828125 0.41410434843750005 0.5686600359375 0.3937033359375 0.546060925
2 0.5831801421875 0.499290525 0.5727176765624999 0.49654786093750003 0.5623206765625001 0.4965262984375 0.55198915 0.49922583125 0.5354732359375001 0.5084700671875 0.4690167640625 0.5291204015625001 0.46001667812499997 0.5353055343750001 0.4473132125 0.551768234375 0.44132523749999997 0.5664762328124999 0.43850219375000005 0.583095475 0.4393606515625 0.6014909765625001 0.443835146875 0.6189416421875 0.45094346406249997 0.6335135484375 0.4678157921875 0.6477247687500001 0.508567040625 0.6562442828124999 0.5393069296874999 0.65916505625 0.5647791765625 0.66784334375 0.5750597640625 0.6673476843749999 0.5874575953125001 0.664108240625 0.598123821875 0.658035403125 0.6092920921875 0.646902609375 0.619696434375 0.6299453703125 0.624884075 0.6165417718749999 0.6282236953125 0.59978755625 0.6277218046875 0.565964921875 0.6215521109375 0.538552009375 0.6100638359375 0.5191004890625 0.6014203234375 0.5098584953125 0.5831801421875 0.499290525
2 0.6798457124999999 0.3990057890625 0.672730053125 0.40141268906249994 0.6680153953125 0.3999063796875 0.6623330562499999 0.40139112499999996 0.6372536328125 0.4090394375 0.629235759375 0.41715849218749995 0.5987358765625 0.43717595156250005 0.5999580953125 0.46204810625 0.6045125921875 0.48714484843749994 0.61576070625 0.5225407234375 0.623320128125 0.5342565515625 0.6293007562499999 0.5365273562499999 0.71744609375 0.527186803125 0.7226263875 0.5307620109375 0.7279085609375 0.5299294671875 0.7312772468750001 0.523025203125 0.7315538187499999 0.49995199531249995 0.7356354890625 0.50107605625 0.7369524000000001 0.4996366765625 0.7347915609375 0.48760552968750004 0.7309791140625 0.480387065625 0.720938846875 0.4260557828125 0.711356871875 0.3907722046875 0.7081410046875 0.3910648390625 0.7074061421875 0.3950903421875 0.70493966875 0.39628245 0.696259746875 0.39416930625 0.685593521875 0.40024214375 0.6798457124999999 0.3990057890625
2 0.6692055765625 0.5501968078125 0.6548287859374999 0.5446434296875 0.64067028125 0.5351995265625 0.6285562046875001 0.5372695421875 0.6248382921875 0.542622134375 0.6304695375 0.58222385 0.6260020703125 0.62555955625 0.6367628296875 0.6320577703125 0.6517071375000001 0.6352722953125001 0.686965271875 0.6315360734375 0.6949976718750001 0.6283419953125 0.7042669874999999 0.6160624593749999 0.7052565453125 0.6010175734375001 0.7159519875 0.565912103125 0.715522759375 0.5567143515625 0.7082761578125 0.553679053125 0.686849178125 0.5532536734375 0.6692055765625 0.5501968078125
17 0.73546144375 0.6364872734375 0.7379866859375 0.6301795890624999 0.7362138671875 0.6248066859375 0.6145781515625 0.6409694921875 0.6079535109374999 0.6500364421875 0.73546144375 0.6364872734375
17 0.2586216 0.34532427656250003 0.258339775 0.34756375625 0.25901410625 0.3511344890625 0.294520025 0.350317675 0.294850721875 0.343930621875 0.26516486875 0.3394797765625 0.2612263734375 0.340311978125 0.259292696875 0.342195496875 0.2586216 0.34532427656250003
2 0.5849605062500001 0.44077533593749996 0.5614672203125 0.440889865625 0.5432925140625 0.43304299999999996 0.52979605625 0.43383129531250003 0.5249285796875001 0.43893661406250006 0.5186713796875 0.45973901718750004 0.5179510484375001 0.4686895 0.5195953140625 0.4808556234375 0.530246846875 0.50874039375 0.53667858125 0.508155121875 0.55319449375 0.49891088593750005 0.570474334375 0.495491103125 0.5854186390625 0.498705628125 0.60089405625 0.5067101515625 0.60360069375 0.4895736890625 0.5960704906250001 0.4488252265625 0.5849605062500001 0.44077533593749996
2 0.5614978374999999 0.6654148796875 0.5434395390625 0.658085240625 0.4820107046875 0.6500398203125 0.466484346875 0.6442391734374999 0.46603324375 0.64709525 0.47627008125000003 0.6707072468749999 0.480133465625 0.6757218359375 0.48801305 0.6791393859375 0.489526371875 0.6858633078125 0.496038109375 0.6929241109375 0.50031619375 0.702211475 0.5131577890625 0.7130947625 0.5289533671875 0.7128010078125 0.595671721875 0.7030350750000001 0.607749390625 0.7080939109375 0.6231812125 0.70132350625 0.6298676421875 0.6897188546875 0.632341459375 0.671547940625 0.62985326875 0.645911290625 0.6230796515625 0.6279660812500001 0.612558896875 0.6444061 0.60007371875 0.65697826875 0.58889091875 0.6631860859375001 0.5759765078125 0.66656050625 0.5614978374999999 0.6654148796875
2 0.7264518109375 0.32823039062500003 0.714308671875 0.3204504546875 0.6905825640625001 0.31953053593749997 0.6548078562499999 0.3234017328125 0.6573469843749999 0.346834509375 0.6565902453125 0.3629138390625 0.6503694531249999 0.376587390625 0.6442286625 0.3979070203125 0.6579724687499999 0.403078146875 0.6665214484375 0.39974909375 0.6719855015625 0.402154875 0.6789847515625 0.39923074999999997 0.6848489718749999 0.40098433125 0.695515196875 0.39491149375 0.7057448468749999 0.3966197078125 0.708313196875 0.391019846875 0.7184628421875 0.3850819859375 0.7227992109375 0.3751866671875 0.730249565625 0.369406465625 0.7290709421875 0.35930924062499997 0.7346223421875 0.3523822953125 0.7341785796875 0.3382595671875 0.7264518109375 0.32823039062500003
10 0.2415860265625 0.3149078265625 0.226634321875 0.3416329703125 0.23289125937500002 0.3856348796875 0.2570101359375 0.4158422640625 0.3199086984375 0.41583667343749997 0.3354908890625 0.40811424531249996 0.35104885937499997 0.39218351875 0.3650547046875 0.369356465625 0.3582399390625 0.3309767234375 0.3436158484375 0.3065030609375 0.3087167359375 0.28915254687499997 0.26125478593749996 0.2969902546875 0.2415860265625 0.3149078265625
10 0.6162734375000001 0.2745076984375 0.5824777359375 0.2742108546875 0.5802828859375 0.27660982500000003 0.5647855953125 0.280659128125 0.5425339546875 0.2992515859375 0.524975146875 0.31844331875 0.5170202453125 0.34790393750000004 0.50906534375 0.3773645578125 0.5169715453125 0.3962916609375 0.535451728125 0.4297978609375 0.5672708125 0.441564003125 0.6096518984375 0.43140293906249993 0.64479373125 0.40122776875 0.6568351984375 0.36157200624999997 0.6530520265625 0.31236004375 0.63698493125 0.285525215625 0.6162734375000001 0.2745076984375