2 0.7423760828125 0.6550199437499999 0.7435026328125 0.6463517046875 0.721506809375 0.654047790625 0.679478640625 0.5747162328125001 0.6339486734374999 0.59498821875 0.5729634046875 0.6267381265624999 0.562704278125 0.6345636828125001 0.556139259375 0.650294521875 0.5431306953124999 0.6560865203125 0.5274089421875 0.6665227890625001 0.523654096875 0.67145235 0.5167736359374999 0.725166896875 0.5610186640625 0.7804841421875001 0.569351878125 0.7782018703125 0.6247050453125 0.7418640171875001 0.6576019703125 0.7244946140625 0.6726575890625 0.7114542171875 0.69424165625 0.699969709375 0.7021268593750001 0.6872211796875 0.729052409375 0.674831078125 0.7374826031249999 0.6663917968749999 0.7423760828125 0.6550199437499999
15 0.5661479921875 0.35607843125 0.567637984375 0.3422948328125 0.57127168125 0.339070396875 0.5797502031249999 0.33953489375 0.6019879890625 0.352393140625 0.61173836875 0.34693617187500003 0.6138095890625 0.3441396578125 0.61301023125 0.34101470312500004 0.57812765 0.304868525 0.547799275 0.26691774375 0.5433420515625 0.2625653390625 0.5373465171875 0.26309275 0.5310362 0.25367472812499997 0.5195659546875 0.2545869078125 0.5119596125 0.24663846562499997 0.5073450015625001 0.23731334531249998 0.4894067171875 0.2477993578125 0.47891738281249996 0.261261096875 0.45007833281250004 0.2574558578125 0.4574544625 0.2710404859375 0.469130425 0.2840048 0.4664655578125 0.29755285625 0.45659403125000003 0.3047149421875 0.45117972812499996 0.3162294359375 0.46396982812500004 0.3422641390625 0.4764575671875 0.3366147859375 0.4980174671875 0.3206783890625 0.4982597609375 0.3172681484375 0.5047277953125 0.30769431875 0.5155923171875 0.31530773437500004 0.528636790625 0.34015814375 0.55214610625 0.371059490625 0.560212865625 0.367735565625 0.5661479921875 0.35607843125
2 0.3444068 0.609081315625 0.3663053125 0.631506809375 0.4998410890625 0.7047252234375 0.5108146734375001 0.7084075734375 0.5228302421875 0.6878400734375 0.525083346875 0.6705035968749999 0.5444267203125001 0.6546169421875 0.5509554953125 0.6322082671875 0.451163996875 0.577613753125 0.4320874078125 0.5705774906250001 0.4025097390625 0.5508124515625 0.3983431328125 0.5519535906249999 0.3687647984375 0.5801176921875 0.344515865625 0.6051502515625 0.3444068 0.609081315625
2 0.26069006875 0.416886384375 0.25680200000000003 0.42129511875 0.2594302890625 0.42503379687500004 0.266867159375 0.42578358125 0.26898670625 0.43189084843750003 0.25383410156249997 0.45108825625 0.2777061890625 0.524803384375 0.29492968125 0.5267740328125 0.3112205890625 0.5250988999999999 0.334306390625 0.5260213109375 0.353722253125 0.5234903281250001 0.3792068015625 0.48585846093749996 0.36831844999999996 0.4498285875 0.34548701875 0.4477218828125 0.33486512031250004 0.4127336578125 0.3329029625 0.41159910625 0.265898325 0.41545996562500004 0.26069006875 0.416886384375
7 0.318245365625 0.5460248296875 0.3245922546875 0.538156115625 0.326760459375 0.52920259375 0.3262275515625 0.527119290625 0.315653646875 0.5249994140625 0.2942756296875 0.5263958484375 0.2788810671875 0.5250389234374999 0.26951861718750003 0.5058678578125 0.26642990625 0.5134015453125 0.261500184375 0.5180955625 0.2617908 0.5235891031250001 0.25400257656249997 0.5301806234375 0.2561221234375 0.5362878921875 0.2633046203125 0.5382219687500001 0.27659138437499997 0.5596621390625 0.2906171046875 0.5730975359375 0.29104094687500004 0.5791119015625 0.2822473171875 0.5926665437499999 0.28515414375 0.59967281875 0.2897325125 0.60232010625 0.29324506562499997 0.6008007859375 0.297641878125 0.5940234656250001 0.30883359375 0.5898436890625 0.3290129 0.5597952546875 0.3274020984375 0.5513194 0.318245365625 0.5460248296875
2 0.4093637140625 0.660398 0.396052121875 0.6824350781249999 0.3650562859375 0.7377384453125 0.40529210156250006 0.799169540625 0.41998395312500003 0.8152090703124999 0.46805664687500004 0.8549878578125 0.5320698875 0.8285391078125001 0.5326997765625 0.8244654015625 0.5235309609375001 0.8169448812500001 0.521023815625 0.8115010843749999 0.5509172609374999 0.769317846875 0.5172944609375 0.72502425625 0.51420608125 0.7085933734375 0.5073021203125 0.70992689375 0.5007495125 0.7039191125 0.47327930937499996 0.6880353953125 0.4135182390625 0.6570309187500001 0.4093637140625 0.660398
2 0.366776153125 0.742283234375 0.3654438859375 0.737074978125 0.3676362515625 0.7325733453125001 0.4075468640625 0.6620102203125 0.40621459687500006 0.6568019609375 0.4015150828125 0.6558597953125 0.3893179625 0.6670026906250001 0.3811783875 0.6809355125 0.362004484375 0.7040208265625 0.3573653765625 0.7142083859375 0.3426467078125 0.885433525 0.3443786546875 0.89220425625 0.35252998125 0.9044619484374999 0.3694386984375 0.8964871656250001 0.39183420468749997 0.8903535578125 0.40548473749999997 0.8827138 0.43333079375 0.871743534375 0.43982299375 0.8666215921875 0.44828943125 0.864860146875 0.4550480859375 0.8607798531249999 0.45671962656250004 0.8564208640625001 0.4562716203125 0.8459546046875 0.41145710625 0.805840790625 0.366776153125 0.742283234375
2 0.340515409375 0.8531357421875001 0.344318578125 0.8571099609375 0.3498426125 0.793735265625 0.3422003609375 0.7551444171874999 0.342455065625 0.72999555625 0.33395238125 0.7250791671875 0.319090728125 0.7258055484375 0.300014471875 0.6948047171875 0.298076475 0.6981220546875 0.294551840625 0.6974154296874999 0.28360275156250003 0.674220396875 0.2781159609375 0.672379221875 0.26840215624999997 0.6605494578125 0.2707035859375 0.6521167609375 0.2693592375 0.6446825578125 0.2540251390625 0.650098165625 0.29630854218749997 0.8153973999999999 0.3108286765625 0.8373017687500001 0.340515409375 0.8531357421875001
2 0.26856352499999997 0.37794734218750003 0.270235065625 0.37358835 0.2315241609375 0.40090977031249997 0.25420961875 0.4481988421875 0.2603142203125 0.44374036875 0.2680782796875 0.43269695781250006 0.2667339328125 0.42526275468749997 0.25746813281250003 0.423899246875 0.25680200000000003 0.42129511875 0.2603024703125 0.417549853125 0.332636509375 0.4105574578125 0.3295722921875 0.3985784625 0.3261688046875 0.39616671875 0.32731951875 0.3919503703125 0.321857221875 0.370596515625 0.2901838359375 0.37314066874999996 0.27173680624999996 0.38599526875 0.259115840625 0.391123796875 0.258449709375 0.38851966875 0.26856352499999997 0.37794734218750003
4 0.34614273125 0.3282772203125 0.34850456875 0.330974246875 0.3686956265625 0.3271163265625 0.37065778437499997 0.328250878125 0.3960564359375 0.3708956765625 0.4063276453125 0.365296065625 0.41275943593750003 0.34904440000000003 0.3886692203125 0.283191396875 0.3790403171875 0.2629786796875 0.372414890625 0.267579796875 0.36173192187500003 0.2693909859375 0.3537134890625 0.281618690625 0.3506368609375 0.291378321875 0.34614273125 0.3282772203125
2 0.498520903125 0.7017429109375 0.4880681453125 0.6979179156249999 0.4387477515625 0.6685124874999999 0.41521394218749996 0.6571238171875 0.4101389125 0.6590710625 0.365310659375 0.7365541515625 0.3666429265625 0.7417624093749999 0.403584315625 0.7968506953125 0.430727328125 0.82452760625 0.46805664687500004 0.8549878578125 0.5327239406250001 0.8289172890625001 0.5332206046875 0.8243227578125 0.5217020296875 0.8163311578125001 0.520502990625 0.811643725 0.5463992984375 0.7778002859375001 0.550784034375 0.7687970187500001 0.518081740625 0.7259232671875 0.51886935 0.70285770625 0.5144362921875001 0.7029571906250001 0.5097730234375 0.7086928593749999 0.5063816140624999 0.7085070578125 0.498520903125 0.7017429109375