13 0.448836065625 0.3435862453125 0.4443002734375 0.342796921875 0.429194540625 0.346618703125 0.42048150937499995 0.343355446875 0.398467225 0.3260859796875 0.3506082734375 0.2967934390625 0.32977451874999997 0.2943774 0.31687255468750003 0.298045140625 0.3059674515625 0.28553099375 0.2782920953125 0.28635908906249996 0.24441359999999998 0.2721316453125 0.2097042546875 0.27455776875 0.18011955468750002 0.2733065890625 0.1713044859375 0.27392275 0.170394984375 0.275645871875 0.1919341546875 0.28409761875 0.199801815625 0.28963269375 0.2090161796875 0.3066904875 0.2426671984375 0.347486621875 0.266564609375 0.36185854375000004 0.29048823437500004 0.38120728125 0.3415624921875 0.4047432515625 0.36670174218749996 0.410730621875 0.3913920921875 0.412877090625 0.4150184671875 0.410672465625 0.45868284062500003 0.3993226515625 0.495109140625 0.3973296984375 0.4980941484375 0.39435513437499997 0.49609446406249996 0.3867503484375 0.48561204843750005 0.3731002875 0.448836065625 0.3435862453125
13 0.30873786718749996 0.7417134328125 0.3107113359375 0.74434140625 0.3202552171875 0.7309510921875 0.33154226875 0.7229707640624999 0.37284839999999997 0.7057007765625001 0.382188196875 0.70006929375 0.40168694687500006 0.6815576859375 0.4239666234375 0.6678303453125001 0.4370726703125 0.6564037734375 0.4754930125 0.614442253125 0.494196003125 0.584369425 0.521329290625 0.5503882296875 0.5481274218750001 0.4992817875 0.5534940640625 0.483417540625 0.55683480625 0.45497168906249996 0.5681976828125 0.43813513125 0.5680169953124999 0.42708409999999997 0.565979396875 0.423907425 0.5444168328125001 0.4342655421875 0.5223295421875 0.44963898437500005 0.5089407671874999 0.4538939359375 0.499665096875 0.46007412187499996 0.4775398953125 0.4798756796875 0.47445284374999996 0.4867296578125 0.4563766203125 0.5079077468750001 0.4383383109375 0.5246577234375 0.4253867359375 0.542158509375 0.41727707968749994 0.5488103734374999 0.4103596515625 0.5609107375 0.40125297499999996 0.5875468859375 0.37973114531249996 0.6172635640624999 0.3636166984375 0.6504745609375 0.3370605640625 0.689394059375 0.31385969375 0.7142494515625 0.3081986234375 0.7323470125 0.30873786718749996 0.7417134328125
13 0.5969797515625 0.69390665625 0.5882171109375001 0.70447644375 0.586231946875 0.7112534 0.5931638921875 0.7135347875 0.593484534375 0.716278290625 0.5768163203125 0.7257411171875 0.5677971671875001 0.7341161031250001 0.5680798968749999 0.741287721875 0.5776528171875001 0.7566609015625 0.5859052484375 0.7654881828125 0.6018301359375 0.7544177671875001 0.6153326515625 0.73687846875 0.6402270828125001 0.7312661078125 0.653038703125 0.7220728484375 0.658944590625 0.7155750265624999 0.6632093515624999 0.699787796875 0.6690511109374999 0.6927412703125 0.6964175218750001 0.679764740625 0.7139835375 0.677983725 0.718685503125 0.67544233125 0.7267048125 0.6632649500000001 0.7317129 0.6490853140625 0.743020521875 0.59850845 0.7414290046875001 0.5753860015625001 0.7336867796875 0.547161646875 0.72544604375 0.528929434375 0.709107346875 0.5079441546875 0.6759576609375 0.48094255625000004 0.6578407046875 0.48276208593750003 0.65207476875 0.48095237968750004 0.6423618953125 0.4738867296875 0.6198490984375 0.46660940625 0.597412128125 0.45047585156250003 0.593555534375 0.4507454234375 0.58024540625 0.4699308203125 0.5632738875000001 0.5148185671875 0.5648508890625 0.5235592703124999 0.5724241218749999 0.5313276609375001 0.5645330671875 0.54460244375 0.55906438125 0.5643461046875 0.555149303125 0.6116403312500001 0.5565484359374999 0.6331166765625 0.5641741015624999 0.6508386984375 0.57070958125 0.65923280625 0.5791923125 0.6652780765624999 0.590826221875 0.6650180703124999 0.6167584078125 0.6587799890625 0.6285205765625 0.65961738125 0.6292259921875 0.6656530890625 0.6100478875 0.6869082 0.5969797515625 0.69390665625
13 0.32090537812500003 0.7032464890625 0.3293356765625 0.6993381296875001 0.33809831875 0.6887683390625 0.3666017046875 0.6474999968749999 0.38144810156250003 0.6176967375 0.3800897015625 0.6155789515625 0.3599992765625 0.6147705078125 0.3358860828125 0.617562346875 0.32849354062499997 0.6208449875000001 0.33531175 0.6364107156250001 0.3337637875 0.656433509375 0.3102422734375 0.6785453984375 0.32090537812500003 0.7032464890625
13 0.519999115625 0.7861372234374999 0.5245611218749999 0.791903359375 0.5301346703125 0.7920669625000001 0.5778218046875 0.7771168671875001 0.5874443375 0.778657 0.619017021875 0.7969178984374999 0.619054934375 0.7924897843750001 0.614557053125 0.7872723484375 0.5908258125 0.769569709375 0.57794724375 0.7544275890625001 0.5488816265625001 0.70058773125 0.5326711890625 0.6806998546874999 0.5172944234375 0.6679450859375 0.48724630468749996 0.64847125625 0.45521302343750003 0.6357743859375 0.42896301406250004 0.663055640625 0.3994190515625 0.681163021875 0.3799844296875 0.7002233328125 0.362342590625 0.7108605796874999 0.3425348921875 0.7172237515625 0.3396140125 0.720747015625 0.357873746875 0.734406634375 0.3602319859375 0.7403268140625 0.36709980625 0.7420594953124999 0.37982390312500003 0.7511274 0.3882949359375 0.7665775984375001 0.39989093593749997 0.7707457078125 0.41481880000000004 0.7796595703125 0.439048553125 0.7873700671874999 0.4542446296875 0.7890738015625 0.477180109375 0.7952152140625001 0.51493859375 0.790363228125 0.519999115625 0.7861372234374999
13 0.47379610625 0 0.40836427343750004 0.006877162500000001 0.407834465625 0.0117763921875 0.39062982812499997 0.0356594765625 0.3788559625 0.0442270125 0.3808935578125 0.0474036890625 0.3961158515625 0.0540842375 0.41027417499999996 0.0564136953125 0.4152326546875 0.0560671046875 0.4213950578125 0.05176408125 0.427160990625 0.053573782812500005 0.4286883796875 0.07614753125 0.425901403125 0.1283415515625 0.43247479375 0.1323075484375 0.4409837421875 0.14332963125 0.45646255 0.1522049859375 0.4694431625 0.163467690625 0.47513327031249997 0.1741336265625 0.48011796249999994 0.17876385 0.493048965625 0.2038596015625 0.4918361671875 0.24100764687499998 0.4770305046875 0.2901694703125 0.4804906296875 0.2960126265625 0.4920866265625 0.3001807359375 0.503886709375 0.2965900125 0.5431931546875 0.271715234375 0.5504312265625 0.2623583734375 0.5589256546875 0.2589987109375 0.5659975562499999 0.2529725671875 0.57333766875 0.23973629531250001 0.5793076859374999 0.23378716875 0.5947981921875 0.23325759375000002 0.6118366578125001 0.2127052203125 0.6414185359375 0.190169721875 0.6477471078125 0.1825359859375 0.6486303906249999 0.175836046875 0.6408736453125 0.13322994531250001 0.63125999375 0.09849820468750001 0.6066019125000001 0.044350265625 0.595119653125 0.0268978125 0.5730378968750001 0 0.47379610625 0
13 0.17342073125 0.2920298703125 0.187552834375 0.2893825109375 0.2031336859375 0.2943784515625 0.1954963234375 0.286061359375 0.187141846875 0.2811134921875 0.17334208281250002 0.27709942656250003 0.1729573109375 0.27380722031250004 0.20309295 0.2750198890625 0.24165889062499998 0.272324196875 0.258341621875 0.2772431140625 0.2737563015625 0.28556976562499997 0.28674861093750004 0.28742754062500003 0.305839196875 0.2844335921875 0.325722715625 0.2692141921875 0.3354182484375 0.23811141875000003 0.32332091875 0.2201487734375 0.3033821421875 0.20162786718749998 0.281394075 0.18933521874999998 0.26630003593749996 0.18375206875 0.24326251562499998 0.1814900703125 0.22595301406249998 0.1854658890625 0.2005193375 0.1817118296875 0.187360859375 0.18318476875 0.164401984375 0.19585321875 0.1569715265625 0.203563975 0.1486577859375 0.2179746703125 0.127185565625 0.23385830156249998 0.12166445156250001 0.2436483328125 0.11050565625 0.2527260609375 0.10712417656249999 0.26181335156249996 0.1059726859375 0.275723415625 0.10787032968750002 0.28720762031249997 0.1134963078125 0.2973248546875 0.1188395578125 0.3002704703125 0.1219907375 0.293965190625 0.126820959375 0.2925212015625 0.15215259375 0.3001546765625 0.161454478125 0.2989513078125 0.1650166453125 0.3009150484375 0.17342073125 0.2920298703125
13 0.33686253437499997 0.640174603125 0.3361571203125 0.6341388953125 0.330467009375 0.623472959375 0.331312378125 0.6212011390625001 0.3420747046875 0.6182361375000001 0.3794105046875 0.6145200625 0.37902573125 0.611227859375 0.38564873125 0.601360809375 0.382445121875 0.597712453125 0.3541284765625 0.5930535406249999 0.3268875015625 0.5833407953124999 0.31814825625 0.5751007234375 0.30027329375 0.56473330625 0.2729536734375 0.5400901124999999 0.262229259375 0.5386269953125 0.20621386406250003 0.5536060421875 0.17326220781249999 0.5758238984374999 0.15412201406249998 0.5926508921875 0.13129421875 0.630203421875 0.13562592812500002 0.6387515734375 0.143557715625 0.6448353531250001 0.150760696875 0.6636932859375 0.1547076359375 0.668949234375 0.1556054375 0.676631040625 0.153518228125 0.6872874125 0.15729900000000002 0.695874075 0.184924746875 0.7088790265625 0.20361886093749998 0.7119978046875 0.2422110171875 0.714278925 0.27640733281249996 0.7074631953125 0.28718135624999996 0.6950932640625 0.3350580546875 0.658002590625 0.33686253437499997 0.640174603125
13 0.4872543625 0.8243829296875 0.4849078171875 0.8090578234375 0.47491221718750004 0.794820553125 0.4216866203125 0.781392253125 0.4003777484375 0.7701584953125 0.391690934375 0.77187205625 0.3807245265625 0.7825958875000001 0.367402696875 0.811186215625 0.36183479531249996 0.8585959687500001 0.3639800765625 0.9054665828124999 0.35666618125 0.9236796734375 0.35548847031249997 0.9326129234374999 0.35703925625 0.9363768078125 0.362446634375 0.9398711234375 0.3917369046875 0.9433556140625001 0.4128913015625 0.94851515625 0.4172988375 0.9482070765625 0.44012945468750003 0.9344412249999999 0.44607325781249996 0.9235152843750001 0.45401674375 0.92019413125 0.4672248328125 0.9048881484375 0.48491346249999995 0.856631178125 0.4872543625 0.8243829296875
13 0.7890560625 0.27001895781249996 0.775705196875 0.2698457953125 0.747015478125 0.25248974999999996 0.7338949109375 0.249534571875 0.7301024468749999 0.25035284375 0.73066790625 0.26469607968750003 0.7344107625 0.27771085625 0.73254215625 0.2949901453125 0.7370400375 0.30020758281250004 0.75158313125 0.3058292421875 0.758477165625 0.31253874062500003 0.763231559375 0.31995098125 0.773664365625 0.34743408593749997 0.787478653125 0.3658298984375 0.823613346875 0.38985693593750004 0.8266741828124999 0.3780261421875 0.8308631156249999 0.371095146875 0.8237359609375 0.34338098281249996 0.8183753703125 0.3022669421875 0.8119157156249999 0.2850166015625 0.8007161875 0.27473576875 0.7890560625 0.27001895781249996
13 0.572483015625 0.379751365625 0.581773203125 0.3879529265625 0.5836329328125001 0.403865246875 0.5914626828125 0.413828440625 0.593669275 0.43746107656250005 0.595155928125 0.4406762609375 0.6017293203125 0.44464225781250005 0.603868959375 0.44393951875 0.6044578140625 0.4394728921875 0.5982635515625 0.391225746875 0.60238835625 0.38374604843750004 0.614815203125 0.3712605859375 0.62663868125 0.34886 0.64240909375 0.331715365625 0.6493906468749999 0.32016370312500003 0.6550021125 0.3158991921875 0.66375023125 0.29094765312500004 0.6658229203125 0.2659095359375 0.6646306921875 0.2604610390625 0.6568912890624999 0.2560233640625 0.6407594984375 0.251065934375 0.6363519625 0.2513740109375 0.633366953125 0.25434857499999997 0.6291897140625 0.251874640625 0.627446546875 0.2464646546875 0.6239485078125 0.2450496109375 0.619540971875 0.24535769218749998 0.619144503125 0.2514704203125 0.616940734375 0.2516244578125 0.6133523515625 0.2446839 0.6000656156249999 0.24505943593750001 0.597412946875 0.241372571875 0.5935563515625 0.2416421421875 0.5859189890625001 0.23332505 0.5506994390625 0.2551482484375 0.542578084375 0.2712050453125 0.5143663046875 0.2864533953125 0.5010299578125 0.300661978125 0.4990710046875 0.3124157484375 0.48416935624999996 0.3084787046875 0.47459925937499997 0.3168921984375 0.47235757968750003 0.32147435468749996 0.475138503125 0.3262586203125 0.48936095625 0.3291367796875 0.4950248484375 0.3348258953125 0.5019305796875 0.3321304625 0.51302806875 0.3462907140625 0.5222541281249999 0.3539435734375 0.5448572671874999 0.366746415625 0.5622833296875 0.3732729265625 0.564936 0.3769597921875 0.572483015625 0.379751365625
13 0.8873265937499999 0.5690602874999999 0.8697460593749999 0.556459559375 0.8478221171874999 0.5447156109375 0.807460575 0.5320476890625 0.776709865625 0.530324828125 0.7426155890625 0.53326114375 0.7350947859375 0.5354463843749999 0.73168709375 0.5395568578125001 0.7393010624999999 0.5666838125 0.741956553125 0.5941573546875001 0.7352343343750001 0.6316904953125 0.7253347171875 0.6705521 0.7287307140625 0.6758465546875 0.7386476703125 0.6751533765625 0.7676931234375 0.6670381328125 0.7994670687500001 0.6537535265625001 0.8137391296875001 0.6427986359375 0.820913071875 0.6328930765624999 0.836645571875 0.6201765546875 0.87166104375 0.6061121875000001 0.8888918953125 0.5872059203125 0.8904281640624999 0.5765880578125 0.8873265937499999 0.5690602874999999
13 0.7619223625 0.4085517921875 0.7450500640625 0.4257734484375 0.7433855421875 0.4352939109375 0.7365177234375 0.43356122656249996 0.734147784375 0.437045978125 0.7330342062499999 0.44652793125 0.7483351468749999 0.46813892968750004 0.8115563453125001 0.49580449531250004 0.8747017156249999 0.5323262921875 0.8813130203125 0.5318641734375 0.8844000703124999 0.5250101953125 0.8850619265624999 0.4879006640625 0.8837152265625001 0.47637795 0.8735506296875 0.44168471875000004 0.81371373125 0.428718540625 0.7836801328125 0.42362645624999995 0.775966946875 0.4241655953125 0.7712125515625 0.4167533546875 0.7619223625 0.4085517921875
13 0.7666969203125 0.477919134375 0.7512181140624999 0.46904378125 0.7436448765625 0.4612753890625 0.7340078328125 0.445353509375 0.7268834984375 0.441426021875 0.7276006109375001 0.4380568 0.7360950390625 0.43469713906249996 0.7372727484375 0.42576388906249996 0.733722278125 0.4143952125 0.7281225140625 0.409254796875 0.7218056390625 0.4074836015625 0.7114018703125 0.4087639921875 0.6981413484375001 0.4141163453125 0.6768207828125 0.41228751875 0.636858528125 0.41729354374999994 0.686405396875 0.418255765625 0.6928505296874999 0.42112436249999996 0.702930425 0.49786543281249995 0.7052886671875 0.5037856125 0.7186540515625001 0.5183405234375 0.725023359375 0.5300653453125 0.728521396875 0.5314803875 0.7580798796875 0.5277547499999999 0.789868346875 0.5288518890625 0.8307546125 0.5365044890624999 0.8504340515625 0.529043915625 0.8657321703124999 0.526868234375 0.810326203125 0.494784115625 0.7666969203125 0.477919134375
13 0.40860883281250004 0.275037434375 0.42272642187500004 0.2580083296875 0.44053443281250004 0.2440403671875 0.45085955312500003 0.22782953125 0.45472219999999997 0.170581678125 0.45329967499999996 0.1679151921875 0.43896348281249997 0.17832138125000002 0.43172541249999996 0.187678240625 0.41613286718750003 0.1920872328125 0.409189221875 0.1992107796875 0.4051285453125 0.2072391765625 0.3875508328125 0.2184251265625 0.377097453125 0.23353856093749997 0.3768175484375 0.2501536203125 0.37311542656249996 0.2564974078125 0.37629564375 0.278955625 0.371608196875 0.2958787609375 0.3762226375 0.31159853125 0.3884599234375 0.321253646875 0.39121463125 0.321061096875 0.38963763125 0.3123203953125 0.3971818265625 0.29132529375 0.40224234843750006 0.28709928906250004 0.40860883281250004 0.275037434375
13 0.2223886578125 0.5445557015625 0.2112153453125 0.53925168125 0.205230809375 0.5308190609375 0.207752396875 0.509621846875 0.2110959640625 0.504962675 0.24460138593749997 0.50649298125 0.2693441640625 0.5185930812499999 0.27796685 0.516330821875 0.287729334375 0.509563425 0.29568451875 0.49683734375000005 0.2905074390625 0.490561015625 0.29026261875000003 0.47896127968749996 0.28618742343750003 0.4726079328125 0.29682149375 0.46854553125000004 0.298576359375 0.46455058437499996 0.3268522671875 0.44985093593750003 0.3279920640625 0.44534580156250003 0.32294042031250003 0.41638019374999996 0.31641663750000004 0.3985811546875 0.3111113 0.391207425 0.287534534375 0.3795790046875 0.2634826484375 0.3591328671875 0.2462868875 0.34982434218749997 0.23804897343750003 0.35537880624999996 0.22130493593749997 0.3736978625 0.2052021796875 0.3975039265625 0.1949032765625 0.4186915796875 0.1818234421875 0.43509496406250003 0.1408379546875 0.455108459375 0.10676101874999999 0.49621319843749995 0.10691549687499999 0.5022874171875 0.1137454 0.5084482140625 0.1160395125 0.5138196921875 0.12536761406250002 0.5175931390625 0.13300497656250002 0.5259102296875 0.1479969703125 0.5353727921875 0.155570203125 0.543141184375 0.1836041171875 0.5406284765625 0.21120365 0.5486566125000001 0.22222248906250003 0.5478864140625 0.2223886578125 0.5445557015625
13 0.7315048109375 0.191064225 0.734760853125 0.2046662109375 0.7621942140625 0.216025059375 0.77320135625 0.22465979218749998 0.7731489265625 0.21470616250000002 0.753335584375 0.1734959796875 0.735250896875 0.12331403437499999 0.72292326875 0.1081334078125 0.720154040625 0.0939442078125 0.7164898296875 0.09585987968750001 0.7174779765625 0.10906720781250001 0.7129567031249999 0.12265963124999998 0.7091670578125 0.147264578125 0.7315048109375 0.191064225
13 0.8222940890625001 0.0696561140625 0.8240606546875 0.056256239062500005 0.8211252546875001 0.0453977578125 0.81562753125 0.0363779265625 0.8049410328125 0.030486696875000004 0.8006879703124999 0.03686899375 0.7951813703124999 0.061040771875 0.77997641875 0.09252864375 0.78136103125 0.0996232421875 0.7856665281249999 0.103194575 0.80680640625 0.0939723703125 0.8222940890625001 0.0696561140625
13 0.323525409375 0.1078383015625 0.336401159375 0.099193746875 0.34117895 0.087796125 0.3538740078125 0.068100534375 0.3458518734375 0.0564912375 0.34660689843750003 0.0486939 0.35594669843750004 0.0430624171875 0.36408256875 0.041387365625 0.36651663437500004 0.0384513125 0.38914317187499997 0.0324442921875 0.40292841562500004 0.0220766140625 0.410140271875 0.0077429375 0.4103217203125 0.006671426562500001 0.33430939843749996 0.014660643749999999 0.32888358906250004 0.0206140234375 0.316343 0.04638383125 0.306507515625 0.085794134375 0.3044989546875 0.11138095156250001 0.30604973750000003 0.1151448375 0.323525409375 0.1078383015625
13 0.410153934375 0.9868761312500001 0.4207121765625 0.99166995625 0.4280930234375 0.9977922484375 0.4320778734375 0.9986200796875 0.44154592968750006 0.9940859953125001 0.456112415625 0.9808977921875 0.5097260140625 0.9168533296874999 0.5240476843749999 0.8920653984375001 0.5324489453125001 0.8593935390624999 0.5302423562499999 0.8357609046875 0.5224097859375 0.8020110328125 0.5274295718750001 0.7784264656250001 0.5253919734375 0.7752497921875 0.5034708546875 0.7872925203125 0.46999164843749996 0.7907390249999999 0.4702481640625 0.7929338296874999 0.4761423546875 0.7958409328125 0.48461339062500003 0.811291134375 0.48666550624999994 0.8288495546875 0.4857326140625 0.8493825375 0.47863732031249995 0.874218546875 0.46612295000000004 0.9049651687500001 0.452786603125 0.9191737515625 0.44594500000000004 0.9224178843749999 0.4399370703125 0.9327951234375 0.41706853906249997 0.950989090625 0.4104455390625 0.9608561390625001 0.4087548 0.965399784375 0.4100111578125 0.9713969812500001 0.4066034625 0.9755074562500001 0.410153934375 0.9868761312500001
13 0.3487332046875 0.47560265625 0.3867744203125 0.47792228437500006 0.408144596875 0.46591806875 0.4576652484375 0.4619034734375 0.4591636 0.455713725 0.4623030828125 0.45881338281249995 0.4667747453125 0.4590540015625 0.48597907031250004 0.44277570781250003 0.50231494375 0.43997430781249997 0.5020584296874999 0.43777950781249997 0.49794532187499996 0.435854271875 0.4602626640625 0.4318500296875 0.44593817031249994 0.4328512875 0.4462209 0.44002290468750005 0.44185127812499997 0.4359028703125 0.43909656718749995 0.43609541875 0.424862421875 0.44262219375 0.41274169687500006 0.44346941093750003 0.4002362 0.44102442656249996 0.38159451718750004 0.447859278125 0.3567379984375 0.4490435265625 0.34568124375 0.45424183906250004 0.333201965625 0.45677366875000003 0.32058273125 0.46761302968749996 0.31825070625 0.4666696671875 0.3199414453125 0.4621260234375 0.314432025 0.462511121875 0.2929335890625 0.4734179375 0.312627546875 0.48033911093750004 0.3487332046875 0.47560265625
13 0.4786417796875 0.47979865781250003 0.48175504374999994 0.47792149687499996 0.49113275625 0.46786189843750003 0.49165748125000003 0.4628465734375 0.48100889375 0.452527228125 0.47605041718749996 0.45287381875 0.4651219203125 0.45916953125 0.46689130624999997 0.469556334375 0.46468753906250004 0.469710375 0.45815206093749994 0.4613162625 0.445480396875 0.4622019921875 0.4070427125 0.46599508749999996 0.383468765625 0.47815334531250003 0.353140740625 0.4752945765625 0.3328200140625 0.4772681421875 0.3320387734375 0.48008866718750004 0.3598189953125 0.499167834375 0.3765017296875 0.504086753125 0.42041091875000003 0.504336675 0.46264106875 0.49972530937500004 0.47377364375 0.4856707625 0.4730041015625 0.47908635781250003 0.4786417796875 0.47979865781250003
13 0.7643935359375 0.3584081859375 0.7584955843750001 0.3237855125 0.7229613046875001 0.320737465625 0.7078809828125 0.28675662343749997 0.6909251984375 0.2842539171875 0.664699659375 0.2658036578125 0.6476658984375 0.3260004875 0.6239665171875 0.360848021875 0.5996258484375 0.3902085515625 0.626832809375 0.4012144359375 0.698115134375 0.409139528125 0.7368948343749999 0.4082728359375 0.78084381875 0.4199524265625 0.88689275625 0.4401989421875 0.7872862656249999 0.364183796875 0.7643935359375 0.3584081859375