27 1 0.426755084375 0.975034190625 0.4387455765625 0.9438353609375 0.452978203125 0.9285601140624999 0.4477712734375 0.9236194359375001 0.45216727656250005 0.9305904359375001 0.460784503125 0.914805065625 0.459810990625 0.9238754984374999 0.47123491562500003 0.9307306562500001 0.48274013125000004 0.9366346671875 0.49250564375000006 0.937447596875 0.5146584140625 0.9798630296875 0.5219749515625 0.9991822296875 0.54078214375 1 0.5349634062499999 1 0.426755084375
27 0.6992403171875 0.4974461609375 0.7165215140625001 0.490822696875 0.7133083515624999 0.4818457453125 0.72738656875 0.43629844375 0.718942109375 0.41775311562499995 0.6994314453125 0.3696673703125 0.5775628421875 0.2645574859375 0.5329910578125 0.277062590625 0.5145615765625 0.2826190609375 0.5535239734374999 0.3590502 0.61379165625 0.41761890937499996 0.69741931875 0.49618202968749997 0.6964681765625 0.4944423234375 0.6992403171875 0.4974461609375
27 0.6712830249999999 0.63023674375 0.676120046875 0.641150540625 0.70016291875 0.6313952109375001 0.740732984375 0.6126039999999999 0.7840751890625001 0.5968166265625 0.7828894109375 0.5853727203125 0.7862782796875 0.5843135234375 0.7992102171875 0.580067925 0.8032810421875001 0.5761474953125 0.801029209375 0.5389633625 0.7158711703125 0.4731004828125 0.7137026328125 0.48050032031249995 0.7167186531249999 0.4901499859375 0.71594228125 0.50526264375 0.7143306093749999 0.5157476078125 0.71667391875 0.5252001359375 0.730859803125 0.5490804234375 0.7354651265625 0.5657702 0.7228238109375 0.5839801718750001 0.6712830249999999 0.63023674375
27 0.8972880062499999 0.62926339375 0.910138646875 0.62280251875 0.9146383109375 0.6124333984375 0.9018324015625 0.5838441265625 0.881279121875 0.5617502828125 0.86944873125 0.55974433125 0.8616891687500001 0.553817953125 0.8422739890625 0.5627379828125 0.8150301421874999 0.5759381718750001 0.7823233 0.5853459609375 0.7796446359375 0.5969792109375 0.737253575 0.614506290625 0.702772478125 0.6299684937500001 0.68027216875 0.6394453906249999 0.6708541953125 0.636685434375 0.6711505796874999 0.6363664640625 0.6614016687500001 0.6390287406249999 0.7068574921875 0.680838565625 0.7268884640625 0.694744015625 0.7699298703124999 0.69493915 0.7991573 0.68743365 0.81715795 0.6883258703124999 0.8502590703124999 0.6775726546875 0.8731536578125001 0.666750334375 0.885923009375 0.658074178125 0.8855165390625 0.64699779375 0.8795779765624999 0.6423355453124999 0.8871627671875 0.6314095625 0.8972880062499999 0.62926339375
27 0.8789672265625 0.6618683984375 0.8417607265625 0.6816453078125 0.832554078125 0.73300314375 0.845707528125 0.752928446875 0.8436324703125001 0.77496536875 0.8305155796875001 0.7923054890625 0.8029932984375 0.8039631109375 0.7934025546875 0.8267194859375 0.9372270484375 0.8738835625 0.966320321875 0.774606765625 0.9832904750000001 0.6538578578124999 0.9469091703125001 0.6394108234375 0.9071378484375 0.6255643 0.88811695 0.6331389078125 0.8824690015625001 0.642441034375 0.8880600265625 0.65576725 0.8789672265625 0.6618683984375
27 0.6617989828125 0.6376729578125 0.6216353859375 0.667540553125 0.562078975 0.6888031078125 0.49798834999999997 0.7255380421875001 0.5899528046875 0.7532189046875 0.6076160953125 0.73282820625 0.6264276671875 0.7135045015625 0.6661888109375 0.7572979078125 0.69632265 0.7865822625 0.7354883625 0.74765641875 0.796934878125 0.71745146875 0.8326333703125 0.6928497250000001 0.82487380625 0.6869233484375 0.8054118875 0.688524834375 0.769735765625 0.6956015046874999 0.7440222953125 0.69610145 0.7194103703125 0.6903498421875 0.703415675 0.6776272328124999 0.6617989828125 0.6376729578125
27 0.6015759484375 0.65874103125 0.6155525078124999 0.6708722203125 0.629191709375 0.6617204984375 0.6510538593749999 0.6469431921875 0.7016089437499999 0.6040501828125 0.736262809375 0.56307165 0.7299990734375 0.5495482953125 0.7143864718749999 0.5230584515625 0.7178415078125 0.4963125453125 0.7047591734374999 0.5085493999999999 0.6668230359375 0.5507575109375 0.6398352515625 0.583025334375 0.621082603125 0.6220893921874999 0.6017609015625001 0.645646509375 0.5739601875 0.6557615671875 0.5848861703125 0.6633463578125001 0.6015759484375 0.65874103125
27 0.5201431984375 0.6399903859375 0.5316829703125 0.6280319640625 0.5387230796875 0.626442659375 0.5917860640625 0.6398014234375 0.5847459546875 0.6413907265625001 0.59052193125 0.6416224234375 0.6089514125 0.6360659515625 0.627124828125 0.6114418421875001 0.6544134140625 0.563191503125 0.6803220203125 0.519650153125 0.69019119375 0.498436346875 0.6480298203125 0.46781875156249997 0.63950406875 0.447058146875 0.60694963125 0.490843378125 0.5806121906249999 0.5408334171875 0.5395909265625 0.58359839375 0.5373878390625 0.596101496875 0.5185071578125 0.6256317328125001 0.5201431984375 0.6399903859375
27 0.6124549499999999 0.417220315625 0.588538103125 0.3941407734375 0.5597496875 0.3652507 0.5519433874999999 0.3520057765625 0.53251601875 0.3485040015625 0.49991283906249995 0.34260199375 0.47946522343750003 0.3475670453125 0.4530099328125 0.3580763828125 0.42672941406250003 0.3854380828125 0.41779919843749996 0.3959697875 0.4434090109375 0.41077964062500005 0.477160471875 0.4177486390625 0.6115749140625 0.447642771875 0.635861665625 0.44453327187499997 0.6124549499999999 0.417220315625
27 0.52257373125 0.29518695781250004 0.5205434078125 0.2821737265625 0.5313461078125 0.274607671875 0.5247646359375 0.27026204374999996 0.4860053875 0.320264271875 0.4390537375 0.286051425 0.43004222968750005 0.2943678515625 0.42438209687499995 0.29124816875000004 0.388823825 0.337805540625 0.4140048015625 0.35906408437500004 0.4047270453125 0.3782597578125 0.42297157187499995 0.3857978046875 0.45735919531249997 0.35569851875 0.501455403125 0.3423235609375 0.5494496765625 0.3505445078125 0.52257373125 0.29518695781250004
27 0.2614189484375 0.3961627546875 0.28475455781250003 0.3913135484375 0.31489858125 0.39065101874999997 0.330612840625 0.3594623703125 0.3581818609375 0.35512329375 0.3735851375 0.3698640390625 0.38503343437500004 0.38563722500000003 0.40618831875000005 0.3757660484375 0.411232659375 0.3560602484375 0.38459041250000003 0.3372954140625 0.3647911359375 0.3176139859375 0.3602325484375 0.3082427546875 0.345630015625 0.303232965625 0.3333931609375 0.29015063125 0.3121326125 0.27296291250000004 0.29871292031249996 0.2639168515625 0.2805029453125 0.2512755375 0.2656219796875 0.2447231828125 0.24974313124999997 0.22911258281250002 0.2242613546875 0.22383655156249999 0.20272437812500002 0.24747496249999998 0.1746817859375 0.29331288125 0.1648126140625 0.314526690625 0.19688329843750002 0.3421871875 0.2399612625 0.37964775 0.2614189484375 0.3961627546875
27 0.30937650156249996 0.6089086203125 0.2944853515625 0.6323031546875 0.3467495953125 0.6782996531250001 0.37876135624999996 0.6862197953125 0.38654328437499996 0.6746211015625 0.409854521875 0.6449282765625 0.4274365171875 0.6223223046874999 0.48357444843749997 0.6650710859375 0.4972949421875 0.6581346390625 0.515746790625 0.6350530921875001 0.5148769375 0.6355286640625 0.5226121296875 0.616611425 0.538604821875 0.5869653421875001 0.553345565625 0.5715620640625 0.5781871828125 0.529169003125 0.5675741859375 0.5180235078125001 0.5073186859375001 0.47187660937500003 0.4519347625 0.43154024375000005 0.4125455359375 0.4039264875 0.3856959640625 0.41578125000000005 0.355078371875 0.4579426203125 0.328578346875 0.5035021046875 0.33738252968750004 0.525805275 0.32087971249999997 0.559684771875 0.30937650156249996 0.6089086203125
27 0.20445173125 0.47589235625 0.18994267812500001 0.48551965468749997 0.23903031718749998 0.5598046250000001 0.2808217796875 0.6166112609375001 0.3048300984375 0.611959196875 0.3104313046875 0.595338528125 0.3171686109375 0.567363040625 0.3395165171875 0.52350870625 0.3263630703125 0.5035834 0.348050446875 0.471953734375 0.36763839531250003 0.43751736875 0.3489061109375 0.41668765625 0.3270886953125 0.3964148140625 0.300145646875 0.3936324875 0.24504215937499998 0.397207378125 0.17003573125 0.396410640625 0.1552949859375 0.41181391562499997 0.16814763125 0.44772173281249994 0.18686773125 0.4561296375 0.20445173125 0.47589235625
27 0.2342400375 0.5562093703125 0.1897800921875 0.481089103125 0.201285309375 0.4742339453125 0.18904845625 0.461151609375 0.1678692 0.4461791703125 0.15782325 0.4081719234375 0.1715782984375 0.39613220781249997 0.210583428125 0.3951445046875 0.2544946859375 0.39486407031250004 0.165009753125 0.313853978125 0.1782303015625 0.281204059375 0.19019890781249998 0.262796946875 0.1901176140625 0.26058166875 0.17246450625 0.25102548125 0.169680178125 0.2355998359375 0.159833371875 0.23928857187500002 0.15800019062499998 0.225602628125 0.149336221875 0.22525508906249997 0.151933590625 0.21140656406249997 0.14172705937500002 0.21133745468749998 0.115446540625 0.2386991546875 0.0867983421875 0.23176470937500002 0.06834649375 0.2548462546875 0.032324834375 0.3129555828125 0.018362465624999998 0.35561489687500003 0.069328021875 0.4085356578125 0.141832559375 0.48018669999999997 0.2622520796875 0.6002121046875 0.2342400375 0.5562093703125