3 0 0.526203890625 0.0060693359375 0.5839497640625 0.017241931250000002 0.583189375 0.045632009375 0.561185284375 0.0668601375 0.50913553125 0.092169940625 0.492614209375 0.11560580625000001 0.46516386875000004 0.1363312953125 0.41995235937500003 0.15515062968749999 0.346038484375 0.18029547343750002 0.295338121875 0.1880322609375 0.244716871875 0.17695359375 0.2133218140625 0.1728397046875 0.1600200375 0.164773003125 0.14228320625 0.14361706875 0.1205042875 0.0583501890625 0.13319651562499998 0 0.15475909062499998 0 0.526203890625
3 0.5062026562499999 0.177645709375 0.4567893890625 0.1942765734375 0.4185230984375 0.223161503125 0.292279553125 0.24697749062500002 0.2536472484375 0.2444186765625 0.2113315 0.25554851875 0.1939556578125 0.273400975 0.1899023171875 0.3103335703125 0.193316390625 0.318521203125 0.202822703125 0.3348843015625 0.2259208875 0.3484512453125 0.40857081093750003 0.35855870156249997 0.453528625 0.384331025 0.4929973671875 0.393721996875 0.7618511421874999 0.39660173125 0.84393721875 0.3907599140625 0.8789221749999999 0.37009305000000003 0.8816364374999999 0.3331665390625 0.8962335890625001 0.3166939015625 0.89874679375 0.282502690625 0.888001925 0.2647780296875 0.8904468156249999 0.2497278109375 0.902667390625 0.2291644 0.9067890468750001 0.1730908109375 0.8679234703125 0.1554939515625 0.7960151890625 0.15035198125 0.7081706718749999 0.161688734375 0.6546074187500001 0.161932159375 0.5597659125 0.177402284375 0.5062026562499999 0.177645709375
3 0.5878272265625 0.542314915625 0.5486600671875 0.5288209984375001 0.5206398859375 0.527581146875 0.47450795 0.53599395 0.3763528984375 0.5419087921875 0.35144520625000003 0.552959521875 0.25352342499999997 0.5739124140625 0.22851520625 0.5863307921875001 0.2211161015625 0.5959347578124999 0.21501998125 0.6424469765625 0.2255637921875 0.662906934375 0.21571979687499998 0.6875611187499999 0.21431240156250003 0.7067082 0.2295410546875 0.754490696875 0.255719515625 0.7625748734375 0.3137021265625 0.7568425984375 0.3440666703125 0.7443998781250001 0.40225033750000005 0.7359323078125 0.568533584375 0.6955280562499999 0.59230325 0.681748115625 0.6252132125000001 0.6528875296875001 0.73649359375 0.6141004375 0.76317469375 0.6153463734375 0.798996090625 0.6015116609375 0.813894825 0.5809360796874999 0.81486789375 0.5494862515625 0.8056631640624999 0.5290202093749999 0.788858275 0.52089343125 0.746007671875 0.52108816875 0.6171864874999999 0.543548678125 0.5878272265625 0.542314915625
3 0.83456365 0.390802515625 0.7899718499999999 0.396473934375 0.54522154375 0.39348465625 0.52423056875 0.4058847765625 0.46698386875000003 0.41981685625000004 0.37083549531250004 0.4530664125 0.34559400625 0.45044674375 0.30729550156249996 0.46155832812500003 0.28074714375 0.47671809062500003 0.28613568749999996 0.49446709218749996 0.28556473437499996 0.5204463265625 0.30025853125 0.55729371875 0.3554624515625 0.5529412671875 0.3685194671875 0.5392100109375 0.4650338515625 0.5374041984375 0.5165221156250001 0.5289670531249999 0.5419646593749999 0.5288514265625001 0.5904048640624999 0.5436703921875 0.6170859625 0.5449163265625 0.9319750265625 0.486063228125 0.9611010171875 0.4722589453125 0.992470840625 0.44613974375 0.9952507546874999 0.42861006250000006 0.992897396875 0.4062193578125 0.99156996875 0.4037608953125 0.968773371875 0.38609100625 0.97061509375 0.3792466796875 0.9886539203125 0.36584537031250003 0.98378590625 0.3195293140625 0.9818342671875 0.3176720703125 0.9001180906249999 0.3002699484375 0.8830760453125001 0.3317928078125 0.87912323125 0.3673577515625 0.8676063562499999 0.378347625 0.83456365 0.390802515625
3 0.4078399359375 0.7509460109375 0.3997049171875 0.752350175 0.39508450625 0.760574321875 0.39441302500000003 0.7879212046874999 0.387315503125 0.7934222265625 0.3848706125 0.8084724453125001 0.3675952984375 0.8249572546874999 0.33867036562499997 0.8360262390625 0.311253353125 0.8265804984375 0.2865789328125 0.852669275 0.2705099578125 0.8527423015625001 0.249989409375 0.8405308359375001 0.24838095624999998 0.8624132124999999 0.254907521875 0.8828914250000001 0.2728504375 0.8937474125 0.29159757656249996 0.8936622140624999 0.3148646 0.886720515625 0.3332779421875 0.872964921875 0.36983525 0.8673300156250001 0.421926678125 0.8506869796875 0.483021784375 0.857245284375 0.49309905 0.8476291421875001 0.51040658125 0.8489176796875 0.6205489359375 0.8074013765625001 0.6805743265624999 0.792089475 0.7346080078125 0.7672344640625 0.746526996875 0.750774 0.7465953109375 0.7316330046874999 0.734611890625 0.712546784375 0.7320020421875 0.6934179609375 0.7192143953125 0.685272925 0.7044883828125 0.6306521890625 0.6226355765625 0.6515320515624999 0.5699731953125 0.6941543218749999 0.45969809531249994 0.7192649296875 0.447678578125 0.7370930453125 0.4415863390625 0.72891758125 0.42253761250000005 0.7331057249999999 0.4078399359375 0.7509460109375
3 0.1402041484375 0.5675914484375 0.147940934375 0.5169701984375 0.14295450625 0.49375060312499996 0.13053675781250001 0.46236162968750005 0.11590739218749999 0.461060921875 0.110884865625 0.47475566562499993 0.0698398859375 0.505020415625 0.0680948109375 0.5651847765625 0.049110515625000004 0.6049196078125 0.044755590625 0.6459551484375 0.0609495453125 0.7716631781250001 0.058436340625000006 0.805854390625 0.0640903671875 0.8564147859375 0.0805253609375 0.8877855 0.11145697343750001 0.904051228125 0.13432188437499998 0.902580121875 0.1551801171875 0.87377430625 0.183936209375 0.8832139640625 0.20368863125 0.869452278125 0.21617857499999998 0.827012578125 0.21959653124999998 0.7805125281249999 0.20396576562500002 0.738200628125 0.19074379218749998 0.717752840625 0.174244371875 0.6508354375 0.14519057500000002 0.5908110453125001 0.1402041484375 0.5675914484375
3 0.4158204890625 0.0960249671875 0.3507403546875 0.10725826406250001 0.336010459375 0.10732520625 0.32322281406250003 0.099180171875 0.2771914078125 0.106225325 0.2645042921875 0.09671264375000001 0.2471967625 0.0954241078125 0.2359814703125 0.102311034375 0.2227917109375 0.09963659375 0.17779779843750002 0.11077860625 0.1756867078125 0.139499225 0.1942289078125 0.19683700312500002 0.1903444078125 0.21326095781249998 0.19389122812499998 0.2378542859375 0.2172909953125 0.2473182828125 0.2845466484375 0.242911059375 0.30945433906250003 0.23186033125 0.4567893890625 0.1942765734375 0.5156445390625 0.1584621203125 0.5301411640625 0.1433571296875 0.5354652718749999 0.12555944218749998 0.47658179062499995 0.088912871875 0.448360553125 0.0904083203125 0.44484595000000005 0.08358833437499999 0.43001552656250003 0.0850229234375 0.4158204890625 0.0960249671875
3 0.2841612203125 0.48490572343749994 0.2577494890625 0.46178349687500003 0.21266281718750002 0.36491779687500003 0.1818678265625 0.3103700828125 0.17393386875 0.3090389484375 0.15709288125 0.3378265078125 0.128731134375 0.432291621875 0.129398734375 0.45963242031249996 0.1458659421875 0.50877648125 0.140940059375 0.5757912562499999 0.1874985578125 0.689056565625 0.19559747656249998 0.7245667421875 0.22662573749999998 0.7941525 0.2454373078125 0.8296139921875 0.2730875921875 0.854097778125 0.2990327765625 0.847143909375 0.312592434375 0.8265744125 0.340210503125 0.83328485625 0.36254055625000003 0.8208786515625001 0.392036446875 0.78383043125 0.3922736 0.7441807984375 0.3887589953125 0.7373608125 0.371250409375 0.738807571875 0.32247252656250003 0.7650058921875 0.267903990625 0.7789257984375 0.233457771875 0.7558400875 0.21518105781250002 0.7313137000000001 0.20246172499999998 0.7040276703125 0.20490661718749997 0.6889774515625 0.2254632625 0.6642745828125001 0.211304321875 0.6383622890625 0.2241963765625 0.59045199375 0.2481670984375 0.57393675625 0.2783305859375 0.564229334375 0.297045509375 0.5463707906249999 0.2841612203125 0.48490572343749994
3 0.8371218718750001 0.6655964 0.8439938843749999 0.5356819671874999 0.8551769609375001 0.5110216953125 0.8518634125 0.5014664109375 0.7878207781250001 0.5167965703124999 0.81115223125 0.5454015625 0.8139631406250001 0.5617950875 0.8094754703125 0.5864249296875 0.7964184546874999 0.6001561828125 0.7704732671875 0.607110053125 0.754939146875 0.618118184375 0.7640755625 0.6577252171875 0.7588519828125 0.67415525625 0.7655112921875 0.711039165625 0.78201459375 0.7232688875 0.8154916296874999 0.7231167468749999 0.8347414078125001 0.71619330625 0.8333701124999999 0.6984260484375 0.8407370015625 0.6710487374999999 0.8371218718750001 0.6655964
3 0.6951148125 0.6306947875 0.6947127 0.63616538125 0.7121851875 0.6716329562500001 0.7147950375 0.690761778125 0.73317228125 0.7139205171875 0.738629134375 0.712528528125 0.7546336796875 0.676908809375 0.7580516375 0.6304087640625 0.7510224328125 0.6167687921875 0.7352550421874999 0.612738871875 0.6951148125 0.6306947875
3 0.6827098687500001 0.8905175640625 0.678660409375 0.87276248125 0.702132371875 0.8083978 0.7041429359375 0.781044834375 0.6107732515625 0.8129145703124999 0.5935584859375 0.91963375 0.6593062187500001 0.9357412484375001 0.6729986171875 0.931577446875 0.6827098687500001 0.8905175640625