10 0.33352431875 0.4043736390625 0.32888460468749997 0.40181158437500003 0.31598988125 0.40263663281250006 0.3087654328125 0.4071770375 0.29895493281249996 0.420396584375 0.29378283125000004 0.4377548765625 0.2899166359375 0.7443266546875 0.2878432328125 0.7567358390625001 0.28113318593750003 0.7629040218750001 0.27751701562500003 0.7699042984375 0.2769925234375 0.7803644921874999 0.2831732546875 0.7904377046875 0.29709239374999996 0.7981238609375 0.3429878515625 0.806875240625 0.39146848125 0.8079986015625 0.42654305625 0.80464028125 0.45233557031249993 0.799311240625 0.4719399015625 0.792843575 0.483291853125 0.7866096265625 0.491550371875 0.7790180140625 0.4941386171875 0.7677110468749999 0.48538411875 0.7516011890625001 0.47919943906249995 0.7462580484375 0.4761112703125 0.738593625 0.475613534375 0.716994409375 0.46223993906249994 0.6736209875 0.46380025625 0.6580073328125 0.45918685937500003 0.6239114390625 0.45869570625 0.5944287625 0.4499618234375 0.55361739375 0.43657989375 0.5202296875 0.43400349218749995 0.517346428125 0.419566440625 0.5122370046875 0.40203332031250005 0.50892330625 0.39842591875 0.5054123046875 0.3870827390625 0.501134975 0.36852695468749996 0.48720781874999997 0.36131435 0.4775579921875 0.35513669062500003 0.46380582812500004 0.33815832968750004 0.4137680203125 0.33352431875 0.4043736390625
10 0.6555756796875001 0.7632047187500001 0.635974859375 0.765467871875 0.63390584375 0.7726214140625001 0.6503882265625001 0.7989577531250001 0.66894138125 0.8160382953124999 0.6787365265624999 0.8212134859375 0.699361765625 0.827461534375 0.7266944203125 0.8306947828125001 0.7493899921875 0.8282125984375 0.764869009375 0.820810659375 0.7777746984375 0.8068465140625 0.7839799921874999 0.787488140625 0.7794525703125 0.6503816953125 0.7703108765625 0.4802304859375 0.7708590546874999 0.4413898359375 0.772924559375 0.43844080625000004 0.7796315359375 0.435951571875 0.774479171875 0.42965948281250005 0.665652434375 0.4309678015625 0.6249049546875 0.43376415 0.6156145609375 0.4417791484375 0.5944468453125 0.46753941718750003 0.5815376484375 0.4857080765625 0.5794690671875 0.492336053125 0.5912744546875001 0.560783284375 0.5989830390625001 0.5941345796874999 0.6097859375 0.627792409375 0.61802559375 0.64280005 0.62315909375 0.67169139375 0.631393925 0.6924802390625 0.64013263125 0.72751040625 0.6494046015625 0.741569096875 0.6524905796875 0.7518613453125 0.6576420656249999 0.7592045609375 0.6555756796875001 0.7632047187500001
10 0.4755959890625 0.7380169703125 0.46836583593750003 0.7493897046875 0.46887278437499996 0.7599520765625 0.46474089531249996 0.7669012625 0.47041116875 0.770616621875 0.4776312296875 0.7713318578125 0.5704689328125 0.770542053125 0.6566062406250001 0.764358025 0.66021978125 0.7605111328125 0.6540372984375 0.752540175 0.6535321078125 0.73987555 0.649931725 0.727955521875 0.6421976984375 0.725086940625 0.6380780890625 0.7173203359375 0.620087153125 0.6445810953125 0.6118457421875 0.631675709375 0.6056694 0.6163468562500001 0.5927913421875 0.59720046875 0.585075303125 0.5727837609375 0.58457800625 0.55065898125 0.580971921875 0.5455712859374999 0.57478593125 0.5418048421874999 0.5428144421875001 0.5349584125 0.5098040578125 0.5369443953124999 0.4850412234375 0.54447786875 0.47626786406250005 0.5509672640625001 0.47058750156249995 0.5593398796875 0.47157068906250005 0.6172541 0.4684575140625 0.6395468234374999 0.4679110890625 0.6762852171875 0.4740786625 0.7021253515625 0.4761213578125 0.72650565 0.4755959890625 0.7380169703125
17 0.6481780921875 0.3572285234375 0.59397630625 0.41335523125 0.56041818125 0.45365630156250003 0.5253168484375 0.489074028125 0.523247834375 0.496227571875 0.52788053125 0.5071986468749999 0.53870360625 0.5166805296875 0.5500485390625001 0.5188556015625 0.5608838953124999 0.5136216874999999 0.60115733125 0.46084566875000005 0.6718853609375001 0.3784988953125 0.6889251359374999 0.3549577390625 0.6930587796875 0.3459062953125 0.704416434375 0.332840009375 0.704943996875 0.31870086875000003 0.702885071875 0.3137664390625 0.6930855375 0.3138468859375 0.6481780921875 0.3572285234375
17 0.47457376562500003 0.7268779484375 0.4756113421875 0.71962223125 0.472012275 0.7061255109375 0.44062537031250004 0.616816615625 0.42621200625 0.5833267328125 0.4010010046875 0.5098722578125 0.3963634828125 0.5046823859375 0.3752277890625 0.4920764796875 0.36337810312499996 0.4767112171875 0.357722740625 0.455126684375 0.3629101953125 0.4193736484375 0.3366804796875 0.3305756390625 0.3073507453125 0.24830343125 0.301166946875 0.241909165625 0.288789259375 0.24120860781250003 0.2810499703125 0.24464679375 0.27743555 0.2495448140625 0.2794883375 0.2618371421875 0.3345531234375 0.40762919843749995 0.37365606875 0.5213548015625 0.41173810624999996 0.6223646890625 0.4441481140625 0.721761478125 0.448780809375 0.7327325546875 0.45496679999999995 0.736498996875 0.4627047765625 0.7346375046875 0.47457376562500003 0.7268779484375
17 0.567690003125 0.392354984375 0.5687310921875001 0.3808947484375 0.56461060625 0.3741792734375 0.5594556109375 0.37104057031250004 0.5501709203125 0.372223234375 0.5052735640625 0.40351689999999996 0.50372026875 0.41072153125 0.5073241562499999 0.41843704531250003 0.5140236734375 0.4248824 0.5196965828125 0.42544437031250004 0.528470378125 0.4184294140625 0.5485939359375 0.4078083265625 0.567690003125 0.392354984375
17 0.5821489875 0.371186203125 0.586269475 0.3779016796875 0.5919423828125 0.37846365312499997 0.8706115984375 0.1890548265625 0.870649478125 0.143668046875 0.574942525 0.35417848125 0.571842071875 0.36122985 0.5821489875 0.371186203125
17 0.56462508125 0.3568356625 0.5682399375 0.3514120765625 0.603424171875 0.2166627453125 0.6536181796875 0.015107028125 0.615425015625 0.010417496875 0.5906163 0.1134261140625 0.5673128968750001 0.2262256578125 0.540399459375 0.338667584375 0.5409129859374999 0.3413464921875 0.547097225 0.3472151953125 0.56462508125 0.3568356625
17 0.5904886578124999 0.26636525 0.6013165578125 0.2700659265625 0.6461665390625 0.2955331765625 0.6539010046875 0.29787619374999996 0.6662848328125001 0.29121885625 0.6724795984374999 0.2844740234375 0.6059803953125 0.24372195468750002 0.5972149296875 0.24075119531250003 0.5941184265625 0.243072484375 0.5894607296875 0.262058559375 0.5904886578124999 0.26636525
17 0.32347356718750003 0.0874878859375 0.315224259375 0.08404265 0.3085190390625 0.0844296296875 0.3017967125 0.105313603125 0.3038552015625 0.11077359843750001 0.43995713125 0.181547415625 0.5595595703125 0.24648189375000001 0.5636875109374999 0.24426277968750001 0.56731158125 0.2278023515625 0.5657688109375 0.2223934453125 0.474007284375 0.1696778953125 0.32347356718750003 0.0874878859375
10 0.30224225 0.1894549390625 0.301714246875 0.2041196453125 0.30941055 0.252186734375 0.3166095578125 0.2781290421875 0.35056979374999997 0.3740001484375 0.357767921875 0.4009935875 0.3613547046875 0.42920610156250005 0.35565942968750003 0.45544789531249996 0.3608017015625 0.4738279578125 0.3690431109375 0.48673334218750003 0.38141115000000003 0.498996309375 0.399455603125 0.507616734375 0.42833365624999997 0.5131055078125 0.4530894734375 0.5139810578125 0.46804794687499995 0.5123092375 0.49126230781249997 0.5061991921875 0.5051924156250001 0.5007462453125 0.5129334609375 0.495205803125 0.5175753671875001 0.495140034375 0.5242876046875 0.48634403125 0.562999846875 0.45023279531249993 0.583650965625 0.42547256562499997 0.591914746875 0.41157418593750006 0.5919296609375 0.39370500937499997 0.5893589625 0.3839894140625 0.58111886875 0.36950733750000003 0.5656587125 0.3543100171875 0.547615575 0.34411289843750004 0.53525016875 0.3286965515625 0.49249332656249994 0.26716973125 0.4760113828125 0.2403078296875 0.42758470312499997 0.174540090625 0.3796412890625 0.14771518125 0.361596834375 0.13909475468750002 0.35334577500000003 0.137751775 0.336321353125 0.142898190625 0.324968084375 0.1507088328125 0.31516065625 0.16024943593750002 0.30534665 0.177673496875 0.30224225 0.1894549390625