9 0.078374971875 0.8421038781249999 0.2855749828125 0.8300468421874999 0.2892507421875 0.8357596062500001 0.31179548125 0.624957078125 0.07589457656250001 0.6317116921875 0.078374971875 0.8421038781249999
9 0.30826490624999997 0.6275619 0.28702104375 0.8370917062500001 0.360754090625 0.8347569515625001 0.4800922640625 0.8425916734375001 0.5037277812500001 0.7625701671875 0.5087563578125 0.6409143453125 0.501757428125 0.6496886640625 0.47658710937500004 0.64178141875 0.30826490624999997 0.6275619
9 0.48920002656249995 0.3400183203125 0.5265657796875 0.4875130671875 0.698868165625 0.4693602171875 0.68921444375 0.3260415640625 0.48920002656249995 0.3400183203125
9 0.6928072390625 0.3270014234375 0.695602575 0.47075854375 0.8779687578125 0.48645931875 0.876089840625 0.3105256953125 0.6928072390625 0.3270014234375
9 0 0.28296519062500003 0.1556091640625 0.281645253125 0.1828704859375 0.2727650828125 0.23985746406250003 0.25960540781249997 0.2375188734375 0.1935241828125 0.14829333125 0.19922849843749998 0 0.2093477359375 0 0.28296519062500003
9 0.6905784296874999 0.8012748562500001 0.7063352125 0.7871199890625 0.712669790625 0.664630934375 0.518645759375 0.6591921078125 0.5279042265625 0.758145678125 0.5377989875 0.7856863421875 0.5623136843750001 0.7878755140625 0.5838763328125001 0.7827405515625 0.6206320078124999 0.7850862515625 0.6564964515625 0.7903062515625 0.6905784296874999 0.8012748562500001
9 0.5947630187499999 0.543511046875 0.5268282953125001 0.5347066921875 0.51481655625 0.547683028125 0.5204937203125 0.6571957484375 0.5629078921875 0.6601187984375 0.6326250828125 0.6631745453125 0.7079516484374999 0.6639934625 0.71427918125 0.59503403125 0.7143517187499999 0.5452566531249999 0.5947630187499999 0.543511046875
9 0.8496292499999999 0.7986193796875 0.8818141468749999 0.8087701609375 0.8977674171875 0.8058720296875 0.90505168125 0.737790540625 0.9048786078125 0.673942240625 0.8154303593750001 0.6730870375 0.72024174375 0.666964171875 0.7136756375 0.6683230609375 0.712613628125 0.7153463703125 0.709458046875 0.7502951171875 0.7018135578125 0.7977392546875001 0.752592671875 0.794492875 0.8100033906249999 0.79363985 0.8496292499999999 0.7986193796875
9 0.910495025 0.6181757875 0.9159477046875001 0.553028715625 0.864080865625 0.5478926656249999 0.716183303125 0.54232223125 0.7144101734375 0.6025385203125 0.7145504984375 0.6645106968750001 0.7494745875 0.669790815625 0.794644328125 0.6687812671875 0.855947453125 0.6751922640625 0.9020411734374999 0.6731845328125 0.910495025 0.6181757875
9 0.0875660609375 0.44821814218749995 0.06222562499999999 0.45265551875 0.06952855625 0.49350939218749995 0.078499334375 0.5220482359374999 0.0854911609375 0.545078946875 0.081991725 0.560328403125 0.0870700953125 0.5816032234375 0.12734157968749998 0.569637528125 0.1574984015625 0.5714659953125001 0.1856926484375 0.5687243859375 0.2195617671875 0.56749819375 0.241124415625 0.5623632296875 0.2722707140625 0.5669457625 0.255807559375 0.43276668125000006 0.216329065625 0.4362297078125 0.15334172031249999 0.44119568593749997 0.11483632656250001 0.44647471562499996 0.0875660609375 0.44821814218749995
9 0.216312690625 0.43529164531250003 0.262439159375 0.4351600390625 0.25991986875 0.3986958765625 0.2535572921875 0.35778188125 0.21591038281250002 0.35831048593750003 0.162310203125 0.361737221875 0.045689934375000005 0.3682538125 0.048756604687499996 0.38214437968750004 0.055895795312499996 0.41361764375 0.062176503125000004 0.44984133125000003 0.09789358125 0.44661877812500006 0.141133490625 0.442915284375 0.216312690625 0.43529164531250003
9 0.40921625468749995 0.4304719125 0.33299845625 0.4325273015625 0.290666153125 0.43429455624999996 0.25867774374999997 0.43540051249999995 0.2672485078125 0.4949555 0.26976779687499997 0.5314196609375 0.27598300781249996 0.56389110625 0.3352416859375 0.5610417203125 0.414362415625 0.5634962875 0.442671278125 0.5673211125 0.4403461828125 0.43411638124999996 0.40921625468749995 0.4304719125
9 0.4376795234375 0.3892096671875 0.4349964953125 0.34336489062500003 0.389859503125 0.34625056249999997 0.333471009375 0.351733778125 0.29491649531249997 0.3541986203125 0.2760766671875 0.3535248609375 0.256378353125 0.35760152500000003 0.261866071875 0.4023278875 0.26431986875 0.435039803125 0.377195096875 0.429701746875 0.43940582656249993 0.43417649999999997 0.4376795234375 0.3892096671875