9 0.804488184375 0.7495155921875 0.8096556671874999 0.76310658125 0.81861703125 0.7635603765625001 0.8526463703125 0.7353606234375001 0.8847533999999999 0.717672578125 0.90528995 0.696678346875 0.96517083125 0.6621709359375 0.9725096109375 0.6505733796875 0.9660605875 0.6439901906250001 0.9616813828125 0.6279908734374999 0.9073325734375001 0.5713773953125 0.866573321875 0.5165401843749999 0.8318158609375 0.48975363749999995 0.7876084828125001 0.4423585671875 0.770819784375 0.4333476015625 0.751610803125 0.46420202499999996 0.65794956875 0.5122323468750001 0.6598671734375 0.5264748499999999 0.6485409718749999 0.5332460296875 0.63927988125 0.555355290625 0.6641401921875 0.5830007921875 0.6807813796875 0.5909161828125 0.695449521875 0.6172294828125 0.7730820828125 0.7063051140625001 0.804488184375 0.7495155921875
9 0.45301446562500003 1 0.566286465625 0.9772921234374999 0.5839962890625 0.9734199609375 0.4588065828125 0.8840737140625 0.3773294 0.8160214937499999 0.35620281875000004 0.832633415625 0.3519664140625 0.8424838843750001 0.32394357500000004 0.8739800921875001 0.30872672031250004 0.8849066859375 0.285133828125 0.9245159984375 0.2382477625 0.9811715781249999 0.2403636125 0.9886234484375 0.253427496875 1 0.45301446562500003 1
9 0.0939217671875 0.7603219906249999 0.12609757500000002 0.8340384562500001 0.15261499218750002 0.886386303125 0.2719734625 0.8019815375 0.41294026875 0.692148371875 0.40186540937500004 0.67186560625 0.37319291250000003 0.624169096875 0.3429819125 0.5753745796875 0.3342406296875 0.5827527046875 0.22959306562499998 0.6628019109375 0.1624344734375 0.7114262171875 0.0939217671875 0.7603219906249999
9 0.26219061875 0.46077249218749994 0.05948169062500001 0.6181441140625 0.05986235937499999 0.62303720625 0.07069343125000001 0.7034822375 0.096630003125 0.759779065625 0.15935746875 0.7092302015625 0.22417659687499997 0.663887759375 0.2748379734375 0.6270092953125 0.33910394374999997 0.5775584390625 0.26219061875 0.46077249218749994
9 0.5917942484375 0.398915459375 0.5543804703124999 0.35859707812499997 0.4556391046875 0.45152660468750005 0.348219884375 0.5419765 0.356465546875 0.55157495625 0.421261128125 0.63000355 0.625082253125 0.44990599375 0.6382546546875 0.444452425 0.5917942484375 0.398915459375
9 0.30736033125 0.49672315625 0.34957399843750003 0.5417050359375 0.383432815625 0.5039757093749999 0.449485096875 0.44713457187500005 0.499408934375 0.4047782203125 0.5489640015624999 0.3596829265625 0.49696616718750003 0.3040045796875 0.48004264374999994 0.291926484375 0.2799785265625 0.4586129453125 0.30736033125 0.49672315625
9 0.04178075 0.48667486249999997 0.042160696875 0.4915625828125 0.053629785937499994 0.57674635 0.07081024375 0.5989958328125 0.15237439218749999 0.5334192546875001 0.2167037859375 0.4741106359375 0.27623329218750003 0.410138521875 0.23168015937500003 0.368438509375 0.19500391875 0.33359801093749997 0.1322130265625 0.39400463750000003 0.04178075 0.48667486249999997
9 0.1861416765625 0.32974890156250003 0.147125971875 0.2981902703125 0.10417476562500001 0.24773050625 0.01816433125 0.3133356671875 0.040921204687500004 0.4823565796875 0.08536619375 0.4385570078125 0.1264277875 0.3923515453125 0.161208528125 0.3614695765625 0.1861416765625 0.32974890156250003
9 0.5871107546875 0.105909375 0.5426785828125 0.0754365953125 0.4959069453125 0.0482456828125 0.40356739687500004 0.13707895625 0.5091133390625 0.18764814531250001 0.5871107546875 0.105909375
9 0.415667484375 0.2682645890625 0.50800703125 0.179431315625 0.4524941125 0.159618528125 0.401043546875 0.13899135468749999 0.3711261203125 0.164679059375 0.3117868875 0.1990778875 0.3450173546875 0.22898342500000002 0.415667484375 0.2682645890625
9 0.31295661875 0.1974369546875 0.28045191875 0.234894815625 0.2649400546875 0.2436302546875 0.2240628421875 0.2912051859375 0.2567401546875 0.31700231093750003 0.317415846875 0.3751602953125 0.410988553125 0.2748283265625 0.3877266375 0.256988725 0.352894246875 0.235842940625 0.31295661875 0.1974369546875
9 0.946854753125 0.46415996249999997 0.9464145859374999 0.44849612812500006 0.9242515328125 0.28388566875 0.9057709375 0.3036238765625 0.8821919046875 0.3350730890625 0.8512891328125001 0.36377119687500004 0.81964881875 0.386991421875 0.8306027171875 0.396046953125 0.873807621875 0.4070756703125 0.8868531765625001 0.42133762656249996 0.946854753125 0.46415996249999997
9 0.530080234375 0.6222527078125 0.5344479328125 0.634035025 0.51444151875 0.6507036703125 0.479412971875 0.6900739312499999 0.4384723390625 0.7475066265625 0.49748856874999997 0.793339365625 0.5559516437500001 0.835063696875 0.6198311890625 0.8757021734375 0.6633414359375001 0.89932759375 0.66044293125 0.9294438093749999 0.6968831359375 0.91088708125 0.71947681875 0.882448275 0.7382500750000001 0.8772783265624999 0.7493942453125 0.8567605687500001 0.8071374390624999 0.8001787374999999 0.8186444921874999 0.8133426828125 0.820742034375 0.7876063484375 0.8067111312499999 0.776354796875 0.7555717953125 0.7373815687499999 0.7092323515625 0.7030718390625 0.673351190625 0.694794225 0.6558745140625 0.678607715625 0.6047986015625 0.6297767234375 0.5596288890625 0.593826059375 0.530080234375 0.6222527078125
9 0.74234774375 0.6908073859375 0.7195814453125 0.6559912031249999 0.6953341828124999 0.641162009375 0.6821101296875 0.594587821875 0.664016875 0.5841506625 0.6480787 0.5690621609375001 0.628256671875 0.5871002796875 0.614041384375 0.574479259375 0.5883072734375 0.610579809375 0.623998165625 0.6484307140625 0.650826815625 0.6824325078125 0.6818446625 0.695904390625 0.7150175890625 0.70472493125 0.7390170453125 0.7280424171875 0.77157339375 0.742612309375 0.753422603125 0.711090153125 0.74234774375 0.6908073859375
9 0.3907094671875 0.7542688765625 0.37679952656250004 0.7542445609375 0.3454011375 0.7999192546875 0.3121589 0.831899234375 0.2783000828125 0.8696285578125 0.255401053125 0.885470659375 0.28025900625 0.9254932640625 0.3090701234375 0.8915887328125001 0.330309690625 0.863421390625 0.37217225 0.8128360546875 0.4344498671875 0.8622342843749999 0.4871277046875 0.9023055203125001 0.53211303125 0.9368867140624999 0.5594372984375 0.9539119265625 0.586577178125 0.9695676687500001 0.602457815625 0.9635711734375001 0.6051085109375001 0.9419432515624999 0.55194094375 0.8879058375 0.500680646875 0.8377053765625 0.4827142390625 0.8075526890625 0.464315640625 0.7845188249999999 0.426348709375 0.7400920265625001 0.406336409375 0.78770343125 0.3907094671875 0.7542688765625
9 0.6347572296874999 0.387489709375 0.6265691015625 0.3989762484375 0.6410897375 0.424193975 0.6940729203125 0.47686191562499997 0.7051536656249999 0.46620192187500004 0.67007935 0.42260167031250007 0.6347572296874999 0.387489709375
9 0.5522947 0.32244789375 0.5575843203125 0.34107756718750004 0.5743868812499999 0.3419284296875 0.5839866625 0.3512554234375 0.6109996984375 0.386626690625 0.6283554109375 0.391585965625 0.6342674984375 0.3735235328125 0.618945903125 0.35268568437500003 0.5954996015625 0.3334766125 0.5727274203125 0.3296031875 0.5522947 0.32244789375
9 0.5435534203125 0.32982601875 0.55008208125 0.30601423906249997 0.5274367437499999 0.2824252890625 0.497035475 0.263204059375 0.5099541828125 0.29718153593749996 0.5435534203125 0.32982601875
9 0.7011030859375 0.4051307921875 0.7040532421875 0.4270423359375 0.713710559375 0.45745432656249996 0.732604778125 0.4635116109375 0.7273844671874999 0.404081415625 0.70917025 0.3824170203125 0.7011030859375 0.4051307921875
9 0.670021815625 0.40151667187499995 0.703252278125 0.4314222140625 0.7085536734375 0.3881663671875 0.6852342203124999 0.349241775 0.6430205499999999 0.304259890625 0.634025575 0.351069065625 0.670021815625 0.40151667187499995
9 0.5636807921875 0.3243846078125 0.5937767171874999 0.33100913125 0.6086720046874999 0.3280230421875 0.6323026890625 0.34860158750000003 0.6417239718750001 0.3256163515625 0.63624996875 0.3056172046875 0.61680259375 0.2954515078125 0.5380853 0.27888411562500004 0.5481748109375 0.3021772875 0.5636807921875 0.3243846078125
9 0.7022787015625 0.372547103125 0.7199397640625 0.3901030828125 0.72892296875 0.40517942656250006 0.741351946875 0.42519072812500003 0.76061493125 0.4339869546875 0.7867812375 0.390767584375 0.7414271390625 0.3534474484375 0.7251201984375 0.33562000625 0.7024114375 0.32188881875 0.67852705625 0.34074132343749997 0.7022787015625 0.372547103125
9 0.6249331828125 0.262879971875 0.6028985375 0.2644844328125 0.6011697640625 0.29295971249999997 0.6260970296874999 0.292181796875 0.6561295281249999 0.30866408437500004 0.6795758296875001 0.32787315625 0.696810584375 0.3216052 0.6720735890625 0.2928098234375 0.6249331828125 0.262879971875
9 0.5447983468750001 0.25644180625 0.5419632640625001 0.27670025625 0.5724913828125 0.2762059609375 0.6033882687500001 0.278450609375 0.6062233499999999 0.258192159375 0.5447983468750001 0.25644180625
9 0.5678183375 0.251826940625 0.61508559375 0.26204126875 0.6129363984375 0.2357498515625 0.5873350203125 0.22119211718749998 0.525535359375 0.24764557968749998 0.49783643906249997 0.2588241828125 0.52091396875 0.27529431249999997 0.5515689328125 0.2550844921875 0.5678183375 0.251826940625
9 0.7079488656249999 0.332030203125 0.720504690625 0.33232598125 0.7564433921875 0.3616885921875 0.7589731265624999 0.3288334375 0.6947248125 0.2854560171875 0.684565990625 0.30296336562500004 0.7079488656249999 0.332030203125
9 0.7591575125000001 0.3302029109375 0.76580125 0.34856111875 0.758598471875 0.357037253125 0.8040794140624999 0.3746418640625 0.8170733171875 0.336876065625 0.818306475 0.32537736875 0.79787375625 0.318222075 0.7816877734375 0.311621865625 0.7570717421875 0.2940537265625 0.731406940625 0.2893537578125 0.7241407359375 0.307687653125 0.7591575125000001 0.3302029109375
9 0.82280690625 0.2865014 0.8410152343749999 0.3391085546875 0.8250077515625 0.364820575 0.8560314859375 0.3473496984375 0.8653318062500001 0.3131372296875 0.8429977031250001 0.2712022265625 0.82280690625 0.2865014
9 0.807733115625 0.2571752609375 0.7592444765625 0.1965741125 0.72662470625 0.19186198593749998 0.7316665171875 0.2189799484375 0.771546609375 0.236300940625 0.807733115625 0.2571752609375
9 0.704647596875 0.21455144062499998 0.7320352875 0.221718890625 0.7343806374999999 0.187494265625 0.69296793125 0.1381325046875 0.6767760625 0.1624750546875 0.6869865374999999 0.19699545937500001 0.704647596875 0.21455144062499998
9 0.57848455 0.1554574921875 0.6045122359375 0.1938391609375 0.6133803640625 0.1667455125 0.6350462375 0.162402109375 0.6613851578125 0.18243772656249999 0.6836041890625 0.1822027390625 0.68558076875 0.14523916875 0.6775194890625 0.137010184375 0.57848455 0.1554574921875
9 0.8004610281250001 0.30645191875 0.7907343984375 0.316840446875 0.8247658281250001 0.3423661078125 0.8168372828124999 0.2834788375 0.79375975 0.26700870781249997 0.78649355 0.28534260625 0.8004610281250001 0.30645191875
9 0.6955950843750001 0.2402756203125 0.732766940625 0.2581395359375 0.746429075 0.266652140625 0.7559078953125 0.26475190312499997 0.74937923125 0.2885636828125 0.7829209296874999 0.3001231703125 0.7908671328125 0.2661821640625 0.780224465625 0.2387805765625 0.7079089875 0.2181169296875 0.6955950843750001 0.2402756203125
9 0.6772481359375 0.2692695078125 0.687954225 0.2868133296875 0.6972486625000001 0.2835436203125 0.728387471875 0.3082427375 0.7370077921875 0.2896373765625 0.7264226625 0.28332078906249997 0.6942985046875 0.261632078125 0.6504829109375 0.22540995000000003 0.6462302875 0.255797625 0.6772481359375 0.2692695078125
9 0.617073946875 0.16319218124999998 0.604391275 0.182611928125 0.624633725 0.219340509375 0.6448820578125 0.2251263296875 0.6511629125 0.2098028375 0.63737981875 0.1900630015625 0.617073946875 0.16319218124999998
9 0.678429640625 0.20574305625 0.628339075 0.1539016609375 0.6157198296875 0.1634636453125 0.648454678125 0.210345765625 0.6623646203125 0.21037008125 0.678429640625 0.20574305625