13 0.673457278125 0.95727848125 0.712519778125 0.95628955625 0.7421875 0.9498615499999999 0.7693829109375 0.939972309375 0.8064675640625 0.93057753125 0.8677808546874999 0.920688290625 0.869758703125 0.9192049046875 0.83910205625 0.9112935125 0.810423259375 0.914754746875 0.7832278484375 0.9236550640625 0.7693829109375 0.9246439875 0.69719145625 0.921677215625 0.693235759375 0.91772151875 0.6788963609375 0.914260284375 0.6759295890625 0.9196993671874999 0.6462618671875 0.920688290625 0.6512064875 0.9256329109375001 0.6512064875 0.9295886078125 0.647745253125 0.93156645625 0.6487341765625 0.950850475 0.6393393984375 0.95678401875 0.654667721875 0.960245253125 0.6685126578125 0.960245253125 0.673457278125 0.95727848125
13 0.458860759375 0.9093156640625001 0.4380933546875 0.9325553796875001 0.420292721875 0.946894778125 0.42325949375 0.9488726265625 0.43660996875 0.9483781640625001 0.45490506406250003 0.94392800625 0.4692444625 0.9375 0.5092958859375 0.911787975 0.5359968359375 0.9093156640625001 0.55280854375 0.9028876578125 0.5844541140625 0.900909809375 0.6175830703125 0.889042721875 0.65763449375 0.8682753171875 0.6759295890625 0.8544303796875001 0.680379746875 0.849485759375 0.6823575953125001 0.843057753125 0.6952136078125 0.8351463609374999 0.7011471515625 0.8292128171875 0.7204311703124999 0.7931170890625 0.72191455625 0.7901503171875001 0.7209256328125 0.7861946203125 0.7115308546875 0.7797666140625 0.7036194625000001 0.778777690625 0.6986748421875 0.7817444625000001 0.69669699375 0.78718354375 0.6922468359375 0.791139240625 0.6428006328125 0.817840190625 0.5997824359374999 0.8311906640625001 0.575553796875 0.8410799046875 0.5686313296875001 0.842563290625 0.52709651875 0.842563290625 0.4924841765625 0.8564082281250001 0.47517800625 0.8717365499999999 0.47023338593749997 0.8836036390625001 0.46281645625 0.8939873421875 0.4638053796875 0.9028876578125 0.458860759375 0.9093156640625001
13 0.758010284375 0.81388449375 0.8079509500000001 0.7866890828125 0.8213014234375 0.77432753125 0.8277294296875001 0.7664161390625 0.8356408234374999 0.7382318031249999 0.83910205625 0.73575949375 0.83959651875 0.7268591765625 0.8376186703125 0.7243868671875 0.836629746875 0.7075751578125 0.8484968359374999 0.6922468359375 0.8539359171875001 0.6729628171875001 0.8564082281250001 0.621538765625 0.85344145625 0.6032436703124999 0.8519580703124999 0.5997824359374999 0.848991296875 0.5987935125 0.8465189875 0.601760284375 0.849485759375 0.61857199375 0.8381131328125001 0.6610957281250001 0.8193235765625 0.7046083859375 0.798061709375 0.7441653484375 0.798061709375 0.7496044296875 0.7832278484375 0.7476265828125 0.770866296875 0.752076740625 0.7248813296875001 0.80003955625 0.7115308546875 0.8089398734375 0.7075751578125 0.8173457281250001 0.7303204109375 0.8208069625000001 0.7550435125 0.8173457281250001 0.758010284375 0.81388449375
13 0.5092958859375 0.9750791140624999 0.5078125 0.9721123421875 0.5092958859375 0.9721123421875 0.504351265625 0.9716178796875001 0.4994066453125 0.9627175640625 0.49446202499999997 0.947389240625 0.49100079062499996 0.927116296875 0.48852848125000004 0.9236550640625 0.46776107656250004 0.9370055374999999 0.44847705624999995 0.9449169296875001 0.439576740625 0.9464003171875 0.43611550625 0.950850475 0.4608386078125 0.9750791140624999 0.478639240625 0.985957278125 0.4934731015625 0.9874406640625001 0.5028678796875 0.986451740625 0.5083069625000001 0.98299050625 0.5092958859375 0.9750791140624999
13 0.36244066406250003 0.689774525 0.3589794296875 0.692741296875 0.3570015828125 0.706586234375 0.3560126578125 0.7308148734375 0.35799050625 0.755537975 0.3668908234375 0.7995450953125001 0.37826345 0.8292128171875 0.387658228125 0.8455300640625 0.387658228125 0.85245253125 0.394086234375 0.8717365499999999 0.4049643984375 0.8939873421875 0.4079311703125 0.8939873421875 0.432159809375 0.8811313296875 0.46875 0.8717365499999999 0.4692444625 0.8672863921875 0.46182753125 0.861847309375 0.4608386078125 0.849980221875 0.4573773734375 0.83959651875 0.43710442968749996 0.8208069625000001 0.43166534843750004 0.804489715625 0.4301819625 0.7936115499999999 0.4346321203125 0.7936115499999999 0.44649920937500004 0.78817246875 0.4479825953125 0.78125 0.44007120312500003 0.7510878171875001 0.433148734375 0.7426819625000001 0.41930379687499997 0.6986748421875 0.39013053750000004 0.6625791140625 0.3752966765625 0.6512064875 0.37084651874999996 0.650712025 0.3604628171875 0.6818631328125 0.36244066406250003 0.689774525
13 0.5206685125 0.7313093359375 0.54044699375 0.7273536390625 0.5592365499999999 0.7184533234375 0.5651700953125001 0.7174643984375 0.5681368671875 0.712519778125 0.5617088609375 0.7021360765625 0.5488528484375 0.6877966765625 0.5389636078125 0.6813686703124999 0.5078125 0.6813686703124999 0.43660996875 0.673951740625 0.4089200953125 0.6655458859375 0.4089200953125 0.667523734375 0.420292721875 0.673457278125 0.4217761078125 0.6759295890625 0.42424841718749995 0.718947784375 0.433643196875 0.7461431968750001 0.44353243593749997 0.7530656640625 0.4608386078125 0.7565268984375 0.46726661406250003 0.7510878171875001 0.48556170937500004 0.7500988921875 0.5078125 0.7411985765625 0.5206685125 0.7313093359375
13 0.3204113921875 0.836135284375 0.296182753125 0.837124209375 0.2655261078125 0.84009098125 0.2358583859375 0.846024525 0.21410205625 0.85245253125 0.1814675640625 0.8702531640625001 0.16218354375 0.8895371828125 0.1419106015625 0.9192049046875 0.1186708859375 0.935027690625 0.1186708859375 0.9375 0.12954905 0.9375 0.1320213609375 0.93107199375 0.13597705625 0.928105221875 0.14883307031249998 0.9251384500000001 0.1997626578125 0.9028876578125 0.230419303125 0.8934928796875001 0.2724485765625 0.8836036390625001 0.3006329109375 0.87915348125 0.3604628171875 0.872725475 0.393097309375 0.8717365499999999 0.394086234375 0.869758703125 0.390625 0.8588805374999999 0.3856803796875 0.85245253125 0.367385284375 0.8440466765625001 0.3387064875 0.8376186703125 0.3204113921875 0.836135284375
13 0.3560126578125 0.9622231015624999 0.3668908234375 0.95628955625 0.43512658281250005 0.9355221515625001 0.44996044375000005 0.921677215625 0.465783228125 0.901898734375 0.46429984218750003 0.8929984171875001 0.47072784843750004 0.8840981015624999 0.47616692968749996 0.8717365499999999 0.439576740625 0.87816455625 0.4118868671875 0.8910205703124999 0.39458069687499997 0.9023931968750001 0.3693631328125 0.9246439875 0.3525514234375 0.9513449359375 0.3471123421875 0.95678401875 0.30013845 0.986451740625 0.29914952499999997 0.9918908234374999 0.302610759375 0.99535205625 0.3050830703125 0.99535205625 0.3134889234375 0.9854628171875 0.3199169296875 0.98299050625 0.32585047500000003 0.9770569625000001 0.3466178796875 0.9637064875 0.3560126578125 0.9622231015624999
13 0.45984968281249994 0.569620253125 0.4682555375 0.5785205703125 0.4895174046875 0.5938488921875 0.533524525 0.6170886078125 0.5513251578125 0.6245055374999999 0.588409809375 0.6334058546875 0.608682753125 0.641317246875 0.627472309375 0.6432950953125001 0.64378955625 0.6358781640625 0.6492286390625 0.6492286390625 0.660601265625 0.6566455703125 0.6640625 0.65714003125 0.6670292718749999 0.654667721875 0.6660403484375 0.634394778125 0.6625791140625 0.6279667718749999 0.6521954109375 0.61807753125 0.650712025 0.6126384500000001 0.6373615499999999 0.6042325953125001 0.634889240625 0.5829707281250001 0.6279667718749999 0.576048259375 0.5809928796875 0.5730814875 0.5676424046874999 0.569620253125 0.5078125 0.543413765625 0.4870450953125 0.5320411390625 0.4840783234375 0.52660205625 0.478144778125 0.523635284375 0.4380933546875 0.5206685125 0.43067642343749996 0.5216574359374999 0.4405656640625 0.5359968359375 0.44649920937500004 0.5508306968750001 0.45984968281249994 0.569620253125
13 0.3787579109375 0.42078718281249994 0.37331882968749996 0.43117088593749997 0.37134098125000004 0.44007120312500003 0.3762856015625 0.45539952499999997 0.387163765625 0.478639240625 0.3990308546875 0.4796281640625 0.45193829062499996 0.4934731015625 0.47616692968749996 0.49396756406250003 0.50187895625 0.5063291140625 0.5127571203125 0.5201740499999999 0.5330300640625001 0.5330300640625001 0.5389636078125 0.5389636078125 0.5498417718749999 0.5414359171875 0.5488528484375 0.5191851265625 0.5453916140625 0.5078125 0.5439082281250001 0.4900118671875 0.5261075953125001 0.4603441453125 0.5003955703125 0.44303797500000003 0.48457278437499995 0.42424841718749995 0.46973892343749996 0.42078718281249994 0.45638845000000006 0.406942246875 0.43562104375 0.394086234375 0.42770965156249996 0.390625 0.4217761078125 0.3950751578125 0.40644778437499995 0.39260284843750004 0.4019976265625 0.390625 0.3995253171875 0.3851859171875 0.3955696203125 0.3827136078125 0.3827136078125 0.3827136078125 0.3787579109375 0.3851859171875 0.3787579109375 0.42078718281249994
13 0.595826740625 0.45638845000000006 0.601760284375 0.458860759375 0.6230221515625 0.46133307031250004 0.64428401875 0.45539952499999997 0.6556566453125 0.44897151874999996 0.6680181968750001 0.43858781718750006 0.6882911390625 0.4123813296875 0.6957080703125 0.3980419296875 0.7021360765625 0.3728243671875 0.7021360765625 0.3436511078125 0.69719145625 0.322883703125 0.6882911390625 0.3080498421875 0.6813686703124999 0.30162183593749997 0.6610957281250001 0.30162183593749997 0.6551621828124999 0.3050830703125 0.6512064875 0.3125 0.6492286390625 0.3268393984375 0.6521954109375 0.33128955625 0.6521954109375 0.335739715625 0.640822784375 0.3752966765625 0.6304390828125 0.39458069687499997 0.615110759375 0.41287579062499996 0.596321203125 0.42276503125 0.5849485765625 0.42523734218750003 0.5775316453125 0.43067642343749996 0.5775316453125 0.4346321203125 0.595826740625 0.45638845000000006
13 0.7347705703125 0.1517998421875 0.7298259500000001 0.15625 0.7248813296875001 0.1775118671875 0.72339794375 0.20569620312499998 0.7303204109375 0.2136075953125 0.73575949375 0.2358583859375 0.7392207281250001 0.236847309375 0.7392207281250001 0.2482199359375 0.7530656640625 0.2986550640625 0.7683939875 0.3115110765625 0.77531645625 0.31299446249999996 0.7758109171875 0.31645569687499997 0.784711234375 0.3243670890625 0.7866890828125 0.33277294375 0.791633703125 0.3337618671875 0.790644778125 0.341673259375 0.7955893984375 0.34464003125 0.798061709375 0.35007911406250003 0.8064675640625 0.35007911406250003 0.8188291140624999 0.3396954109375 0.817840190625 0.32337816406250003 0.80152294375 0.2823378171875 0.797072784375 0.24179192968750002 0.784711234375 0.178995253125 0.7634493671875 0.1152096515625 0.764932753125 0.08405854375 0.771360759375 0.03263449375 0.7792721515625 0.0074169296875 0.7792721515625 0.0009889234375 0.771855221875 0.0009889234375 0.765427215625 0.0281843359375 0.7604825953125001 0.064774525 0.7570213609375 0.12015427187500001 0.7575158234375 0.1443829109375 0.755537975 0.1483386078125 0.751582278125 0.1453718359375 0.7451542718749999 0.14932753125 0.7347705703125 0.1517998421875
13 0.3337618671875 0.22745253124999998 0.3594738921875 0.230419303125 0.3832080703125 0.2363528484375 0.3856803796875 0.2363528484375 0.388152690625 0.2333860765625 0.4123813296875 0.2348694625 0.43166534843750004 0.231408228125 0.4469936703125 0.22498022187500002 0.46875 0.2101463609375 0.47418908281250005 0.20322389218749998 0.48753955624999995 0.1967958859375 0.4865506328125 0.192840190625 0.478144778125 0.18542325937499998 0.44353243593749997 0.1676226265625 0.4188093359375 0.165644778125 0.3827136078125 0.1700949359375 0.3570015828125 0.1869066453125 0.33178401874999996 0.19580696250000001 0.30013845 0.21212420937499998 0.276898734375 0.231408228125 0.2615704109375 0.2526700953125 0.250692246875 0.2551424046875 0.22151898750000001 0.270965190625 0.22003560156250002 0.27492088593749997 0.231408228125 0.27393196249999996 0.24723101249999999 0.263548259375 0.2660205703125 0.257120253125 0.309533228125 0.2358583859375 0.3337618671875 0.22745253124999998
13 0.191851265625 0.3654074359375 0.1903678796875 0.33425632968749996 0.1938291140625 0.33227848125000004 0.20520174062500002 0.2590981015625 0.2126186703125 0.23882515781250002 0.2160799046875 0.2363528484375 0.2165743671875 0.2289359171875 0.2230023734375 0.21558544375 0.2195411390625 0.2126186703125 0.211629746875 0.2165743671875 0.191356803125 0.2358583859375 0.1705893984375 0.28035996875 0.16613924062500002 0.3243670890625 0.1676226265625 0.3387064875 0.169600475 0.34562895625 0.178500790625 0.360957278125 0.1869066453125 0.3668908234375 0.1903678796875 0.367385284375 0.191851265625 0.3654074359375
13 0.1607001578125 0.5033623421875 0.1671281640625 0.5167128171875001 0.1705893984375 0.5191851265625 0.172567246875 0.52808544375 0.179489715625 0.536491296875 0.184928796875 0.5394580703125 0.191851265625 0.5389636078125 0.1967958859375 0.5355023734375 0.2007515828125 0.52709651875 0.2002571203125 0.51374604375 0.1844343359375 0.4929786390625 0.1814675640625 0.4865506328125 0.1809731015625 0.478144778125 0.1834454109375 0.4736946203125 0.1908623421875 0.46973892343749996 0.20767405 0.471222309375 0.20619066406250003 0.433643196875 0.20223496875000002 0.4217761078125 0.19580696250000001 0.41386471562500005 0.18789557031249998 0.4084256328125 0.17998417656250001 0.4084256328125 0.16910601249999999 0.41386471562500005 0.15674446250000001 0.43117088593749997 0.14932753125 0.4539161390625 0.1478441453125 0.47913370312500003 0.153283228125 0.4934731015625 0.1607001578125 0.5033623421875
13 0.51473496875 0.43660996875 0.52808544375 0.44649920937500004 0.54094145625 0.44996044375000005 0.5617088609375 0.45984968281249994 0.563686709375 0.4578718359375 0.56615901875 0.458860759375 0.5552808546875 0.4509493671875 0.544402690625 0.44649920937500004 0.537480221875 0.4380933546875 0.523635284375 0.41040348125000004 0.5107792718749999 0.37727452499999997 0.50187895625 0.3426621828125 0.4994066453125 0.3204113921875 0.5003955703125 0.295688290625 0.5068235765625 0.26750395625 0.498417721875 0.26700949375 0.4865506328125 0.2853045890625 0.4806170890625 0.3040941453125 0.47913370312500003 0.3303006328125 0.48556170937500004 0.37826345 0.49198971562500005 0.3955696203125 0.51473496875 0.43660996875
13 0.19580696250000001 0.679885284375 0.198773734375 0.6813686703124999 0.21064082343749999 0.68384098125 0.2205300640625 0.68334651875 0.20965189843749998 0.725870253125 0.20866297500000003 0.755537975 0.2126186703125 0.778777690625 0.20470727812499998 0.81339003125 0.20223496875000002 0.8386075953125 0.20322389218749998 0.85294699375 0.20470727812499998 0.8554193031249999 0.20717958906249997 0.8554193031249999 0.21459651875 0.8519580703124999 0.22349683593749997 0.8509691453125001 0.2358583859375 0.8445411390625001 0.276898734375 0.8376186703125 0.275909809375 0.82674050625 0.250692246875 0.7337816453125 0.24871439843749998 0.706586234375 0.2521756328125 0.674446203125 0.251186709375 0.65763449375 0.24525316406250003 0.6512064875 0.236847309375 0.6512064875 0.2353639234375 0.6566455703125 0.2328916140625 0.6566455703125 0.22794699375 0.6517009500000001 0.22399129687500002 0.650712025 0.22003560156250002 0.654667721875 0.2195411390625 0.6610957281250001 0.211629746875 0.6610957281250001 0.20470727812499998 0.6655458859375 0.1967958859375 0.6670292718749999 0.1953125 0.6754351265625 0.19580696250000001 0.679885284375
13 0.6902689875 0.5513251578125 0.6769185125 0.5453916140625 0.66999604375 0.5448971515625 0.647745253125 0.531052215625 0.6373615499999999 0.52808544375 0.6299446203125 0.530063290625 0.634394778125 0.544402690625 0.634394778125 0.5547863921875 0.6556566453125 0.583465190625 0.6729628171875001 0.6002768984375 0.712519778125 0.6240110765625 0.73526503125 0.6324169296875 0.7594936703124999 0.6363726265625 0.7664161390625 0.6403283234375 0.7807555374999999 0.635383703125 0.790644778125 0.634889240625 0.7936115499999999 0.63192246875 0.8173457281250001 0.622527690625 0.82624604375 0.6160996828124999 0.8282238921875 0.6076938296875001 0.82723496875 0.60472705625 0.8213014234375 0.60522151875 0.817840190625 0.6121439875 0.81339003125 0.614616296875 0.7891613921875 0.614616296875 0.7723496828124999 0.6111550640625001 0.764932753125 0.6037381328125 0.7500988921875 0.5943433546875 0.745648734375 0.5938488921875 0.7402096515625 0.6007713609375 0.7377373421875 0.6007713609375 0.7214200953125001 0.5854430374999999 0.7149920890625 0.5829707281250001 0.71004746875 0.5780261078125 0.7026305374999999 0.5775316453125 0.7075751578125 0.56714794375 0.6902689875 0.5513251578125
13 0.52759098125 0.843057753125 0.570114715625 0.843552215625 0.6170886078125 0.82723496875 0.6264833859375 0.8208069625000001 0.653678796875 0.81388449375 0.667523734375 0.8049841765625001 0.6813686703124999 0.7990506328125 0.69719145625 0.78767800625 0.7036194625000001 0.777788765625 0.7051028484375 0.767899525 0.70905854375 0.764932753125 0.7140031640625 0.755537975 0.7184533234375 0.7377373421875 0.7179588609375 0.725870253125 0.719442246875 0.72240901875 0.70955300625 0.72339794375 0.6902689875 0.7367484171875 0.6813686703124999 0.7476265828125 0.66999604375 0.7560324359374999 0.63093354375 0.7688884500000001 0.5864319625000001 0.7941060125 0.5651700953125001 0.798061709375 0.5651700953125001 0.810423259375 0.563192246875 0.8114121828125 0.5463805374999999 0.8153678796875001 0.5122626578125 0.8188291140624999 0.5073180374999999 0.830201740625 0.5078125 0.837124209375 0.51473496875 0.843057753125 0.5216574359374999 0.8450356015624999 0.52759098125 0.843057753125
13 0.5607199359374999 0.7950949359374999 0.5676424046874999 0.78817246875 0.60522151875 0.7634493671875 0.641317246875 0.7332871828124999 0.68334651875 0.7021360765625 0.712519778125 0.686807753125 0.7159810125 0.6764240499999999 0.7214200953125001 0.6719738921875 0.718947784375 0.666534809375 0.7144976265625 0.6640625 0.7070806968750001 0.6640625 0.654173259375 0.6759295890625 0.6502175640625001 0.6942246828124999 0.6329113921875 0.700652690625 0.6175830703125 0.71004746875 0.60472705625 0.72191455625 0.599287975 0.7238924046874999 0.59236550625 0.7298259500000001 0.5651700953125001 0.7550435125 0.5394580703125 0.78817246875 0.5261075953125001 0.816851265625 0.5340189875 0.817840190625 0.5488528484375 0.81437895625 0.5607199359374999 0.7950949359374999
13 0.5107792718749999 0.980023734375 0.4934731015625 0.9943631328125001 0.5003955703125 0.9973299046875 0.51424050625 0.9973299046875 0.533524525 0.9904074359375 0.546875 0.979034809375 0.56566455625 0.954311709375 0.56566455625 0.9498615499999999 0.569125790625 0.94343354375 0.546875 0.9523338609374999 0.5394580703125 0.9523338609374999 0.5340189875 0.9493670890624999 0.5107792718749999 0.980023734375
13 0.5982990499999999 0.725870253125 0.60522151875 0.72240901875 0.6111550640625001 0.7154865499999999 0.627472309375 0.7046083859375 0.63093354375 0.7011471515625 0.6294501578125 0.68285205625 0.6259889234375 0.6818631328125 0.615605221875 0.6848299046874999 0.599287975 0.6947191453125 0.563192246875 0.72339794375 0.5453916140625 0.7332871828124999 0.446004746875 0.7669106015625 0.4450158234375 0.7693829109375 0.44946598125000004 0.7886669296875 0.45836629687499997 0.7960838609375 0.46776107656250004 0.798061709375 0.48111154999999994 0.8203125 0.4959454109375 0.8163568031249999 0.5384691453125 0.7896558546875 0.5592365499999999 0.7629549046874999 0.576048259375 0.7451542718749999 0.5982990499999999 0.725870253125
13 0.523635284375 0.6368670890625 0.5453916140625 0.6329113921875 0.556269778125 0.6279667718749999 0.556269778125 0.6259889234375 0.52808544375 0.6141218359375 0.48902294375000005 0.5933544296875 0.465288765625 0.576542721875 0.425731803125 0.5582476265625 0.4148536390625 0.5547863921875 0.3955696203125 0.557258703125 0.3916139234375 0.55330300625 0.380735759375 0.5523140828125 0.361451740625 0.5582476265625 0.35848496875 0.5607199359374999 0.390625 0.59285996875 0.40743670937500004 0.602749209375 0.41930379687499997 0.6136273734375 0.4380933546875 0.6245055374999999 0.4692444625 0.6358781640625 0.4860561703125 0.638350475 0.523635284375 0.6368670890625
13 0.7886669296875 0.178500790625 0.78767800625 0.19432357656250002 0.7965783234375 0.24278085468750002 0.8020174046875 0.28579905 0.8158623421875 0.31843354375 0.8203125 0.3372231015625 0.830696203125 0.3396954109375 0.8445411390625001 0.348595728125 0.849485759375 0.35848496875 0.8539359171875001 0.3629351265625 0.86580300625 0.36491297500000003 0.8771756328125001 0.3599683546875 0.87816455625 0.2358583859375 0.876186709375 0.2254746828125 0.87816455625 0.2230023734375 0.87816455625 0.101364715625 0.833662975 0.11075949375000001 0.833662975 0.09839794375000001 0.8321795890624999 0.0964200953125 0.8198180374999999 0.094442246875 0.8153678796875001 0.0993868671875 0.8124011078125 0.0993868671875 0.804489715625 0.091475475 0.7965783234375 0.08801424062499999 0.7857001578125 0.0988924046875 0.7827333859375 0.1097705703125 0.784711234375 0.1152096515625 0.7960838609375 0.11817642343749998 0.7960838609375 0.1246044296875 0.790644778125 0.133504746875 0.7936115499999999 0.15674446250000001 0.7886669296875 0.178500790625
13 0.2917325953125 0.43710442968749996 0.2971716765625 0.43660996875 0.3070609171875 0.42325949375 0.3174446203125 0.413370253125 0.335739715625 0.4059533234375 0.3698575953125 0.3861748421875 0.3817246828125 0.3752966765625 0.39754746875 0.3565071203125 0.43710442968749996 0.322883703125 0.46281645625 0.3070609171875 0.471716771875 0.2981606015625 0.4796281640625 0.28579905 0.4959454109375 0.24673655 0.52759098125 0.198773734375 0.536985759375 0.1814675640625 0.5359968359375 0.1700949359375 0.5320411390625 0.1671281640625 0.521162975 0.18295095 0.4835838609375 0.197784809375 0.4113924046875 0.24871439843749998 0.38370253125 0.27294303750000004 0.3663963609375 0.27986550625 0.35749604375 0.2882713609375 0.34562895625 0.31101661406250003 0.342167721875 0.328817246875 0.3337618671875 0.3362341765625 0.322883703125 0.3570015828125 0.315961234375 0.3861748421875 0.315466771875 0.40298654999999994 0.31200553750000004 0.4089200953125 0.29272151874999996 0.42869857656250004 0.29074367031250004 0.43413765781249997 0.2917325953125 0.43710442968749996
13 0.2778876578125 0.6586234171875 0.282832278125 0.6487341765625 0.2882713609375 0.611649525 0.2882713609375 0.6032436703124999 0.270470728125 0.5938488921875 0.24624208906249997 0.5859375 0.2328916140625 0.57950949375 0.21558544375 0.5770371828124999 0.178500790625 0.563686709375 0.17553401875000002 0.5646756328125 0.1770174046875 0.5715981015625 0.18789557031249998 0.5879153484375 0.218057753125 0.6101661390625 0.22646360781250002 0.6210443031249999 0.24525316406250003 0.6289556968750001 0.24772547500000003 0.63192246875 0.24772547500000003 0.6358781640625 0.2432753171875 0.6368670890625 0.24278085468750002 0.6403283234375 0.26948180312500003 0.6586234171875 0.2778876578125 0.6586234171875
13 0.34068433593749997 0.6991693031249999 0.3332674046875 0.69620253125 0.3263449359375 0.69620253125 0.3204113921875 0.6986748421875 0.328322784375 0.72290348125 0.341178796875 0.7243868671875 0.34513449375 0.719936709375 0.3461234171875 0.7060917718749999 0.34068433593749997 0.6991693031249999
13 0.33128955625 0.6917523734375 0.33920095 0.689774525 0.341178796875 0.687302215625 0.3431566453125 0.6457674046874999 0.354034809375 0.602254746875 0.35354034843750004 0.599287975 0.35106803750000004 0.5982990499999999 0.3505735765625 0.5903876578125 0.3629351265625 0.5706091765625 0.361946203125 0.5686313296875001 0.35354034843750004 0.56665348125 0.3505735765625 0.56665348125 0.34562895625 0.5740704109375 0.33425632968749996 0.5819818031249999 0.322883703125 0.609177215625 0.3169501578125 0.6339003171875001 0.31645569687499997 0.666534809375 0.31447784843750004 0.6784018984375 0.3179390828125 0.6892800640625001 0.3199169296875 0.6922468359375 0.33128955625 0.6917523734375
13 0.2358583859375 0.54094145625 0.24179192968750002 0.530063290625 0.250692246875 0.5231408234375 0.2581091765625 0.478639240625 0.2734375 0.46973892343749996 0.2882713609375 0.4544106015625 0.3035996828125 0.4469936703125 0.302610759375 0.4415545890625 0.29321598125000004 0.4375988921875 0.2620648734375 0.4405656640625 0.2457476265625 0.43117088593749997 0.24080300625 0.432159809375 0.231902690625 0.439576740625 0.22151898750000001 0.45539952499999997 0.2165743671875 0.47072784843750004 0.21558544375 0.48902294375000005 0.21904667656250001 0.5003955703125 0.21904667656250001 0.5078125 0.21558544375 0.518196203125 0.2170688296875 0.543413765625 0.20965189843749998 0.5488528484375 0.2101463609375 0.5542919296875 0.218057753125 0.55330300625 0.2289359171875 0.543413765625 0.2358583859375 0.54094145625
13 0.7629549046874999 0.47913370312500003 0.765427215625 0.4766613921875 0.765427215625 0.46429984218750003 0.7639438296875001 0.46232199375 0.7248813296875001 0.465288765625 0.6957080703125 0.48111154999999994 0.693235759375 0.4835838609375 0.693730221875 0.49198971562500005 0.6695015828125 0.49545095000000006 0.6596123421875 0.5068235765625 0.6586234171875 0.5132515828125 0.6625791140625 0.5157238921875 0.65812895625 0.5186906640625 0.6724683546875 0.5256131328125 0.68384098125 0.52660205625 0.699663765625 0.523635284375 0.7243868671875 0.5152294296875 0.7273536390625 0.52759098125 0.728837025 0.52759098125 0.752076740625 0.5117681968750001 0.7857001578125 0.5117681968750001 0.8020174046875 0.5038568031249999 0.8213014234375 0.49100079062499996 0.8321795890624999 0.47913370312500003 0.8356408234374999 0.472705696875 0.8376186703125 0.46281645625 0.8381131328125001 0.4440268984375 0.8277294296875001 0.419798259375 0.8242681968750001 0.41633702499999997 0.8084454109375001 0.413370253125 0.80053401875 0.41386471562500005 0.797072784375 0.41732595000000006 0.7723496828124999 0.42375395625 0.784711234375 0.427215190625 0.7891613921875 0.426226265625 0.7891613921875 0.433643196875 0.791139240625 0.43512658281250005 0.7955893984375 0.433643196875 0.7960838609375 0.44551028437499995 0.7896558546875 0.45490506406250003 0.783722309375 0.458860759375 0.7669106015625 0.48902294375000005 0.76246044375 0.4870450953125 0.7629549046874999 0.47913370312500003
13 0.5379746828124999 0.20569620312499998 0.5256131328125 0.20470727812499998 0.517701740625 0.2101463609375 0.5162183546875 0.2136075953125 0.517701740625 0.21756329062500002 0.5226463609375 0.2205300640625 0.524624209375 0.22498022187500002 0.5478639234375 0.2482199359375 0.5715981015625 0.30013845 0.6012658234375 0.3209058546875 0.6126384500000001 0.3387064875 0.634394778125 0.3629351265625 0.6403283234375 0.37331882968749996 0.6428006328125 0.37183544375 0.647250790625 0.361946203125 0.6512064875 0.342167721875 0.6556566453125 0.3332674046875 0.6724683546875 0.329311709375 0.6754351265625 0.3268393984375 0.6813686703124999 0.3268393984375 0.68433544375 0.329311709375 0.686807753125 0.3377175640625 0.6887856015625 0.3396954109375 0.69669699375 0.33920095 0.7016416140625 0.3471123421875 0.7016416140625 0.373813290625 0.6957080703125 0.400019778125 0.69669699375 0.40446993593749997 0.7026305374999999 0.4015031640625 0.72240901875 0.3995253171875 0.7367484171875 0.39111946249999996 0.7496044296875 0.39458069687499997 0.7599881328125 0.394086234375 0.7683939875 0.39111946249999996 0.7674050640625001 0.387658228125 0.76097705625 0.37727452499999997 0.7431764234375 0.3570015828125 0.6986748421875 0.3243670890625 0.687302215625 0.30656645625 0.6818631328125 0.302116296875 0.673457278125 0.29914952499999997 0.6551621828124999 0.28035996875 0.60472705625 0.25415348125000004 0.5770371828124999 0.2338805375 0.5686313296875001 0.230419303125 0.56714794375 0.22250791093750003 0.563686709375 0.22448575937499998 0.5483583859375 0.22399129687500002 0.5488528484375 0.2205300640625 0.5439082281250001 0.211135284375 0.5379746828124999 0.20569620312499998
13 0.739715190625 0.611649525 0.7407041140625 0.602254746875 0.7496044296875 0.5775316453125 0.758010284375 0.5711036390625 0.7703718359375 0.569125790625 0.77432753125 0.562697784375 0.7767998421875 0.5513251578125 0.77482199375 0.5414359171875 0.77531645625 0.530063290625 0.7664161390625 0.5132515828125 0.751582278125 0.5117681968750001 0.7293314875 0.5285799046874999 0.7248813296875001 0.5295688296875001 0.7238924046874999 0.5429193031249999 0.725870253125 0.5552808546875 0.7313093359375 0.5686313296875001 0.731803796875 0.582476265625 0.73625395625 0.5864319625000001 0.738726265625 0.5968156640625 0.7382318031249999 0.6042325953125001 0.7402096515625 0.60472705625 0.7382318031249999 0.6067049046874999 0.7377373421875 0.6126384500000001 0.739715190625 0.611649525
13 0.5419303796875 0.4291930375 0.543413765625 0.439576740625 0.5547863921875 0.45193829062499996 0.5557753171875001 0.4568829109375 0.560225475 0.45984968281249994 0.5612143984375 0.46281645625 0.5819818031249999 0.47913370312500003 0.5987935125 0.48457278437499995 0.6101661390625 0.4830893984375 0.621538765625 0.491495253125 0.640822784375 0.48852848125000004 0.67098496875 0.49446202499999997 0.6853243671875 0.49396756406250003 0.6947191453125 0.4924841765625 0.6947191453125 0.4865506328125 0.673457278125 0.48753955624999995 0.6467563296875001 0.48556170937500004 0.6299446203125 0.4816060125 0.615110759375 0.47468354375 0.6007713609375 0.46281645625 0.5987935125 0.45836629687499997 0.55379746875 0.4079311703125 0.543413765625 0.3916139234375 0.5315466765625 0.3777689875 0.52660205625 0.374802215625 0.5221518984375 0.374802215625 0.5167128171875001 0.3787579109375 0.5167128171875001 0.3861748421875 0.52709651875 0.4034810125 0.5315466765625 0.41732595000000006 0.5419303796875 0.4291930375
13 0.706586234375 0.031151107812500002 0.7026305374999999 0.0306566453125 0.689774525 0.041534809374999995 0.6749406640625 0.07070807031250001 0.654173259375 0.087519778125 0.6235166140625 0.12064873437500001 0.60621044375 0.133999209375 0.569125790625 0.1577333859375 0.5676424046874999 0.16317246875 0.5706091765625 0.17157832343749999 0.5908821203125 0.1770174046875 0.6032436703124999 0.1740506328125 0.611649525 0.1646558546875 0.61906645625 0.1651503171875 0.6259889234375 0.17355617031249998 0.6363726265625 0.19729034843749998 0.6398338609375 0.20174050625 0.6428006328125 0.20223496875000002 0.6512064875 0.21459651875 0.6591178796875 0.231902690625 0.6680181968750001 0.24525316406250003 0.6793908234375 0.25365901874999996 0.6991693031249999 0.238330696875 0.705597309375 0.23882515781250002 0.713014240625 0.24970332343749999 0.7209256328125 0.2551424046875 0.72191455625 0.269976265625 0.7174643984375 0.27294303750000004 0.7278481015625 0.27294303750000004 0.726364715625 0.24475870312499998 0.728837025 0.24129746875000002 0.7278481015625 0.2289359171875 0.72191455625 0.21410205625 0.6986748421875 0.18937895625 0.6986748421875 0.1869066453125 0.7149920890625 0.1671281640625 0.7174643984375 0.1616890828125 0.718947784375 0.14388845 0.7308148734375 0.11075949375000001 0.7268591765625 0.1092761078125 0.7214200953125001 0.11125395625000001 0.7115308546875 0.11125395625000001 0.7080696203125 0.10878164531250001 0.7011471515625 0.09740901874999999 0.692741296875 0.0964200953125 0.7001582281250001 0.078125 0.7021360765625 0.052907435937500004 0.70955300625 0.036095728125 0.706586234375 0.031151107812500002
13 0.309038765625 0.63142800625 0.30854430312500003 0.621538765625 0.31101661406250003 0.6195609171875 0.315961234375 0.6071993671875 0.3204113921875 0.5903876578125 0.322883703125 0.5216574359374999 0.33277294375 0.49446202499999997 0.354034809375 0.464794303125 0.35551819687499997 0.439082278125 0.3505735765625 0.44204904999999994 0.3436511078125 0.4410601265625 0.3387064875 0.446004746875 0.328817246875 0.4504549046875 0.3134889234375 0.471716771875 0.31200553750000004 0.4860561703125 0.30607199375 0.4959454109375 0.30013845 0.5132515828125 0.290249209375 0.5587420890625 0.2882713609375 0.60522151875 0.27986550625 0.6690071203125 0.2823378171875 0.667523734375 0.282832278125 0.6625791140625 0.2981606015625 0.6502175640625001 0.303105221875 0.641317246875 0.3050830703125 0.63093354375 0.309038765625 0.63142800625
13 0.13746044375 0.5518196203125 0.13449367031249998 0.556764240625 0.133010284375 0.56665348125 0.14092167656250001 0.588409809375 0.1483386078125 0.6012658234375 0.14883307031249998 0.6096716765625 0.1547666140625 0.6264833859375 0.15427215156250002 0.638350475 0.181962025 0.6467563296875001 0.191356803125 0.6428006328125 0.18888449375 0.6358781640625 0.192840190625 0.6329113921875 0.1804786390625 0.6230221515625 0.17998417656250001 0.608682753125 0.1740506328125 0.576542721875 0.16317246875 0.5448971515625 0.16317246875 0.5384691453125 0.16910601249999999 0.5251186703124999 0.1676226265625 0.5221518984375 0.15674446250000001 0.5419303796875 0.152788765625 0.5419303796875 0.14932753125 0.5389636078125 0.1443829109375 0.5394580703125 0.14388845 0.536491296875 0.1379549046875 0.5379746828124999 0.13894382968750002 0.5424248421875 0.14339398750000001 0.5473694625000001 0.13746044375 0.5518196203125