13 0.6832682296875 0 0.6669921875 0.0341796875 0.61328125 0.07486979218749999 0.6018880203125 0.1090494796875 0.6344401046875 0.1009114578125 0.6490885421875 0.1090494796875 0.69140625 0.1009114578125 0.7272135421875 0.09928385468749999 0.7451171875 0.08463541718749999 0.779296875 0.08138020781250001 0.7760416671875 0.07975260468749999 0.7890625 0.0472005203125 0.7972005203125 0.011393229687500001 0.8004557296874999 0 0.6832682296875 0
13 0.338263346875 0.3157552078125 0.32524251249999997 0.302734375 0.30245605468750003 0.302734375 0.26339355468750003 0.3173828125 0.193406575 0.3727213546875 0.173875325 0.3922526046875 0.16248209687499998 0.4182942703125 0.1413232421875 0.4541015625 0.14783365937499998 0.5419921875 0.1592268875 0.5257161453125 0.18689615937499998 0.5126953125 0.2438623046875 0.4899088546875 0.29269042968750003 0.4427083328125 0.304083659375 0.4166666671875 0.33012532499999997 0.3922526046875 0.333380534375 0.3580729171875 0.338263346875 0.3157552078125
13 0.28129719999999997 0.9195963546874999 0.26664876249999997 0.888671875 0.250372721875 0.8626302078125001 0.260138346875 0.830078125 0.24711751249999997 0.7633463546875 0.2096826171875 0.8186848953125001 0.18689615937499998 0.8382161453125001 0.1885237625 0.8723958328125001 0.16736490937499998 0.9000651046874999 0.1803857421875 0.95703125 0.1999169921875 0.9651692703125001 0.23246907499999997 0.9977213546874999 0.27641438749999997 0.9700520828125001 0.28129719999999997 0.9195963546874999
13 0.401739909375 0.4036458328125 0.36918782499999997 0.3841145828125 0.33500813749999997 0.3776041671875 0.333380534375 0.3971354171875 0.30571126249999997 0.4166666671875 0.289435221875 0.4524739578125 0.2292138671875 0.5061848953125 0.27153157499999997 0.5289713546875 0.33012532499999997 0.5257161453125 0.372443034375 0.5126953125 0.401739909375 0.498046875 0.431036784375 0.4850260421875 0.435919596875 0.4541015625 0.4196435546875 0.4313151046875 0.401739909375 0.4036458328125
13 0.427781575 0.8219401046874999 0.38546386718750003 0.7991536453125 0.37569824218750003 0.8414713546874999 0.387091471875 0.8902994796874999 0.34965657499999997 0.9065755203125001 0.333380534375 0.9814453125 0.372443034375 0.9977213546874999 0.5107893875 0.99609375 0.486375325 0.9765625 0.470099284375 0.9488932296874999 0.4814925125 0.9098307296874999 0.4424300125 0.9033203125 0.416388346875 0.8723958328125001 0.427781575 0.8219401046874999
13 0.49614095 0.7210286453125 0.53520345 0.76171875 0.5758935546874999 0.7698567703125 0.6377425125 0.7600911453125 0.7028466796874999 0.7177734375 0.704474284375 0.6673177078125 0.6865706375 0.6656901046875 0.684943034375 0.625 0.681687825 0.5794270828125 0.587286784375 0.6315104171875 0.525437825 0.6510416671875 0.431036784375 0.6868489578125 0.4131331375 0.6770833328125 0.37895344999999997 0.7014973953125 0.36918782499999997 0.7242838546875 0.31059407499999997 0.751953125 0.35128417968750003 0.7666015625 0.37081542968750003 0.7503255203125 0.39848469999999997 0.7503255203125 0.426153971875 0.7275390625 0.460333659375 0.7145182296875 0.49614095 0.7210286453125
13 0.36593261718750003 0.8837890625 0.372443034375 0.83984375 0.387091471875 0.7958984375 0.37407063749999997 0.7828776046875 0.36104980468750003 0.7584635421875 0.33663574218750003 0.7649739578125 0.29269042968750003 0.7438151046875 0.35128417968750003 0.7259114578125 0.33012532499999997 0.6884765625 0.32524251249999997 0.6477864578125 0.30082844999999997 0.615234375 0.28780761718750003 0.6575520828125 0.27641438749999997 0.6852213546875 0.26827636718750003 0.7389322921875 0.25688313749999997 0.7682291671875 0.25688313749999997 0.810546875 0.274786784375 0.8317057296874999 0.279669596875 0.8658854171874999 0.28129719999999997 0.8984375 0.33663574218750003 0.908203125 0.33989094999999997 0.8968098953125001 0.36593261718750003 0.8837890625
13 0.18364095 0.2587890625 0.1494612625 0.205078125 0.1413232421875 0.24576822968749998 0.15759928437499998 0.2734375 0.154344075 0.2994791671875 0.17713053437499998 0.3173828125 0.1803857421875 0.341796875 0.22270344999999997 0.3678385421875 0.2389794921875 0.390625 0.26176594999999997 0.3922526046875 0.294318034375 0.400390625 0.29269042968750003 0.3938802078125 0.30571126249999997 0.3938802078125 0.29594563749999997 0.3531901046875 0.27315917968750003 0.3385416671875 0.23572428437499998 0.3336588546875 0.21293782499999997 0.2848307296875 0.18364095 0.2587890625
13 0.401739909375 0.6266276046875 0.37569824218750003 0.6119791671875 0.367560221875 0.5908203125 0.36918782499999997 0.5631510421875 0.35616699218750003 0.5615234375 0.343146159375 0.5419921875 0.274786784375 0.5338541671875 0.304083659375 0.625 0.348028971875 0.6803385421875 0.387091471875 0.7047526046875 0.411505534375 0.6819661453125 0.426153971875 0.6884765625 0.505906575 0.6494140625 0.4538232421875 0.6363932296875 0.401739909375 0.6266276046875
13 0.7044895828125 0.3385416671875 0.7191380203125 0.341796875 0.6817031250000001 0.2099609375 0.7305312500000001 0.23763020781250002 0.7679661453125 0.2490234375 0.8037734375 0.2571614578125 0.7923802078125 0.224609375 0.8037734375 0.1953125 0.7826145828125 0.1741536453125 0.7858697921875 0.13671875 0.7679661453125 0.1057942703125 0.7500625000000001 0.09440104218749999 0.6849583328125 0.1318359375 0.6410130203125 0.13671875 0.6475234375000001 0.1546223953125 0.6345026046875 0.1708984375 0.6475234375000001 0.1822916671875 0.6735651046875 0.1481119796875 0.6849583328125 0.1497395828125 0.6637994796875 0.20670572968749998 0.6719375000000001 0.23763020781250002 0.6703098953125 0.2718098953125 0.6670546875000001 0.3059895828125 0.7044895828125 0.3385416671875
13 0.330078125 0.5302734375 0.34130859375 0.54150390625 0.35546875 0.5634765625 0.36767578125 0.56494140625 0.369140625 0.59912109375 0.37158203125 0.607421875 0.37548828125 0.61083984375 0.3837890625 0.6123046875 0.39111328125 0.62158203125 0.41845703125 0.625 0.42333984375 0.6279296875 0.42333984375 0.6318359375 0.43115234375 0.6357421875 0.435546875 0.634765625 0.4365234375 0.63037109375 0.44287109375 0.63037109375 0.484375 0.63818359375 0.49609375 0.6376953125 0.50244140625 0.6328125 0.505859375 0.603515625 0.513671875 0.5869140625 0.513671875 0.57666015625 0.5078125 0.546875 0.515625 0.53076171875 0.52294921875 0.52001953125 0.5283203125 0.515625 0.52587890625 0.49755859375 0.521484375 0.4912109375 0.517578125 0.49072265625 0.5146484375 0.494140625 0.51416015625 0.50146484375 0.5107421875 0.5029296875 0.49609375 0.48583984375 0.478515625 0.47509765625 0.4677734375 0.470703125 0.44677734375 0.46728515625 0.43603515625 0.46875 0.42919921875 0.4833984375 0.4208984375 0.4912109375 0.41259765625 0.494140625 0.38427734375 0.51025390625 0.3525390625 0.51611328125 0.330078125 0.5302734375
13 0.775390625 0.83740234375 0.75732421875 0.8427734375 0.7431640625 0.861328125 0.740234375 0.86865234375 0.763671875 0.88525390625 0.771484375 0.896484375 0.78662109375 0.904296875 0.79345703125 0.9111328125 0.79638671875 0.91748046875 0.7998046875 0.91796875 0.81591796875 0.89404296875 0.830078125 0.8876953125 0.85791015625 0.8701171875 0.87060546875 0.8681640625 0.875 0.86572265625 0.875 0.81787109375 0.861328125 0.8173828125 0.84619140625 0.822265625 0.8359375 0.828125 0.80078125 0.8310546875 0.787109375 0.83642578125 0.775390625 0.83740234375
13 0.58203125 1 0.58740234375 0.97607421875 0.59130859375 0.9697265625 0.60009765625 0.9619140625 0.60205078125 0.94921875 0.59619140625 0.93798828125 0.5966796875 0.92529296875 0.58740234375 0.91796875 0.57958984375 0.904296875 0.57080078125 0.89404296875 0.56396484375 0.8798828125 0.56103515625 0.8466796875 0.5625 0.81494140625 0.54443359375 0.79541015625 0.54345703125 0.7919921875 0.54736328125 0.76953125 0.55810546875 0.76708984375 0.54150390625 0.7578125 0.52294921875 0.73291015625 0.47412109375 0.7119140625 0.4541015625 0.7099609375 0.44921875 0.712890625 0.44384765625 0.720703125 0.45166015625 0.728515625 0.45166015625 0.734375 0.44873046875 0.7373046875 0.44775390625 0.7451171875 0.44384765625 0.75341796875 0.43994140625 0.7548828125 0.43994140625 0.7451171875 0.44482421875 0.74267578125 0.4453125 0.73681640625 0.43701171875 0.734375 0.43408203125 0.728515625 0.412109375 0.740234375 0.40234375 0.74853515625 0.40673828125 0.759765625 0.40625 0.7783203125 0.41259765625 0.7880859375 0.41162109375 0.80419921875 0.4140625 0.8115234375 0.423828125 0.8193359375 0.4306640625 0.82177734375 0.44775390625 0.8427734375 0.4443359375 0.853515625 0.4384765625 0.8603515625 0.4365234375 0.86669921875 0.43701171875 0.8740234375 0.43994140625 0.8798828125 0.44970703125 0.890625 0.45458984375 0.8935546875 0.46484375 0.8955078125 0.46875 0.90380859375 0.47998046875 0.90869140625 0.48681640625 0.91455078125 0.49169921875 0.916015625 0.49755859375 0.9072265625 0.5 0.90869140625 0.525390625 0.95849609375 0.53271484375 0.98095703125 0.53564453125 1 0.58203125 1
13 0.8541666671874999 0.3515625 0.7809244796875 0.4134114578125 0.7662760421875 0.478515625 0.7776692703125 0.537109375 0.7825520828125 0.5501302078125 0.8004557296874999 0.5517578125 0.8346354171874999 0.5387369796875 0.8623046875 0.52734375 0.8720703125 0.48828125 0.875 0.3629557296875 0.8541666671874999 0.3515625
13 0.2926432296875 0.5973251953125 0.26171875 0.6119736328125 0.2698567703125 0.571283528125 0.2779947921875 0.537103840625 0.24055989531250002 0.507806965625 0.2275390625 0.5354762375 0.20963541718749998 0.512689778125 0.1901041671875 0.5338486328125 0.1640625 0.5647731125 0.1591796875 0.673822590625 0.15332931249999998 0.6937138640625 0.134765625 0.683588215625 0.1461588546875 0.7926376953125 0.1966145828125 0.7893824875 0.21451822968749998 0.8121689453125001 0.24544270781250002 0.7600856125 0.23404947968749998 0.732416340625 0.23079427031250002 0.7161403 0.22102864531250002 0.6608017578125 0.2779947921875 0.6363876953125 0.3072916671875 0.6070908203125 0.2926432296875 0.5973251953125
13 0.2535807296875 0.234369465625 0.2828776046875 0.2425074875 0.3089192703125 0.257155925 0.2828776046875 0.22785905 0.23893229218749998 0.179030925 0.1982421875 0.1432236328125 0.1624348953125 0.159499675 0.18359375 0.209955403125 0.21451822968749998 0.234369465625 0.2535807296875 0.234369465625
13 0.8444010421874999 0.1578720703125 0.8541666671874999 0.195306965625 0.875 0.218093425 0.8736979171874999 0.0016220703125 0.8199869796874999 0 0.8118489578125001 0.0178981125 0.7809244796875 0.078119465625 0.8020833328125001 0.1155543625 0.828125 0.1627548828125 0.8444010421874999 0.1578720703125
13 0.798828125 0.26692155 0.779296875 0.249017903125 0.681640625 0.2018173828125 0.7125651046875 0.3434189453125 0.6458333328125 0.283197590625 0.6507161453125 0.3385361328125 0.6604817703125 0.43130957031249995 0.6897786453125 0.41177832031249995 0.7060546875 0.41015071562500005 0.7337239578125 0.3694606125 0.7776692703125 0.3971298828125 0.7972005203125 0.34504655 0.8264973953125001 0.332025715625 0.8216145828125001 0.3092392578125 0.7760416671875 0.2994736328125 0.798828125 0.26692155
13 0.7255859375 0.41666113281249995 0.6930338546875 0.41666113281249995 0.6360677078125 0.45409602812500005 0.6116536453125 0.4817653 0.59375 0.47851009062500005 0.5774739578125 0.49966894531249995 0.6083984375 0.502924153125 0.5123697921875 0.5598903 0.5205078125 0.5826767578125 0.6214192703125 0.5289658203125 0.6490885421875 0.5387314453125 0.7190755203125 0.49804134062500005 0.7890625 0.452468425 0.7223307296875 0.47037207031249995 0.6165364578125 0.507806965625 0.6751302078125 0.45572363281249995 0.7044270828125 0.45572363281249995 0.7255859375 0.41666113281249995
13 0.125 0 0.1315104171875 0.209955403125 0.1673177078125 0.161127278125 0.1526692703125 0.131830403125 0.1656901046875 0.0748642578125 0.18359375 0.0602158203125 0.1559244796875 0 0.125 0
13 0.3756510421875 0 0.3544921875 0.0406845703125 0.3561197921875 0.083002278125 0.37890625 0.11880957031249999 0.4016927078125 0.159499675 0.4098307296875 0.1334580078125 0.4049479171875 0.10904394531249999 0.4016927078125 0.063471028125 0.4375 0.0667262375 0.4684244796875 0.0667262375 0.4586588546875 0 0.3756510421875 0
13 0.75927734375 0.841796875 0.7529296875 0.84716796875 0.73876953125 0.869140625 0.7412109375 0.8740234375 0.74560546875 0.8740234375 0.748046875 0.87744140625 0.75146484375 0.876953125 0.7578125 0.880859375 0.775390625 0.8994140625 0.78759765625 0.90576171875 0.794921875 0.91455078125 0.79541015625 0.9189453125 0.791015625 0.9189453125 0.755859375 0.90283203125 0.75439453125 0.89990234375 0.7412109375 0.90185546875 0.7666015625 0.9306640625 0.77294921875 0.93603515625 0.77783203125 0.9365234375 0.783203125 0.9443359375 0.79248046875 0.94677734375 0.814453125 0.962890625 0.85888671875 0.982421875 0.875 0.98046875 0.875 0.875 0.87255859375 0.86962890625 0.875 0.86767578125 0.875 0.81884765625 0.86572265625 0.81689453125 0.8583984375 0.81787109375 0.8369140625 0.82763671875 0.80029296875 0.83154296875 0.78955078125 0.8359375 0.75927734375 0.841796875
13 0.7272135421875 0.7584388015625 0.7125651046875 0.77471484375 0.7190755203125 0.7958736984375 0.7158203125 0.8202877609374999 0.7125651046875 0.85283984375 0.7353515625 0.8739986984374999 0.7337239578125 0.86748828125 0.7320963546875 0.8658606765625001 0.7467447921875 0.8463294265625001 0.7646484375 0.8251705734374999 0.7711588546875 0.7975013015625 0.7532552078125 0.77959765625 0.7272135421875 0.7584388015625
13 0.7060546875 0.7096106765625 0.6604817703125 0.7486731765625 0.6197916671875 0.7665768234375 0.5677083328125 0.76983203125 0.5970052078125 0.8072669265625001 0.6344401046875 0.80889453125 0.6637369796875 0.8023841140625001 0.6735026046875 0.7779700515625 0.701171875 0.77959765625 0.7223307296875 0.7682044265625 0.7239583328125 0.7372799484375 0.7337239578125 0.72588671875 0.7060546875 0.7096106765625
13 0.7662760421875 0.46709765625 0.7288411453125 0.4898841140625 0.642578125 0.5370846359375 0.6555989578125 0.58428515625 0.6832682296875 0.5761471359375 0.6930338546875 0.6217200515625 0.7239583328125 0.62334765625 0.7337239578125 0.59893359375 0.7516276046875 0.5631263015625 0.7744140625 0.54522265625 0.7662760421875 0.46709765625
13 0.7955729171875 0.18391048125 0.7972005203125 0.25713671875 0.818359375 0.3027096359375 0.828125 0.3417721359375 0.8737051140625001 0.36869257499999997 0.875 0.23111100312500002 0.8525390625 0.20018652343749999 0.7955729171875 0.18391048125
13 0.5139973953125 0.3271396484375 0.5026041671875 0.304353190625 0.4619140625 0.289704753125 0.3984375 0.32062923125 0.3740234375 0.319001628125 0.3447265625 0.2831943359375 0.3382161453125 0.29133235625 0.3317057296875 0.3027255859375 0.3382161453125 0.319001628125 0.3284505203125 0.3613193359375 0.3528645828125 0.3710849609375 0.37890625 0.358064128125 0.3902994796875 0.33527766875 0.4407552078125 0.35480891875 0.5139973953125 0.3271396484375
13 0.7044270828125 0.68684016875 0.7027994796875 0.7031162109375 0.740234375 0.7275302734375 0.7386067703125 0.694978190625 0.7581380203125 0.6640537109375 0.779296875 0.63801204375 0.7906901046875 0.6005771484375 0.759765625 0.616853190625 0.6767578125 0.616853190625 0.6881510421875 0.665681315625 0.7044270828125 0.68684016875
13 0.6376953125 0.406892253125 0.6360677078125 0.38410579375 0.6149088546875 0.3857333984375 0.6051432296875 0.36457454375 0.6083984375 0.338532878125 0.6507161453125 0.367829753125 0.6474609375 0.289704753125 0.6214192703125 0.279939128125 0.6181640625 0.3222568359375 0.6018880203125 0.338532878125 0.5709635421875 0.3613193359375 0.5530598953125 0.3613193359375 0.5188802078125 0.3320224609375 0.53515625 0.367829753125 0.5432942703125 0.39387141875 0.5579427078125 0.402009440625 0.5921223953125 0.35480891875 0.5872395828125 0.3857333984375 0.57421875 0.41340266875 0.6083984375 0.42316829375 0.6376953125 0.406892253125
13 0.828125 0.782868815625 0.8525390625 0.758454753125 0.8590494796874999 0.719392253125 0.8720703125 0.71613704375 0.8736979171874999 0.68684016875 0.8427734375 0.694978190625 0.8525390625 0.6787021484375 0.8509114578125001 0.66242610625 0.8590494796874999 0.636384440625 0.875 0.6152255859375 0.875 0.5419833984375 0.828125 0.592439128125 0.8444010421874999 0.5419833984375 0.8199869796874999 0.568025065625 0.8232421875 0.6591708984375 0.818359375 0.75031673125 0.828125 0.782868815625