11 0.42860516249999997 0.3370778828125 0.42976772187499995 0.3288922890625 0.4273573046875 0.324325075 0.422921215625 0.321912953125 0.41257497499999995 0.31829121250000003 0.4044490984375 0.3168788125 0.3654995859375 0.301812303125 0.30811689375 0.2825845375 0.27947467812500004 0.270266878125 0.2085639984375 0.24458508124999997 0.17509446875 0.23630597187500002 0.1685984046875 0.2371826046875 0.166387315625 0.23898636875 0.162599259375 0.24539364218749998 0.159010528125 0.2581718953125 0.1453119734375 0.28975180312500004 0.1253862234375 0.3586775921875 0.11062895625 0.4274077015625 0.1007676109375 0.4898319296875 0.09492794843749999 0.5510861968749999 0.09344834375 0.597827290625 0.09584673593750001 0.6611060609375 0.1032995828125 0.7387565765625 0.10198127500000001 0.743450628125 0.0975637296875 0.7490647109374999 0.0951857671875 0.7585433593750001 0.0980727078125 0.7775983015625 0.100815021875 0.7819952781249999 0.105763784375 0.7825819359375 0.1124063296875 0.7811837453125 0.1329680859375 0.7797889109375 0.15165065 0.7800276046875 0.1896359921875 0.7772850828125 0.2124570484375 0.778972471875 0.2428774015625 0.777878071875 0.2975038734375 0.7866892046875 0.3038534578125 0.7863341375 0.3113405734375 0.7829402421875 0.31460204531249997 0.772338778125 0.3170782765625 0.75745258125 0.32397205156250003 0.7369523 0.343455575 0.6524051140625 0.38691804531249996 0.47944243281250004 0.40621894062499997 0.41173000000000004 0.41836740624999996 0.36442730624999997 0.42860516249999997 0.3370778828125
9 0.6923592640625 0.604694015625 0.670764728125 0.59054715 0.65552441875 0.5780517625 0.6334858140625 0.5634630265625 0.61783573125 0.5493921078125 0.5917661703125 0.5319602296875 0.57700886875 0.5207795984375 0.5541599921875 0.5070528984375 0.5428523671875001 0.5028082031250001 0.5340627 0.501736278125 0.5278688625 0.5055828906250001 0.5153829265625001 0.5186836625 0.50902685625 0.5322117078125 0.5008944953125 0.543972284375 0.4965984 0.5542115734374999 0.4834375515625 0.5788192453125001 0.4736021390625 0.588551571875 0.465952790625 0.601626896875 0.45862606093749997 0.6105188874999999 0.4483261859375 0.6269626640625 0.44240955 0.6389260234374999 0.440777890625 0.6518165203125 0.436042359375 0.6636204953125 0.43524136249999995 0.6684956359374999 0.436109115625 0.676532690625 0.43870494843749996 0.6814512296874999 0.44939235625 0.688915834375 0.4593130671875 0.7001219109375 0.46791547187500004 0.716022040625 0.475435040625 0.7266740078125 0.4927835390625 0.740766628125 0.5000444515625 0.7513280499999999 0.50788664375 0.7577966796875 0.511034090625 0.7617626375000001 0.5171871390625 0.7722226671875 0.530060609375 0.7830302765625 0.54094270625 0.7948593093749999 0.553903321875 0.811425790625 0.5676306359375001 0.8242508031250001 0.584070596875 0.8446130078125 0.6044043015625 0.8723530187499999 0.6157601374999999 0.8814837015625001 0.6247009203125 0.8840406171874999 0.6344037625000001 0.8808495109375001 0.6439072796875001 0.871287425 0.661762875 0.8491824203125 0.6863750375000001 0.8111118015625 0.711957859375 0.777677240625 0.74516685 0.721134590625 0.759483771875 0.701514303125 0.7679183625 0.6927237078124999 0.7738785703125 0.6836397812499999 0.7747871078124999 0.677370196875 0.771923346875 0.6683480125 0.7676634 0.6622741078125001 0.7557513171875 0.652089453125 0.74280924375 0.643549175 0.7316684921875 0.6316296015625 0.706418471875 0.617348790625 0.6923592640625 0.604694015625
9 0.72404124375 0.3027291140625 0.6435213515625 0.27282432343749996 0.5941477203125001 0.25239029999999996 0.5583067171875 0.240416865625 0.5547680421875001 0.242901578125 0.543916553125 0.260297934375 0.5404743015625 0.27255462656249996 0.52916298125 0.2986689890625 0.52027135 0.3333636671875 0.5009880578125 0.3767366984375 0.4906084578125 0.40661423281250003 0.4692262515625 0.452403134375 0.46893793125 0.455452809375 0.47337865625 0.459871484375 0.5845831296874999 0.5231445781249999 0.5968271125 0.5331589937500001 0.6118041328125 0.5435572859375 0.6272113125 0.5483777890625 0.63500993125 0.5519669796875 0.666579871875 0.5690329375000001 0.679292953125 0.574342453125 0.6892776328125 0.5812746453125001 0.7256155578125 0.60058249375 0.7313402906250001 0.6014407828125 0.73505974375 0.597300840625 0.77857509375 0.5111414390625 0.8064051531249999 0.45958991875 0.8217974874999999 0.42602515937499996 0.8482953296875 0.3731480359375 0.8518794249999999 0.35836323281250004 0.8520852343750001 0.351561234375 0.8494550984375 0.3477763625 0.8430230015625 0.3443791109375 0.7996763328125 0.3277733609375 0.7891789796875 0.32266663125 0.7702970921875 0.3160569578125 0.7548027609375 0.3054775796875 0.7480777078124999 0.3031234515625 0.7426162640625 0.304362253125 0.7309127796875 0.304561684375 0.72404124375 0.3027291140625
9 0.41037801093750004 0.1946486703125 0.418777971875 0.1546263484375 0.44476411875000005 0.1379452390625 0.47088567656249997 0.1814593921875 0.5957886609374999 0.24236723750000003 0.586954796875 0.2535958328125 0.6399667109375 0.2721528453125 0.63666730625 0.0361348015625 0.3205032546875 0.0342994125 0.358000715625 0.29088116406250003 0.3673975578125 0.2870101015625 0.36849615 0.2830983921875 0.3901469078125 0.22623318281250002 0.41037801093750004 0.1946486703125
9 0.10429162343750001 0.3407275796875 0.0977441453125 0.36733215937499997 0.11528134375000001 0.3863599453125 0.1728755609375 0.236280996875 0.120422671875 0.283290371875 0.10429162343750001 0.3407275796875
9 0.24311412500000001 0.173331728125 0.173018609375 0.236152796875 0.3548791546875 0.3012451828125 0.24311412500000001 0.173331728125
9 0.44083348906250003 0.6879247000000001 0.4262220140625 0.6742173484375 0.5010477625 0.5443123546875 0.43478505624999997 0.5425982328125001 0.476024796875 0.49688649218750003 0.3842236796875 0.46475117812500005 0.343899953125 0.65972113125 0.399033165625 0.7305760234374999 0.44083348906250003 0.6879247000000001
9 0.6064180015625 1 0.6219575140625 0.9632774281250001 0.6394759953125 0.95652100625 0.6696621203124999 0.9198287374999999 0.7420599046875 0.8592463296874999 0.6997805453125 0.8530388375 0.6678224046875 0.84041968125 0.626044653125 0.89310355 0.5653564390625 0.8260324765625 0.4827866828125 0.8773257828125001 0.42366622343750004 0.9067536687500001 0.463355678125 0.9364001156249999 0.5077055421875001 0.9605174999999999 0.5492750765625 0.979365340625 0.5975931812499999 1 0.6064180015625 1
9 0.4071346359375 0.721955234375 0.489655921875 0.863977371875 0.5660888328125 0.8234246703125001 0.5647958609375 0.8229720609375001 0.5635028859375 0.82251945 0.441199684375 0.686620796875 0.4071346359375 0.721955234375
9 0.42252364218749994 0.75311986875 0.40732902031249996 0.72631955625 0.3951542453125 0.7292181921875 0.3427618859375 0.6578906531250001 0.31262488906249997 0.78625400625 0.3327114859375 0.784692840625 0.3533990640625 0.791934603125 0.365402021875 0.7947041890625 0.3875769515625 0.8067628812500001 0.4091687359375 0.8057286124999999 0.4208054984375 0.8098021015624999 0.42252364218749994 0.75311986875
9 0.6668058984375 0.1555239125 0.6677793453125 0.1773460484375 0.6559683171875 0.1789399234375 0.6482781828124999 0.2063218921875 0.6338249953124999 0.2628424546875 0.656566328125 0.277963603125 0.7367496859375 0.30603207656250003 0.75556481875 0.29972955625000003 0.7617901671875 0.2775631984375 0.7683585296875 0.2440601796875 0.7699484640625001 0.21311071875 0.7785888640625 0.1975181296875 0.786816703125 0.1631639234375 0.8449447593749999 0.1534379328125 0.7959716265625 0.130566340625 0.7804522656249999 0.1251337296875 0.7518054203125 0.110809521875 0.6941455249999999 0.08346500625 0.6843601734375 0.0829037921875 0.655541815625 0.0742479125 0.6549021453125 0.116986753125 0.6668058984375 0.1555239125
10 0.7326382078125 0.60390005 0.6457705781249999 0.5591708015625 0.6430356953125 0.57396645625 0.782654328125 0.678692053125 0.788365153125 0.6735306890625 0.665990365625 0.8412104625 0.7034954859375 0.8543392671875001 0.7583277671875 0.8563484015625 0.81551479375 0.7589353921875001 0.8461848203125 0.7114331390624999 0.9297531812500001 0.41387449062500004 0.85467921875 0.3716593015625 0.8585358765625 0.36298469375 0.857242596875 0.362531978125 0.8042784218750001 0.449966478125 0.7326382078125 0.60390005