4 1 0.3776078703125 0.991371340625 0.37718833281249997 0.9509442078125 0.4044381859375 0.935168084375 0.4074207078125 0.9010604843750001 0.440758425 0.889105684375 0.45814390312500003 0.8939307031249999 0.4986864796875 0.913630725 0.5274537015625 0.9488445890625 0.5376024 1 0.5271151359374999 1 0.3776078703125
4 0.74537681875 0.1900911453125 0.731300359375 0.1933125421875 0.7233837296875001 0.2043325953125 0.6644420140625 0.374572353125 0.6736817578125 0.386270340625 0.6820658171875 0.42557987031250005 0.712020971875 0.43672274375000003 0.7612658578125 0.40724566875 0.8403295843749999 0.2796983421875 0.8495810265625 0.23593436875 0.83545913125 0.20275138906249998 0.74537681875 0.1900911453125
4 0.1900079359375 0.12590504062500002 0.18007221874999998 0.14010780625000002 0.18081363125 0.15061142968750002 0.2131527265625 0.191554384375 0.23789461250000002 0.2400958078125 0.317869803125 0.32413156875000004 0.3570647 0.346972428125 0.382764840625 0.3852490984375 0.4145222390625 0.41397763750000005 0.44155718750000006 0.419510390625 0.48028465625 0.392021665625 0.4894789609375 0.367315275 0.41805923749999996 0.26541629375000003 0.37748409375 0.238914978125 0.34084454218750004 0.1887014453125 0.2796111203125 0.1436976609375 0.26915083906250004 0.126628425 0.2183205609375 0.1177514578125 0.1900079359375 0.12590504062500002
4 0.6182082125 0.4824683 0.6207635609375 0.45509562812500004 0.6019075203125 0.4541788203125 0.523038596875 0.4136294796875 0.5200158187499999 0.39067256562499997 0.5321874640625001 0.3525187125 0.46569533124999996 0.3085091 0.45963807812499996 0.318057234375 0.4867184671875 0.3599943625 0.4882012875 0.38100161250000003 0.4485155640625 0.4187550875 0.43257972968749997 0.423448403125 0.4091038203125 0.41668260312500005 0.40692502499999994 0.42157610781250004 0.44914270156249997 0.4673738796875 0.508995878125 0.5087172078125 0.535654275 0.5367291296875 0.6220178359374999 0.5523332109375 0.6459157375 0.57302421875 0.65951306875 0.5749351984375 0.67210670625 0.55070655625 0.6482088046875 0.5300155484375 0.6240486187500001 0.493688540625 0.6182082125 0.4824683
4 0.36242598125000003 0.3633250453125 0.3393720640625 0.370484453125 0.3067589859375 0.3693674609375 0.24481789062499998 0.40572638593750004 0.21102971250000002 0.43564251875000004 0.15918404375 0.45608788906250003 0.1377726546875 0.48254375312500003 0.13707668281250002 0.508444503125 0.163096240625 0.5432995921875 0.191511440625 0.5524928015625 0.2232233984375 0.5448169609375 0.279004665625 0.5006593796875001 0.32043549374999997 0.499549153125 0.330690628125 0.48192480312499997 0.37233830156250003 0.46004620156250003 0.383232271875 0.43557868437499997 0.40724444374999996 0.418154521875 0.40650303593750003 0.4076509 0.36242598125000003 0.3633250453125
3 0.3347521953125 0.3646354609375 0.28643182500000003 0.291981446875 0.230194828125 0.23034748437500002 0.2049738140625 0.1869384375 0.14192645312500002 0.17981094687500002 0.0686693953125 0.22671217968750002 0.08651004062499999 0.256951321875 0.147686328125 0.32101269062500004 0.1900065796875 0.3841572578125 0.24465818281249999 0.4074371765625 0.30102115 0.3754940109375 0.33071402499999997 0.371000884375 0.3347521953125 0.3646354609375
4 0.8623330171875001 0.4682471515625 0.8810293453125 0.47087474843750005 0.9145552421875 0.42532261406250005 0.9214681796875 0.3881629359375 0.9152629140625 0.3439599015625 0.90496234375 0.325179875 0.9019512625000001 0.2467610015625 0.8854908640625 0.220182315625 0.8599958671874999 0.216599228125 0.849523890625 0.2549919546875 0.8173782421875 0.3042045453125 0.7912327125 0.36292658437499997 0.8141152234375 0.41293992656249995 0.8478345671874999 0.4575433359375 0.8623330171875001 0.4682471515625
4 0.35390425468750003 0.47305460468750005 0.3442308234375 0.5028933671875 0.348085884375 0.6091626578125 0.35716591875 0.6225714359375 0.37464170937499996 0.619827784375 0.3859005359375 0.6283430609375 0.39875645312499997 0.6197504171875 0.41235378437500003 0.621661396875 0.420270415625 0.6106413421875 0.4287921453125 0.5009117875 0.43846557500000005 0.471073021875 0.4383630015625 0.453726228125 0.4104840671875 0.42034305937500005 0.400126359375 0.42062061718750005 0.3815326046875 0.4353398109375 0.3706386359375 0.45980732812499997 0.35390425468750003 0.47305460468750005
4 0.16404415625 0.33024458437500004 0.0984077046875 0.25862342968749996 0.0818901703125 0.2511023265625 0.0249950953125 0.28718724687499997 0.0171650984375 0.3429005671875 0.034698109375 0.3692630265625 0.0989088734375 0.4008193484375 0.14055654687500002 0.3789407453125 0.17582754843749998 0.370031859375 0.18050455468749999 0.35682326875000003 0.16404415625 0.33024458437500004
10 0.648621809375 0.08289828593750001 0.394310703125 0.0402242390625 0.37375499843750004 0.0390685609375 0.3613210703125 0.0615864125 0.35797887500000003 0.042051084375 0.3464006296875 0.0369573921875 0.344963246875 0.05235451875 0.3514424921875 0.056731593749999996 0.342293628125 0.11784235937500001 0.35265133125000003 0.1175648015625 0.35525211875 0.1265965078125 0.3858461125 0.1308962125 0.39100224687499996 0.11255524531250001 0.3892454453125 0.1313739578125 0.4621713859375 0.1433562671875 0.469666021875 0.11841100625 0.47066971718749995 0.14455062968750002 0.5102411671875 0.1449123234375 0.5131613749999999 0.1505224421875 0.604943353125 0.1634215578125 0.6254990578124999 0.1645772375 0.624757646875 0.1540736140625 0.6355944828125 0.14866368125 0.648621809375 0.08289828593750001
10 0.5044228000000001 0.28102037812499997 0.5441539609375 0.27967127812500003 0.576025628125 0.270284646875 0.5982355625 0.23527482187499998 0.61742271875 0.177308084375 0.3556741109375 0.140521715625 0.35332390937499997 0.20258797187500002 0.37902405 0.24086464218749998 0.42501761250000003 0.2646609921875 0.5044228000000001 0.28102037812499997
4 0.5935689 0.45127366718750006 0.6138051859375 0.4558509296875 0.6378744921874999 0.419369184375 0.6520652234375001 0.3780326234375 0.6893670078125 0.310479065625 0.72072580625 0.214358475 0.72078294375 0.195300890625 0.7127637390625 0.18897415312500002 0.6395183796875 0.18041342656249998 0.6033345609375 0.23599143906250003 0.5580707109375 0.2781606734375 0.557215028125 0.30577221718750003 0.522993159375 0.377225103125 0.518259015625 0.40949127656249995 0.5935689 0.45127366718750006