13 0.423862375 0.4746590265625 0.4185186625 0.47276785156249995 0.41085361249999997 0.47839676718749996 0.41151417031250004 0.481633528125 0.4241266578125 0.49799788749999996 0.42773948281249996 0.508952775 0.44677686093749996 0.540603878125 0.460610734375 0.5737500796874999 0.47467105 0.5954093640625 0.477032865625 0.6015838671875 0.47551229062499994 0.6157269875 0.4801793140625 0.6309477171875 0.5142044875 0.6897025484375 0.5262265203125 0.70452328125 0.5377713203125001 0.7120569296875 0.550046784375 0.724520478125 0.553168884375 0.72362341875 0.5558002656250001 0.7108744171875 0.5602731109375 0.704449428125 0.5559592484375 0.676563184375 0.54810001875 0.660546375 0.5352907140625 0.643667475 0.528542290625 0.6290447828125 0.5274476203125 0.6110843484374999 0.523034028125 0.593506428125 0.5159485796875 0.5749829234375 0.49990659375 0.5436133546875 0.48760414374999994 0.5220200828125 0.4649081796875 0.5079818640625 0.45465750937499994 0.49779200625 0.44869635468749997 0.4852274796875 0.443029109375 0.48400035468749997 0.4343394921875 0.4733619703125 0.423862375 0.4746590265625
13 0.09704909218749999 0.2710213640625 0.111969425 0.27530076875 0.1441745484375 0.2689029046875 0.16031890937499998 0.268832971875 0.1819202046875 0.26491075468749997 0.2007795421875 0.25834981562500003 0.21826114843750002 0.24818708437499998 0.24203008750000002 0.2287936453125 0.24772695625000002 0.21801931562500002 0.256686140625 0.20973419531249998 0.2597812578125 0.1997074109375 0.2668423640625 0.1879700078125 0.26810950624999996 0.176184075 0.2663812625 0.16411660781249998 0.26244490468750004 0.153825771875 0.2578749703125 0.1494279 0.204138653125 0.16144111875 0.11577614375 0.197680609375 0.0707294484375 0.22033221093750002 0.052514534375 0.24669622812499997 0.057041350000000005 0.2585306890625 0.072988890625 0.257946215625 0.09704909218749999 0.2710213640625
13 0.3059196984375 0.10592665000000001 0.28593606562499996 0.10652861093749999 0.26609264062500004 0.110516840625 0.2617465109375 0.1157632390625 0.2612531453125 0.12504247500000001 0.264272878125 0.15558491875 0.2688832875 0.17367737968750002 0.2753512953125 0.1815275328125 0.288907396875 0.1867700125 0.2971062921875 0.18555645 0.30415126406250004 0.190385365625 0.3105356765625 0.191977521875 0.3227706609375 0.190746478125 0.354892190625 0.1780906125 0.371389709375 0.1653551734375 0.380842259375 0.1477908171875 0.381785871875 0.1366689375 0.387973465625 0.13774655 0.3913894765625 0.148186896875 0.3935409828125 0.149281990625 0.4021901234375 0.1462257890625 0.419855059375 0.13201273593750001 0.4240043703125 0.12625179375 0.42688917968749995 0.11114560468750001 0.4398574671875 0.0937132734375 0.4400407921875 0.08966295468749999 0.4284393796875 0.0850010296875 0.40076371093749996 0.08210217656249999 0.3726647796875 0.0901756953125 0.3537218484375 0.0904786359375 0.3059196984375 0.10592665000000001
13 0.09301856875 0.3389972578125 0.099990796875 0.3632642171875 0.10449062499999999 0.3659689546875 0.145541709375 0.357029425 0.18211995 0.35451488750000004 0.192330140625 0.351010153125 0.1953686515625 0.3438550984375 0.176277303125 0.293944540625 0.1750694109375 0.28172756250000003 0.1813702296875 0.2770617203125 0.1824540484375 0.269326109375 0.1807527890625 0.26638836875 0.175929428125 0.264347684375 0.16950189375 0.2701921203125 0.1552286265625 0.264584609375 0.14747997968749998 0.2639555265625 0.130435125 0.2677107484375 0.12165926875 0.271945546875 0.10984490312499999 0.2833354015625 0.10493530625 0.29616790000000004 0.099942109375 0.3027424015625 0.0930347046875 0.32243093906250003 0.09301856875 0.3389972578125
13 0.19841829375 0.4726168609375 0.193554453125 0.45688158437500004 0.1870999390625 0.45359629687499997 0.14762339687499998 0.46665216093749995 0.1366394234375 0.472663590625 0.131969759375 0.47857404062500003 0.1311097421875 0.49595392031249996 0.12756437812500002 0.5078233484375 0.12095352031249999 0.51771810625 0.1313282640625 0.54786055 0.138977178125 0.5587979562500001 0.1474564890625 0.5643569375 0.155078425 0.5661646140625 0.1680305734375 0.5652986046875 0.19884448125 0.55073408125 0.218183690625 0.53032904375 0.23223315625000002 0.5262922828125001 0.23690281875000002 0.5203818359375 0.2510546578125 0.484905571875 0.2528421515625 0.47297013125 0.2464603796875 0.45024679531249995 0.2422705890625 0.44231314218750006 0.23606950312500002 0.4366706671875 0.23320082812499998 0.4352105375 0.22403133749999998 0.43841625312500004 0.21120589843749998 0.438103671875 0.206396025 0.44062785 0.20408818125 0.452712803125 0.20843167031249998 0.46859758749999997 0.207544665625 0.47684774062499996 0.2037053953125 0.47737976406250004 0.19841829375 0.4726168609375
13 0.2760312 0.36750834062500004 0.30833605468749997 0.3508021546875 0.342538984375 0.3375482515625 0.3466181953125 0.330094175 0.369726571875 0.30746397812500004 0.37048685937500003 0.3003924203125 0.3620776515625 0.2965265734375 0.34541294218749996 0.29674601875 0.303251053125 0.3042914296875 0.2737312796875 0.3161997453125 0.2583310703125 0.32576443906249997 0.2524238890625 0.331459365625 0.24253458593750002 0.3554312296875 0.2428284921875 0.36676863437499996 0.2465680328125 0.376544928125 0.247972746875 0.3892764484375 0.2514318734375 0.3922802015625 0.2760312 0.36750834062500004
13 0.36958665 0.4142984828125 0.37314550625 0.40699391562500004 0.37226114843749997 0.3941128859375 0.3692252828125 0.38013676093750004 0.3662865046875 0.3769834984375 0.328737665625 0.3814901859375 0.3203689375 0.3913189328125 0.325232778125 0.40705420468750003 0.3224045796875 0.41928866875 0.31404934375 0.43368227656249997 0.3125988734375 0.44951852968750006 0.315265446875 0.4927264828125 0.3134483234375 0.5166633796875 0.307414428125 0.5235369015625 0.2922972765625 0.5187429531250001 0.280625759375 0.5123878937499999 0.27665977656249996 0.5140985125 0.2740715125 0.519410921875 0.29376680781250003 0.5754299671875 0.30450820156249997 0.5974717703125 0.317064078125 0.6167078593750001 0.329773653125 0.6438950796875 0.3320814984375 0.6318101281249999 0.33066329687499996 0.61451374375 0.3413128859375 0.58347031875 0.350005146875 0.5729775234375001 0.355111565625 0.5606595671875 0.36933086406250004 0.5480076234375 0.376518684375 0.5350916265625 0.3829462171875 0.5292471921875 0.3890798421875 0.5120653484375 0.4025253609375 0.5019201046874999 0.4087991953125 0.4881245328125 0.40767489687499997 0.48216555312500003 0.3996458359375 0.47476392812499996 0.38579318906250004 0.47931522812500005 0.3786916046875 0.4773580421875 0.371775990625 0.4502193515625 0.3693467109375 0.42122053125000003 0.36958665 0.4142984828125
13 0.34977285 0.40628525625 0.3604737703125 0.41463246875 0.3629623 0.419628375 0.3754507125 0.4160401453125 0.38180814375 0.4085025765625 0.3847064421875 0.397961246875 0.3893761046875 0.3920507984375 0.3965504328125 0.3745699390625 0.3980710078125 0.360426821875 0.4106887796875 0.3345288140625 0.3858656484375 0.349656409375 0.3685377390625 0.3677702734375 0.3628839875 0.3711080140625 0.347343571875 0.3772864359375 0.3275567578125 0.37840293593749996 0.3222265390625 0.38107662656249996 0.3206924703125 0.39065488125000003 0.3296490125 0.4035009453125 0.337594475 0.4046445703125 0.3389020984375 0.40655322812500005 0.34977285 0.40628525625
13 0.334633996875 0.35009921718750003 0.339457359375 0.3521399 0.3750515109375 0.347052653125 0.3915059078125 0.341753803125 0.4106051796875 0.328270815625 0.4205349625 0.3179935421875 0.4310983140625 0.3018233015625 0.4729123265625 0.2646810296875 0.47192823749999996 0.2621083234375 0.46451661250000004 0.26538005 0.43522328281249995 0.26580145312500003 0.4187688828125 0.27110029999999996 0.395436703125 0.2840862328125 0.3863508046875 0.29354994375 0.386771425 0.303708753125 0.384886840625 0.30482133437500003 0.381751246875 0.301153528125 0.3765477390625 0.302648625 0.362581871875 0.3129433828125 0.3451272453125 0.3322358390625 0.334633996875 0.35009921718750003
13 0.158785696875 0.609073546875 0.14778823125 0.6105201124999999 0.14929003125 0.6340744953125 0.1560680796875 0.6366957328125 0.1609480546875 0.6358646890624999 0.1915032484375 0.6659197171875 0.1990685703125 0.6705991234375 0.2088986203125 0.6706301703124999 0.2401871171875 0.6844839109375 0.2540236296875 0.696498928125 0.277563478125 0.7097235859375 0.29092276093749997 0.7144515218749999 0.29484563124999996 0.720177496875 0.30325483593749997 0.7240433421875 0.3272314390625 0.730860490625 0.35255878281249997 0.7321497078125 0.36061747187500004 0.7275498765624999 0.36268538281249996 0.7223869734374999 0.361307653125 0.71878518125 0.3353924953125 0.69482115625 0.3189272453125 0.6744239609375 0.3082668046875 0.679771340625 0.303176521875 0.6755229796875 0.2932898609375 0.6783636609375 0.2698201140625 0.6668321390624999 0.2486420828125 0.6597819828125 0.2016324875 0.635025803125 0.19901724062499998 0.6312084875 0.2029697359375 0.6249330046875 0.2026327109375 0.6210321921874999 0.19710567343750002 0.623191340625 0.1831694296875 0.62148464375 0.1712444859375 0.6174867734375 0.158785696875 0.609073546875
13 0.41453154531249997 0.6435279281249999 0.41509237499999996 0.65707300625 0.422374640625 0.6761110546875 0.42844637343749997 0.7040633078125 0.44014487343750003 0.7195480937500001 0.45025533749999996 0.7263516796875 0.4542483078125 0.7337707859375 0.46861602187500007 0.771332340625 0.47842729687499996 0.8090608874999999 0.48580929375000004 0.817790615625 0.4937547578125 0.81893424375 0.50012568125 0.8159615359375 0.5053588140625 0.80246498125 0.5091628921875 0.7459760046875 0.5168440734375 0.7237807703125 0.5169734328125 0.7014709953125 0.5149216562500001 0.6900675781250001 0.49240080781250006 0.6251518109374999 0.47952139843749997 0.6065797749999999 0.47205580625000004 0.5915920515625 0.4530345609375 0.5433746265625 0.42163812656250005 0.493001978125 0.4132855328125 0.486264403125 0.4100502078125 0.49290491718749996 0.390190646875 0.513459465625 0.3873489578125 0.5211290640625 0.3975808515625 0.5690164203125 0.40055746562500005 0.606995459375 0.41453154531249997 0.6435279281249999
13 0.41316145937500004 0.466311815625 0.42144395 0.471356253125 0.434663025 0.47269791874999995 0.44183470937499997 0.47634824218749994 0.4490630078125 0.4771268375 0.46108768125 0.47081638750000004 0.488331878125 0.43786038437499997 0.493298090625 0.42215615624999997 0.49293408124999993 0.4091256203125 0.50459474375 0.38978463125 0.5026022203125 0.35437830312499996 0.498525653125 0.3407011984375 0.46792998125 0.29695157656250004 0.46639591406249997 0.3065298328125 0.45946152500000004 0.3170886421875 0.453454615625 0.333091890625 0.45308796406249996 0.3411925328125 0.44170771093749994 0.36730606093749996 0.44082070937499995 0.3755562125 0.43706503437500005 0.3823462390625 0.42959415781250004 0.409620875 0.4185374390625 0.43507035156249996 0.41316145937500004 0.466311815625
13 0.499809503125 0.5327904921875 0.497995021875 0.5355962062499999 0.5030691703125 0.5564108859375 0.522947790625 0.6083796125 0.5301168359374999 0.633161115625 0.555325675 0.682456153125 0.55778458125 0.699453515625 0.5552098140624999 0.7093307906249999 0.5594831953125 0.7235224390624999 0.5647702984375 0.7282853421875 0.57108460625 0.7281843640625 0.5781295796875 0.7330132796875 0.6023030031250001 0.74034496875 0.6160855453125 0.734100534375 0.6222461578125 0.7260484218750001 0.62783245 0.6998863625 0.6466944265625 0.67219424375 0.6462468218749999 0.65290570625 0.649174746875 0.630362925 0.6486435453125 0.6048163875 0.64472331875 0.577959234375 0.6304688281249999 0.5346542203125 0.619417390625 0.517841334375 0.6007143953125 0.511222225 0.58471024375 0.5146784281250001 0.5610545296875 0.5283284109374999 0.550998034375 0.539784278125 0.5278491796875 0.5487198859375 0.5208177046875 0.548455834375 0.5042392296875 0.53380209375 0.499809503125 0.5327904921875
13 0.40884052656250003 0.8324814437500001 0.4077000953125 0.8430887828125 0.404464771875 0.8497292968749999 0.3973444140625 0.8854696093750001 0.40084401718749996 0.9021679546874999 0.40521713125 0.9060512828125 0.41375305312500005 0.9087385343750001 0.43534085781250004 0.90025145625 0.442078428125 0.8891781015625 0.454483246875 0.8793318749999999 0.46037693593749995 0.8690720859375001 0.4738224546875 0.8589268375 0.48282475625 0.8432051265625 0.4952295734375 0.833358896875 0.49385184843749996 0.8297571046875 0.48850813593750003 0.8278659312500001 0.4853725375 0.8241981218750001 0.47717628437500004 0.804280503125 0.46974031875 0.7772913203125 0.4615845421875 0.7710682906249999 0.4447796265625 0.7679014609375 0.4374947171875 0.7699945953125 0.414777334375 0.8147850609375 0.41408715 0.8235497578125001 0.40884052656250003 0.8324814437500001
13 0.560259903125 0.8101053359374999 0.5699632375 0.8113149765625 0.5977386375 0.8039055093749999 0.6150504140625 0.8023579625 0.64262899375 0.79443395625 0.6609409921875 0.7788928 0.6651469171875 0.7702601312499999 0.667961621875 0.75346080625 0.6627176375 0.7412613109375 0.6580209921875 0.738042034375 0.63958491875 0.7336306031250001 0.580731334375 0.7322657296874999 0.5642499484375 0.7284348546875 0.553098784375 0.7219302859375001 0.550693846875 0.7231923765625 0.5483725078125 0.7307124625 0.552602775 0.7523407046874999 0.559858059375 0.762249025 0.5657059859375 0.7805570078125 0.5651560124999999 0.792707971875 0.5594025296875 0.8063540343750001 0.560259903125 0.8101053359374999
13 0.51203185 0.8576569046875001 0.55089095 0.8339276890624999 0.5592596796875 0.8240989453124999 0.5713409656249999 0.8149167687500001 0.5744495749999999 0.809454846875 0.570979596875 0.780755046875 0.5585504343750001 0.7603403656250001 0.551645671875 0.758897721875 0.530254684375 0.7678993421875 0.5201415796875 0.7822269375 0.5094110359374999 0.78588118125 0.5015896421875 0.8046901421875001 0.4966530609375 0.8083929171875001 0.48448817968749996 0.8113170953125 0.48098593125000005 0.8157499328125001 0.4807028765625 0.830108575 0.48856210312500004 0.8461253843750001 0.5039596671875 0.857691871875 0.51203185 0.8576569046875001
13 0.3550009828125 0.545271840625 0.3445077359375 0.5631352171875 0.334462090625 0.6002871296875 0.33060404375 0.6385166546875001 0.33531154375 0.6674319765625001 0.34160971875 0.6838973171875 0.3489351046875 0.6954987734375 0.3608169296875 0.7069332359375 0.3666378765625 0.716111490625 0.3758909625 0.7191637765625 0.385567315625 0.711243690625 0.3907708203125 0.7097485953125 0.39951705 0.7175152515625001 0.3998971921875 0.713979471875 0.3923614984375 0.6972986109375 0.390199140625 0.67050746875 0.3869799484375 0.6605816640625 0.40344520156249997 0.6809788609375 0.41133405625 0.6849942140625 0.40966242187499996 0.6700550171875 0.41275754062500003 0.66002823125 0.4045747796875 0.644675475 0.3994871390625 0.6192959328125001 0.39739488437500003 0.5941979234375 0.4018137609375 0.569513478125 0.3983707671875 0.5499434062499999 0.39003430625 0.5266395140625 0.38415675 0.5203329875 0.3739735421875 0.5329674484375 0.364156984375 0.5375012640625 0.3550009828125 0.545271840625
13 0.09802554062499999 0.44720839218749997 0.10043047812499999 0.44594630312500005 0.0996297125 0.43932327187500003 0.0897160671875 0.43303422812500003 0.07618959374999999 0.4157902953125 0.0654585203125 0.41642342499999996 0.14207786875 0.6167295828125 0.1451999734375 0.6158325234375 0.15172459062500002 0.6208109484375 0.167461821875 0.61514706875 0.15898251875 0.6095880890625 0.15362530937500002 0.6031320499999999 0.1277450609375 0.524904209375 0.1239624015625 0.52256450625 0.117788296875 0.5260517546875 0.1136686125 0.5198112390625 0.1097888609375 0.5066486765625 0.099411478125 0.49763741250000004 0.0917490671875 0.48213514375 0.0925093546875 0.47506358437499996 0.0954346390625 0.4736519859375 0.0999344671875 0.47635672187500006 0.10278965312499999 0.4732519875 0.0984892796875 0.44993061093750003 0.09299186875 0.44008830468750004 0.0939624671875 0.438096146875 0.09802554062499999 0.44720839218749997
13 0.6018653921875 0.4160901578125 0.628783415625 0.4049293875 0.633116053125 0.3951181265625 0.6324285109375001 0.3827516375 0.61823063125 0.3365749 0.6285027171875 0.2879360734375 0.6241026187500001 0.27492301874999997 0.610012675 0.26526518593750004 0.6001691328125001 0.260669278125 0.576206021875 0.258416990625 0.5437474671875 0.2671720453125 0.5411592062499999 0.27248445625 0.5421702828125 0.28418689218750004 0.54901579375 0.30963244843750004 0.5506874265625 0.3245716453125 0.5576326671875 0.33970887968749996 0.5663222859375 0.3503472671875 0.589757125 0.4161426078125 0.6018653921875 0.4160901578125
13 0.1870025625 0.33255266250000004 0.19327375468750002 0.339888271875 0.19666278125 0.34119889375 0.23061228281249999 0.3303021765625 0.2418065671875 0.3293701515625 0.2718466921875 0.317312325 0.2958960421875 0.304691428125 0.3170335984375 0.29804699375 0.3273570140625 0.2887988015625 0.3277371578125 0.28526302187499997 0.32119904374999997 0.275719734375 0.3135231421875 0.2556526046875 0.3043158140625 0.22403254687500002 0.2876968625 0.195684215625 0.2818894109375 0.19107082343749998 0.26776984062500003 0.19341444531250002 0.2379939953125 0.22881113281249998 0.20142660625 0.257021715625 0.186996996875 0.26459425312499996 0.17084999375 0.28579536875 0.17146743281250001 0.2964687203125 0.175080259375 0.3074236078125 0.1870025625 0.33255266250000004
13 0.5286980640625 0.39542318593750003 0.52404189375 0.4058985 0.5171641140625 0.41358558125 0.5070187390625 0.4610458140625 0.49634216562500005 0.4829595109375 0.4871726734375 0.486165225 0.4782997296875 0.47957716093749997 0.46958048437500005 0.48094023124999996 0.46161888281249996 0.49636292343750005 0.4720097609375 0.5099390500000001 0.49128971874999994 0.513536921875 0.5020472453125 0.5190124046875 0.509599078125 0.51912695 0.5308067359375 0.51417565 0.544112046875 0.50064413125 0.545913034375 0.493273553125 0.553297675 0.48087209687500004 0.571313125 0.47512472031249997 0.5772904109375 0.4711229265625 0.5836343484375 0.45902049375000004 0.5846480625 0.44959174687500003 0.5915258437500001 0.44190466562499997 0.5946910671875 0.4335710171875 0.5961415359375 0.41773476406250004 0.5945534984374999 0.409053565625 0.5751386203125 0.3598070578125 0.5675732984375 0.355127653125 0.5524265203125001 0.3623351578125 0.551186359375 0.38325081875 0.5477542171875001 0.38937679062499997 0.543661515625 0.392266 0.5286980640625 0.39542318593750003
13 0.6125366859375 0.43643882500000003 0.61418133125 0.442248296875 0.62233710625 0.44847132656250005 0.6261602468749999 0.46450561874999996 0.6227955640625 0.493455909375 0.6269126109375 0.5208276046875 0.640999909375 0.5516166203124999 0.64322151875 0.55440485 0.6488887640625001 0.5556319734375 0.6518140515625 0.554220375 0.6567937515625 0.543081009375 0.68338824375 0.5325842921875 0.6885512703125001 0.51739460625 0.6995918578125 0.5085114500000001 0.710659425 0.5087580171874999 0.7194191484375 0.5210895390625 0.7247924890624999 0.510979259375 0.7214222390625 0.4719711375 0.712551934375 0.44425189062500003 0.7075074109374999 0.41143575625000006 0.7036977640625001 0.39996632656250003 0.6915921359375 0.3788875953125 0.6826490890625 0.3706063984375 0.665097375 0.37907599375 0.652943346875 0.40769621562499997 0.623226753125 0.419089990625 0.6125366859375 0.43643882500000003
13 0.6378534640625 0.52225276875 0.6321997109375 0.525590509375 0.6319031609375 0.5353842875 0.6393391296875001 0.5623734671875 0.6439334046875 0.597032246875 0.64198956875 0.6221477375 0.6449122125 0.6418673203124999 0.642604365625 0.6539522734375 0.6467941578125 0.6618859234375 0.6521378671875 0.663777096875 0.6629250250000001 0.6572511249999999 0.6728817859375 0.656103578125 0.68217799375 0.6517192703125 0.6963568171875 0.6253727359375 0.7017166640625 0.6106975921875 0.703253371875 0.57998815625 0.71075123125 0.5618432421875 0.7146793812500001 0.525306853125 0.700845509375 0.492160653125 0.688823475 0.4773399203125 0.68134175 0.47891851250000006 0.670314659375 0.492366534375 0.659780934375 0.49653531875 0.656545609375 0.503175834375 0.6552784609375 0.5149617656250001 0.6516494984375 0.5205731953125 0.6447582281249999 0.5236954125 0.6378534640625 0.52225276875
13 0.6448098390625 0.673306821875 0.6365543359375 0.6773921125 0.62915620625 0.6852287031250001 0.625934371875 0.69643408125 0.625284665625 0.7188933640624999 0.6331169078125 0.7257804453125 0.6465328 0.727636653125 0.6569398125 0.7246464625 0.66850075 0.7156137953124999 0.67630600625 0.7133711515625001 0.6868667171875 0.7183320953125001 0.6933778453125 0.7187456562500001 0.7109996625 0.71196919375 0.7231915265625 0.71817474375 0.7586266953125 0.7473987265625001 0.7610181375 0.741571771875 0.75824919375 0.729803325 0.7355989875 0.687197334375 0.7578796156250001 0.6488143749999999 0.7612281640624999 0.6364304062499999 0.753002284375 0.628514240625 0.7422608875 0.6064724359375 0.735215915625 0.6016435203125 0.729548671875 0.6004164000000001 0.7253858671875 0.601612475 0.713444790625 0.614180921875 0.7012934015625001 0.6216699640625001 0.692404321875 0.63164821875 0.6768072984375 0.6406983687500001 0.6704498671875 0.648235940625 0.6522375984375001 0.6534687765625 0.6483417140625 0.6568725296875 0.6448098390625 0.673306821875
13 0.321632871875 0.1802226375 0.31153590000000003 0.1779839125 0.3009616984375 0.16845810625 0.2883761953125 0.161223475 0.2812314953125 0.166702878125 0.2813285828125 0.1775257421875 0.2969203234375 0.210737953125 0.30823868125 0.22975851875000003 0.313382934375 0.252266334375 0.3263729234375 0.2862260953125 0.3368635296875 0.28949389999999997 0.34752397031250004 0.2841465234375 0.3494516734375 0.2755973515625 0.35367109218750004 0.2715295453125 0.3656661375 0.2772205546875 0.3738650328125 0.27600699375 0.392487071875 0.2552369203125 0.40673335625 0.2517147046875 0.40906818593749994 0.24875947968749998 0.40736692812499997 0.24582173749999997 0.386569040625 0.2352358015625 0.3690630875 0.21513762656250002 0.365183340625 0.2019750609375 0.369853 0.1960646109375 0.37404543281249997 0.18286708125 0.3693218 0.170518075 0.3594351375 0.17335875625 0.3371031828125 0.172351078125 0.321632871875 0.1802226375
13 0.44812675 0.20441362343749997 0.449658175 0.21596655 0.44746355 0.2223080453125 0.4523004046875 0.22891359375000003 0.4729877125 0.224111803125 0.47941524687500003 0.2182673640625 0.48289050624999996 0.2047048015625 0.49003520937499995 0.19922539687500002 0.5050121546875 0.2006330765625 0.5166135656249999 0.205295 0.5282014875 0.2053920578125 0.5358369109375001 0.21176460000000003 0.544302728125 0.2127587171875 0.5521079875 0.21051607187500002 0.5528116609375 0.20631624375 0.5357398234375 0.2009417375 0.53285765625 0.19491674375 0.534391721875 0.1853384890625 0.542493528125 0.17330206875 0.5426633640625 0.16468688125 0.523369915625 0.156524146875 0.5151009171875 0.1560445734375 0.5064517765625001 0.159100775 0.49794283906250003 0.16554325 0.4857779578125 0.1684674328125 0.4677058953125 0.1770865375 0.4603077671875 0.1849231265625 0.45980090625000003 0.1896375 0.45427386875 0.191796646875 0.4512919703125 0.1960799765625 0.44812675 0.20441362343749997
13 0.3826461734375 0.229509828125 0.39078845625 0.231167996875 0.4101681421875 0.22445755156249997 0.4206452578125 0.22316049375000002 0.4437240078125 0.21253175156249998 0.45219246718750006 0.1923946859375 0.45329506249999996 0.1469615734375 0.4511731796875 0.1338650203125 0.4466463671875 0.1220305609375 0.442793603125 0.1179977203125 0.4405153828125 0.11808121875 0.43598592812500003 0.12737793749999998 0.42318747500000004 0.136195084375 0.41767392656249996 0.14291909375 0.4092189609375 0.167621021875 0.4016806234375 0.1720713421875 0.3923412984375 0.18389223906250002 0.3804999515625 0.18615236875000002 0.3765474546875 0.19242785 0.37622128125 0.2142230859375 0.38010103281249996 0.22738565 0.3826461734375 0.229509828125