13 0.30864928125 0.725141834375 0.2941646703125 0.7398949671875 0.2956766703125 0.7410000890624999 0.303368625 0.7383478765625 0.3277472140625 0.726689121875 0.358034284375 0.7162460328125 0.38041256562500003 0.692265275 0.40408291875 0.6830193421875 0.40785157656250004 0.6687081781249999 0.42030701718749996 0.667124271875 0.43681015 0.6576388484375 0.46444331562499996 0.6161236984375 0.47551115 0.59387420625 0.4814378453125 0.5880355765624999 0.495816275 0.5857886171875 0.49929524687500004 0.58350474375 0.517496971875 0.5457837421875 0.5204178796875001 0.5306805765625 0.5188103453124999 0.5236446906250001 0.51500835625 0.522244859375 0.4834625453125 0.533664121875 0.44176949531250004 0.539907709375 0.4209138671875 0.5465566500000001 0.4010455046875 0.5572024156250001 0.38246165625 0.5712003625000001 0.34962824375 0.6090870296875 0.337852171875 0.63374934375 0.32394384062500003 0.654267478125 0.3132581296875 0.700240025 0.312880475 0.7177192015625 0.30864928125 0.725141834375
13 0.502173878125 0.470286128125 0.51529356875 0.46901533906250004 0.540553240625 0.4738595859375 0.56319990625 0.4747254140625 0.5635411343750001 0.47135482656249994 0.558909603125 0.4621086984375 0.54205011875 0.4521994171875 0.5269225609375 0.42976555625 0.5155347953125 0.41851176093750003 0.4708390484375 0.3856712328125 0.43327410312500003 0.3671787765625 0.4045021203125 0.34890740937500003 0.3539752125 0.3278362734375 0.337989253125 0.32304734687500003 0.3132800828125 0.31963975 0.2888423875 0.3112591546875 0.2785374234375 0.3099329484375 0.23626809531249998 0.31041153593750004 0.2233061359375 0.3078328546875 0.20947065 0.30013381875 0.20894591875000001 0.303025521875 0.21254619687499998 0.311000765625 0.22514871250000001 0.3240043265625 0.25545090625 0.336326525 0.29466737187500003 0.3591289265625 0.3226173734375 0.38093664375 0.35360959062499997 0.3979003171875 0.3728106140625 0.41676101406250005 0.3838753625 0.42433110156250003 0.393585834375 0.42694659843749994 0.4120710640625 0.436837471875 0.43451601406249996 0.44427870937499997 0.458909725 0.45538524531249996 0.4644769734375 0.4599714953125 0.49168541093749996 0.46848103906249994 0.502173878125 0.470286128125
13 0.521567671875 0.400166959375 0.555294203125 0.4313681640625 0.5748106843749999 0.442529921875 0.5781759156249999 0.4413695796875 0.5900915 0.4199120890625 0.6059046109375 0.4057851921875 0.6110275406250001 0.39642861875 0.615101003125 0.3928554546875 0.6311491625000001 0.38786415 0.6473839109374999 0.353532140625 0.6520625171875001 0.3302327484375 0.651111675 0.3121273359375 0.64541555625 0.28589932500000004 0.636746984375 0.26611777812500004 0.6053286578125 0.228156990625 0.594972146875 0.21817408125 0.58294590625 0.21093552031249999 0.577885175 0.210511859375 0.562317765625 0.21533740156249997 0.5336488734375 0.214379440625 0.5256778859375 0.21062200781249998 0.5152516171875 0.19903668593749999 0.5074641296875 0.19575813749999998 0.4926929234375 0.192718978125 0.4692940421875 0.1969919109375 0.45032806562500005 0.187266803125 0.4321218703125 0.1837855765625 0.4289916890625 0.19408150625 0.4275827828125 0.21028979531249997 0.4304490546875 0.2163495078125 0.441671528125 0.22007012499999998 0.4598079640625 0.221948940625 0.460725471875 0.2243433546875 0.45587401562499996 0.228726928125 0.46047977500000004 0.2336447046875 0.4724362578125 0.239280853125 0.48647345625 0.24040448125 0.5118286609375 0.251179490625 0.51384718125 0.2564472015625 0.5043019953125001 0.26136488125 0.47975811718749994 0.2654904578125 0.4698459296875 0.2694503703125 0.46531749062500005 0.27751765 0.46344604843750004 0.2868374078125 0.4646941375 0.3042981734375 0.47281220468749996 0.322643075 0.4965825609375 0.360530134375 0.5097355828125 0.3749703421875 0.5221288281249999 0.38316667187500003 0.5191123890625 0.3923390703125 0.521567671875 0.400166959375
13 0.276913059375 0.380973165625 0.2779078890625 0.3963526359375 0.285555859375 0.3964263625 0.3070757375 0.39009054062500004 0.3236486265625 0.3822075296875 0.3238761171875 0.3799604703125 0.2984693640625 0.36052875625 0.25659590312499997 0.3364738828125 0.2446394234375 0.3308377328125 0.23584645625 0.3306166484375 0.2375570796875 0.3549659421875 0.2669417640625 0.3648937296875 0.276913059375 0.380973165625
13 0.2869194015625 0.31192220625 0.311540596875 0.3207816859375 0.3442647375 0.325220775 0.378185421875 0.338463925 0.39967196718750003 0.31641710624999997 0.41655275312500006 0.2894525125 0.4239838859375 0.273336359375 0.42902949531249995 0.25099473125 0.43020644375000006 0.195831275 0.43449983437500006 0.17862840625 0.44682640781250005 0.1554027390625 0.4483566203125 0.14945356875 0.44640785781250003 0.14578827187500001 0.42771782812500003 0.1722923890625 0.42027913437500003 0.177025896875 0.37363909687499997 0.181722296875 0.369015128125 0.1838588125 0.36766841875 0.190286865625 0.3615764328125 0.1885923203125 0.327670871875 0.1981144578125 0.31101001093749997 0.2114493515625 0.298947346875 0.2183193765625 0.281875496875 0.23342244218750002 0.273159853125 0.24618641718749998 0.26519642499999996 0.253811628125 0.26474901093750003 0.26968838906250003 0.25795635625 0.2817893078125 0.2529213953125 0.285694 0.253497675 0.2914590015625 0.24402980937500002 0.30936173437500003 0.2480153015625 0.3112404515625 0.2674544640625 0.3094171515625 0.2869194015625 0.31192220625
13 0.65531440625 0.916807346875 0.671248821875 0.91293956875 0.6824015390625 0.9150577765625 0.68901825625 0.9138606171875001 0.7065010953125 0.8969893765625001 0.7235547296875 0.8889406 0.7305566640625 0.881646915625 0.7467474281250001 0.8500408500000001 0.7596018265625 0.7941038953125 0.761718965625 0.7754827890625 0.7590499390625001 0.7216454375 0.75211329375 0.689339309375 0.740203884375 0.6511576375 0.736559621875 0.6459083328124999 0.727924384375 0.64183778125 0.69325148125 0.633733390625 0.6700027671875 0.6227742093749999 0.6567253484375 0.6278944656250001 0.6491213640625 0.6250947984375 0.637208865625 0.6167327078125 0.6286433890625001 0.61426456875 0.620033925 0.61452236875 0.6098866890625 0.60934669375 0.5660098312499999 0.6027893953125 0.5545158859375 0.604041775 0.5465524578125 0.6116669875 0.5461672421875 0.6177635140625 0.5799195453125 0.6532930734375 0.5970216421875 0.6837205828124999 0.596992778125 0.7092118125 0.59479831875 0.714847865625 0.5946223765624999 0.7257516296875 0.5885637265625 0.739768078125 0.5793673328125 0.752697815625 0.5769711578125001 0.7649092765625001 0.5731509546875 0.7705637359375 0.5980920796875 0.8129265046875 0.6065771515625 0.8322291703125 0.6025036859374999 0.8358023343750001 0.59545020625 0.834439315625 0.591123484375 0.8359311843749999 0.5802058140625 0.842948565625 0.5702754125 0.85396276875 0.569934184375 0.8573333562500001 0.5835603953125 0.8602251609374999 0.60839086875 0.8738918734375 0.626498440625 0.9012619171875 0.6374054578125 0.912681475 0.65531440625 0.916807346875
13 0.31406018750000003 0.8045993625 0.32365691875 0.8083383875000001 0.34847983125000004 0.8106224578125 0.360201265625 0.8071230203124999 0.3799998703125 0.794874840625 0.3963012859375 0.791964828125 0.4147274078125 0.7818163515625 0.4250248109375 0.7717599109375 0.43822490937499997 0.7536545984374999 0.44700275468750006 0.7311103937500001 0.44941714062499993 0.7118446390625001 0.4277866078125 0.68948440625 0.4044499234375 0.68397710625 0.3870732671875 0.6883421765625 0.3769335921875 0.694549146875 0.367553696875 0.7069999984375 0.3556305484375 0.7170748484375 0.321978246875 0.7286782828125 0.2971189125 0.7405027984375 0.2960179 0.737629503125 0.305904315625 0.7293412375 0.3107997578125 0.7222317203124999 0.31363269374999997 0.7125804375 0.30267104218749996 0.72232375625 0.2896211109375 0.72519695625 0.27869588125 0.7208316921875 0.2765454046875 0.723741803125 0.268189203125 0.726080896875 0.2501558578125 0.741515490625 0.24546213125 0.7420495953125 0.24007837968749998 0.737942228125 0.2368526640625 0.7423073953125 0.23649322499999997 0.752732275 0.23986601406250002 0.762954575 0.24685729687500002 0.774097828125 0.253639303125 0.7804338453125 0.2669682671875 0.7839702921875 0.2758567640625 0.7901221406250001 0.3008191921875 0.7956110328125 0.31406018750000003 0.8045993625
13 0.1432334 0.4823661859375 0.1666398421875 0.48947589531249996 0.2040137265625 0.4961068234375 0.25768146718749996 0.48844509062499997 0.2660816546875 0.48338005781250004 0.2784264421875 0.4531000953125 0.28899531875 0.43807065781250004 0.29278974999999996 0.428087846875 0.31153132656250004 0.4102404328125 0.333366665625 0.396205671875 0.3344858859375 0.392024675 0.32463589531250003 0.38620435625 0.323534884375 0.383331059375 0.290477075 0.3936451984375 0.28012812343750004 0.3950449359375 0.278432621875 0.3934609328125 0.2786085640625 0.38255716875 0.2765900421875 0.3772894578125 0.267352753125 0.363125553125 0.210968909375 0.34949545937500004 0.19653893281249998 0.3430857140625 0.1647838484375 0.34969774375 0.1332638109375 0.3654453578125 0.11886716875 0.3747466078125 0.10122660000000001 0.395467321875 0.10175889375 0.4039582640625 0.1081299125 0.412062453125 0.1106989375 0.4187668140625 0.1096494734375 0.42455021875 0.1117453125 0.4428029875 0.1076976203125 0.45070450468749995 0.10774916875 0.4593612109375 0.1432334 0.4823661859375
13 0.22828816562499998 0.2242496484375 0.251885671875 0.2432208890625 0.26576514375000004 0.24819398593750003 0.2738241 0.24649953593750001 0.28691045625 0.22951775156249998 0.32593138593750004 0.19925639687500002 0.3281880421875 0.1838401109375 0.3235307390625 0.1702656296875 0.3075994140625 0.144313825 0.271810378125 0.11057085156249999 0.25405915625 0.10259550937499999 0.24593044062499997 0.10268754375 0.2361941921875 0.0957436953125 0.21100427656249998 0.09250186406250001 0.2071583 0.09382796875 0.19157267656250002 0.10570780625000001 0.16840884375 0.1191163265625 0.16536663125 0.1239603765625 0.1656896484375 0.12764408437500002 0.17054866562499998 0.134643153125 0.184593428125 0.147149425 0.20307556718750003 0.1868598796875 0.22828816562499998 0.2242496484375
13 0.6267592625 0.9147258578124999 0.6161828265625 0.91837265 0.60611290625 0.92618203125 0.57091974375 0.962171571875 0.5614261046875 0.9757459562499999 0.5572611796875 0.9864427671874999 0.6218435484375 0.9738892265624999 0.6495756859374999 0.9643270875000001 0.653535409375 0.96187745 0.6553446515625 0.9623379265625 0.7462827859375001 0.930982134375 0.7047069703125 0.9192941906250001 0.6766765593749999 0.914320996875 0.6704708296875 0.9137499765625 0.6535749203125001 0.9179492843749999 0.6392844609375 0.9147443609374999 0.6267592625 0.9147258578124999
13 0.7683604015625 0.535728971875 0.7708414546875 0.5478852109375 0.7765739984375 0.5600046359374999 0.78012273125 0.5593231765625 0.7898954015624999 0.552158440625 0.8065486999999999 0.5274409015625 0.8177196296875 0.5225048171875 0.825499553125 0.514400721875 0.8304829671875 0.501839328125 0.828456884375 0.4851889734375 0.8151749953125 0.449107 0.8091816328125001 0.42352363750000005 0.8026528859375001 0.41926891250000003 0.7949533703125 0.41053848125 0.774916628125 0.44347065468749997 0.7712435015625 0.4637125828125 0.774352384375 0.4902905265625 0.773556178125 0.4981552296875 0.7706534828125 0.5062041015625 0.7608368249999999 0.5160947796875 0.7593066125 0.5220439484375 0.7683604015625 0.535728971875
13 0.5792250546875 0.6074493734375 0.60958944375 0.6099913390625 0.62338094375 0.62041631875 0.6624943156249999 0.62590530625 0.6653272515624999 0.6162540234375 0.66869248125 0.615093678125 0.6693309562499999 0.611078446875 0.6806853875 0.6066212421875 0.6807036 0.59956695 0.6826265890625 0.5989038984375 0.6856066015625 0.60384008125 0.6894525812500001 0.6025139734375 0.6917865562500001 0.6000827453124999 0.6909130328125 0.5949623890625 0.6933607546875 0.5914076328125 0.6971627453125 0.59280746875 0.701008721875 0.5914813624999999 0.7124511234375001 0.581572278125 0.7170493203125 0.5751074093749999 0.71569505 0.57015281875 0.70311074375 0.5500949640624999 0.6849409718749999 0.532505153125 0.6783682390625 0.5309763703125 0.667486996875 0.523885165625 0.646781534375 0.515301990625 0.627125534375 0.500935409375 0.6112533171875 0.49502295468749996 0.6045410703125 0.49028934843750005 0.58887365625 0.4479819015625 0.5864441484375 0.444482365625 0.58433765625 0.4446665375 0.5805174531249999 0.45032099687500005 0.5806569703125 0.4535258203125 0.5890282953125 0.4739520171875 0.5867458625 0.485039946875 0.5920674171875 0.49892754687499996 0.5877922375 0.509076121875 0.5826435390625 0.5141043437499999 0.5820050609375 0.5181195749999999 0.5701516734375 0.529796834375 0.5566543265624999 0.5485467921875 0.5521956484375 0.5582164828125 0.5489774953125 0.5739642953125 0.5419937765625 0.5742036890625 0.539685571875 0.5809632687499999 0.5289514046875 0.5884595296875 0.52867993125 0.5934325296875 0.5325516828125 0.596434775 0.5442549031249999 0.5999896312499999 0.5551028140625001 0.5913698390625 0.5618408359375 0.6004317968749999 0.5792250546875 0.6074493734375
13 0.6527192046875 0.3191632203125 0.6573689484374999 0.321355059375 0.6646499125 0.32047102031249997 0.694639740625 0.31067257656249997 0.7197963203125 0.29820341250000004 0.748310571875 0.27319126250000003 0.761694171875 0.25556483124999996 0.7710482921875 0.2387856265625 0.7704022562499999 0.2314182125 0.7645119859375 0.22314825625 0.7418137765624999 0.2136257234375 0.7062309250000001 0.2145095671875 0.6874742265625 0.20959169375000003 0.6771434875 0.2039371375 0.660379534375 0.19995861875 0.6278646671875 0.20032676249999998 0.5998858 0.204010275 0.591232353125 0.206994015625 0.5906636359374999 0.2126116578125 0.6158246890625 0.2413447234375 0.6377342515625 0.2701146015625 0.647390090625 0.29389297812500004 0.6527192046875 0.3191632203125
13 0.70267121875 0.4054911671875 0.707706175 0.4015864765625 0.7132294421875 0.4088986671875 0.7348963984375 0.4171503140625 0.739171578125 0.407001740625 0.7399677812500001 0.39913703749999996 0.746698240625 0.3968163515625 0.7697923171875 0.3818054171875 0.8145822140625001 0.349554903125 0.8081263140624999 0.31708300624999997 0.8042727765625 0.3070264671875 0.7876514296875 0.27643319375000003 0.7820841765625001 0.27184694375 0.7763152109375 0.273836103125 0.7389351484375 0.32684434218749997 0.6976575609375 0.372521984375 0.6941239515625 0.3959687328125 0.6991664703125 0.40344668749999996 0.70267121875 0.4054911671875
13 0.66159534375 0.4445934 0.6787627265625 0.435421096875 0.6922494203125 0.4351080734375 0.7015671171875 0.4324374515625 0.706121328125 0.42869852656249996 0.7086130328125 0.42241782812500006 0.7066824828125 0.4116982390625 0.701823465625 0.404699165625 0.6932140015625 0.404956965625 0.6911514984375 0.40241519531250003 0.6954524484375 0.3965949734375 0.6966778546875 0.3799078046875 0.69969429375 0.3707354015625 0.7088906859375 0.357805665625 0.7383406546875 0.328133634375 0.771122521875 0.281590265625 0.7572945984375 0.2852738703125 0.737488434375 0.2861394046875 0.7063611734374999 0.3071731375 0.6800595953124999 0.3194949453125 0.6535487453125 0.32700951875 0.651214765625 0.3294407453125 0.6509250828125 0.3414680359375 0.64596744375 0.3583577828125 0.646543721875 0.364122784375 0.6712724828125001 0.4314978984375 0.6670852765624999 0.4361945921875 0.6257667953125 0.454778590625 0.66159534375 0.4445934
13 0.537328584375 0.7211097640624999 0.5523712625 0.7191759234374999 0.5625185 0.7243515984375 0.57909895 0.7278512312500001 0.5791429359375 0.7251252890625 0.5511080515625 0.67894986875 0.5353935640625 0.6691879468749999 0.5143468703125 0.6639753578125 0.4950836484375 0.654894896875 0.48449965156249997 0.64715904375 0.4784076671875 0.6454644953125 0.46296465 0.6307295734375 0.460509365625 0.6229016890625 0.45810563125000003 0.6237305046875 0.4519772234375 0.63614454375 0.454895040625 0.6508609609375 0.46616905937500003 0.6632382828125001 0.473211890625 0.683038240625 0.4790763875 0.6869798453125 0.48650443125000004 0.700683271875 0.5018519140625 0.70948743125 0.52150035 0.71247136875 0.5283961015624999 0.7176838578125 0.537328584375 0.7211097640624999
13 0.2707344734375 0.6261606328125 0.2946034515625 0.6401588703125001 0.3166374125 0.6493682859375001 0.325980884375 0.6510260171875 0.3364360171875 0.6371201078125 0.34784508281250004 0.611500025 0.36267092343749996 0.5933763062499999 0.3639478765625 0.585345840625 0.36173829375 0.5682166046875 0.3534549375 0.542338525 0.35054468125 0.539004753125 0.3203637921875 0.536941671875 0.317156290625 0.53425254375 0.3064403390625 0.5346945140625 0.307122796875 0.527953340625 0.302307765625 0.5182283296875 0.3039517203125 0.511155628125 0.2917419796875 0.503438184375 0.2805892640625 0.501319978125 0.2723468015625 0.50253554375 0.2567429671875 0.521469671875 0.2291826515625 0.53476765 0.2243494046875 0.5320969328125 0.21304961093750002 0.5153912593750001 0.21444030625 0.5062372640625 0.2215559828125 0.4978200484375 0.219974225 0.4951125171875 0.2103592828125 0.4984277828125 0.1905864515625 0.5150043140625 0.16588484375 0.5229793609375 0.1628684046875 0.5321517625000001 0.15433626250000002 0.54539461875 0.1515033265625 0.555045903125 0.14527938437500001 0.56152918125 0.1456721609375 0.5668152953125001 0.1425859625 0.5743852875 0.14508523125 0.5794872343749999 0.1915826609375 0.60140559375 0.23476949687499998 0.6033214171875 0.2528877203125 0.612254528125 0.2707344734375 0.6261606328125
13 0.8174069359375 0.672247375 0.8270991984375 0.681917165625 0.8319839890624999 0.6932445875 0.835899725 0.6935208937499999 0.8320901718749999 0.6807384125 0.835902815625 0.6637013109375001 0.8294135828125 0.6155184203124999 0.8282641156249999 0.5741688375 0.8239995890625 0.5658804734375 0.8184656703125001 0.5770052203125 0.800274596875 0.5962892828124999 0.8034199015624999 0.60875864375 0.8035638890625 0.6531656921875 0.8174069359375 0.672247375
13 0.8869029093749999 0.6732240390625 0.913340915625 0.6939266390625 0.9284427000000001 0.712032146875 0.93478794375 0.7158079859375001 0.9412393703124999 0.7070776546875 0.9419658171874999 0.697610540625 0.9397380234374999 0.6875355953125 0.9324494953125001 0.677036990625 0.9088777625000001 0.662394103125 0.88707885 0.662320275 0.8849981343750001 0.6668327984375 0.8869029093749999 0.6732240390625
13 0.560760475 0.9044110296874999 0.5924791359375 0.9119075859375 0.6082558234375 0.9118892765625001 0.6178707640625001 0.9085740093749999 0.622835965625 0.9030669078125 0.6292691796875001 0.9013908671875001 0.62883241875 0.8988306906249999 0.6120791156250001 0.8764152359375 0.5997996171875 0.8670953796875001 0.5836999125 0.8634299828125 0.5620405171875 0.8665609796875 0.558719271875 0.864995384375 0.5511410578125 0.8665240671875001 0.5408360937500001 0.865197865625 0.5368248265625 0.85899079375 0.5385567546875001 0.8464662140625 0.5193375171875 0.834659809375 0.5103792609375 0.82690555 0.49579155625000004 0.8243452765624999 0.4779083796875 0.824547753125 0.47823139843750007 0.8282314609375 0.49099920781249995 0.8487681968749999 0.5163437625 0.8779801453125 0.5380622671874999 0.8948884953125 0.560760475 0.9044110296874999
13 0.209606021875 0.090273209375 0.23674469843749998 0.09718034375 0.24629744374999998 0.1036453109375 0.2534646671875 0.10388480156249999 0.2708488828125 0.11090237812499999 0.29469965 0.1319549109375 0.311427178125 0.1500420140625 0.32110123125 0.1667660921875 0.3269732890625 0.18209034531249998 0.326525875 0.19796710312500002 0.3228194140625 0.20249803281249998 0.32355342187499997 0.204413565625 0.35324600156249997 0.1952597671875 0.37692391875000003 0.197396478125 0.37726515 0.1940258921875 0.3628276125 0.176233503125 0.35481572968749997 0.145382428125 0.34644440312499997 0.12495623125 0.325224859375 0.1008278265625 0.3024311171875 0.0853745296875 0.23054587031249998 0.051875645312499996 0.188828625 0.0622769234375 0.18824696093749999 0.06293998281249999 0.1901775109375 0.0736595734375 0.194827253125 0.07585140781250001 0.196365025 0.081284884375 0.1997560296875 0.08445289218749999 0.209606021875 0.090273209375
13 0.4534500375 0.50931463125 0.4553472515625 0.504323225 0.45821352187500003 0.5103829375 0.47071294531249996 0.5060730921875 0.5007209875 0.48922035468749997 0.5033522078125 0.48614447812500006 0.5026182015625 0.48422895 0.487645278125 0.4877652 0.4644223390625 0.4811343734375 0.46075986249999995 0.48293936249999997 0.4594571390625 0.48664147656249995 0.45551563125000005 0.48203681718749997 0.4120648828125 0.4964766375 0.388867715625 0.4941741609375 0.357828425 0.5097560125 0.3253651046875 0.5187808625 0.31177222968749996 0.5316000562500001 0.33460239375 0.5329447671875001 0.3394098671875 0.5312871343750001 0.3360188625 0.528119125 0.337574846875 0.5264983062499999 0.35289655937500003 0.5309741109375 0.36450425000000003 0.5285982046875 0.376067953125 0.5289482359375001 0.39751807499999997 0.5210100015625 0.41617924375 0.5199971140625 0.42565467031250004 0.513477021875 0.43623110625 0.5098302296874999 0.45104629999999996 0.5101434499999999 0.4534500375 0.50931463125
13 0.45997431093749996 0.47236712656249996 0.4629800984375 0.4816316625 0.4749108046875 0.4829394609375 0.47923753125 0.48144759062500003 0.4837401953125 0.46905195781250003 0.48112718593750003 0.4650735390625 0.46887345937499997 0.46008203593749997 0.4654384703125 0.4596399671875 0.46099800156250004 0.4622553671875 0.45879597812500006 0.456508775 0.443334753125 0.44882814375 0.4057667140625 0.46015527343749996 0.3688886984375 0.47612387343749996 0.356965553125 0.48619872031250005 0.34182425156249996 0.512021378125 0.3437032578125 0.514084265625 0.361674403125 0.5084299046874999 0.38598323125 0.4951687390625 0.411103390625 0.4968081609375 0.44512269375 0.48616249375000004 0.45617988125000003 0.4823499375 0.4580513203125 0.47303017968749994 0.45997431093749996 0.47236712656249996
13 0.38702956875 1 0.387562521875 0.9997318015625 0.40761140625000003 0.96209676875 0.4094212203125 0.9289434453125001 0.3720988828125 0.930969221875 0.3441841625 0.9622805124999999 0.324954278125 0.9689110453125 0.3337502234375 0.9966002796875 0.3316392015625 1 0.38702956875 1
13 0.7586839390625 0.4579229390625 0.775467134375 0.4449073046875 0.8264638953125001 0.346000209375 0.74589951875 0.4008868375 0.713935615625 0.4263655671875 0.6808949890625 0.4395652765625 0.6242820578125 0.471735896875 0.6061289000000001 0.49064545 0.63934135 0.5063014234375001 0.674388815625 0.5267462234375 0.7147947203125 0.5706439703124999 0.7288986984375 0.5459018625 0.7420977671875 0.5377364078125 0.740090928125 0.5040918999999999 0.7687032296874999 0.48880472656249996 0.7586839390625 0.4579229390625