7 0.48578596406249996 0 0.46769017343749997 0.0041777421875 0.5282353609375 0.2786781203125 0.5298878640625 0.2797107203125 0.5615953874999999 0.3006726515625 0.5906178093750001 0.3222544875 0.6217071562500001 0.35891434218749996 0.641122778125 0.35726010937499997 0.6801612375 0.36097435624999996 0.6809831703125 0.3155330953125 0.6790155328124999 0.25800886875 0.681589259375 0.171154 0.6803408109375 0.073868671875 0.6894235375 0.015207378125 0.6770306234375 0.016654398437500002 0.6765392218749999 0 0.48578596406249996 0
7 0.7565001796875 0.5568806578125 0.762694046875 0.528582609375 0.759698990625 0.5278599625 0.7138415796875 0.49460958593750004 0.678416353125 0.4759200640625 0.6227483890625 0.4491769609375 0.594655825 0.43162277812500005 0.5617154 0.47882274062499997 0.5341451828125 0.5247828921875 0.5027545203125 0.5786956125 0.4646511015625 0.6341580921875 0.42789023281249994 0.689310621875 0.3768784640625 0.7562378859375001 0.343422603125 0.8134556125 0.39867787187500003 0.8445363218749999 0.44412258906249996 0.8821243046875 0.49163250312500006 0.9164072828125001 0.5372827046875 0.9426349500000001 0.57187390625 0.8780845625 0.6039872140625 0.8211767875 0.641366259375 0.7503263390625 0.6763701546875 0.6814383453125 0.7565001796875 0.5568806578125
7 0.1244339046875 0.336550296875 0.0963499765625 0.41091123749999997 0.10580352343749999 0.451859053125 0.11701231875 0.488159309375 0.22586690156250003 0.5125220828125 0.3057007890625 0.5336860421875 0.27584952500000004 0.48401337031249997 0.2477535078125 0.42969313906249995 0.22182715625 0.384770765625 0.1999284578125 0.3389185375 0.2300827640625 0.3164016625 0.2966747984375 0.28020884687500003 0.2965887015625 0.279835915625 0.24618820000000002 0.257533159375 0.217992896875 0.245659134375 0.1909329296875 0.22645244843749998 0.1667652796875 0.2136485671875 0.141881890625 0.277371840625 0.1244339046875 0.336550296875
7 0.37714178125000003 0.261238771875 0.3540067296875 0.24678238593750002 0.3502890265625 0.24905479375 0.28378309218750003 0.2856205421875 0.23948062499999997 0.3142319953125 0.1981732140625 0.34356609531250004 0.24093628125 0.41854003281249996 0.274609715625 0.47864316406249996 0.301155971875 0.5262506390625 0.3330741609375 0.5910013281250001 0.3595073125 0.5339908140625 0.399263234375 0.47956092968749997 0.43467636875000004 0.36956928125 0.5073865328125 0.415003634375 0.474127521875 0.368945921875 0.43653090156249996 0.322475515625 0.404306215625 0.29314832343749997 0.37714178125000003 0.261238771875
5 0.367743921875 0.2634084375 0.3886048390625 0.2557640953125 0.38478439531249997 0.2637166625 0.4141184953125 0.3050240734375 0.44531058437500004 0.336003771875 0.47020260937499997 0.364195621875 0.5061467234375 0.4096334296875 0.539506753125 0.4316279609375 0.580302184375 0.44907767343750005 0.589285621875 0.4328625875 0.5985807390625 0.43637307812500004 0.6476386875 0.4589857859375 0.661682378125 0.44018834062499995 0.672109384375 0.39960012031250003 0.6556870875 0.3835939734375 0.6138573296875001 0.3494137390625 0.5675854984375001 0.30211794531249997 0.52327785 0.2755803234375 0.48361776093750003 0.25079795 0.43807030156250004 0.21889012343749997 0.42154526406250004 0.208564134375 0.3840531125 0.17479659375 0.3543115 0.1929758640625 0.340784971875 0.22013856875 0.343884496875 0.2335640828125 0.367743921875 0.2634084375
5 0.683259034375 0.3560168453125 0.666634709375 0.3881370625 0.66911778125 0.435643525 0.6530088921874999 0.4577459765625 0.6497038859375001 0.4556807796875 0.6757312515625 0.47653996875000004 0.700311596875 0.48500624531250003 0.7580447609375 0.508444340625 0.7634115109375 0.4704384828125 0.78045025625 0.45236368125000004 0.7936651046875001 0.4054753984375 0.7987201765624999 0.3477439625 0.8048078468750001 0.288360025 0.8089296078125001 0.1898348859375 0.8227678140625001 0.1823977578125 0.82431239375 0.13396144062499998 0.7910568359375 0.12466977500000001 0.755530596875 0.1300434359375 0.7440709937500001 0.172284159375 0.758633575 0.1802349984375 0.7535750484375 0.201200384375 0.731477778125 0.24024056875 0.7054573203125 0.292913478125 0.683259034375 0.3560168453125
7 0.5536618203125 0.4990654796875 0.580302184375 0.44907767343750005 0.578649678125 0.4480450734375 0.535891790625 0.42822020937499994 0.50243593125 0.48543793593749995 0.4635088515625 0.5679586546875 0.43108731718750004 0.641906903125 0.3981486203125 0.7074898890625 0.37058012812499996 0.771833065625 0.41394928281250004 0.702427909375 0.4750798328125 0.6119528984375 0.5121506515625 0.55814291875 0.5536618203125 0.4990654796875
7 0.52752653125 0.42873737500000003 0.5264939328125 0.4303898765625 0.5234988765625 0.42966723125 0.4726839546875 0.3933190578125 0.437671425 0.3702919265625 0.41340794062499997 0.43670030156250006 0.3839831890625 0.529754221875 0.3649871671875 0.6006029453124999 0.34723095625 0.676821871875 0.40620219999999996 0.6872471515624999 0.4257171125 0.6431467125 0.4599983609375 0.5772537734375 0.48106130625 0.5214830671875 0.5278364843750001 0.4300799234375 0.52752653125 0.42873737500000003
7 0.5057115765625 0.174991715625 0.46326537187500005 0.174892428125 0.429804328125 0.1769610796875 0.4167932375 0.19410602187499998 0.4133854875 0.19772098124999998 0.44271785937499997 0.22064537031250003 0.46616286406249996 0.23644430624999999 0.5100578203125 0.2673195328125 0.5218291015625 0.24480438593749998 0.5057115765625 0.174991715625
7 0.3828616640625 0.6841510796875 0.34619835781249997 0.6784743765625 0.37458878281249997 0.5686899375000001 0.39534005 0.49319365625 0.3911051859375 0.48710080468749994 0.3399924 0.5780912515625001 0.2987929125 0.6568942671875 0.26058847812499997 0.73641993125 0.229610509375 0.7859950437500001 0.231162 0.8110908265625 0.221353171875 0.835981121875 0.3486952484375 0.873045034375 0.38845808125 0.892147253125 0.4018801390625 0.8522816796875 0.387110346875 0.83730813125 0.3418728421875 0.80674285625 0.3602541390625 0.7883581046875 0.38018174375 0.7399200593749999 0.40485964843750005 0.687557103125 0.3828616640625 0.6841510796875
7 0.6400427078125001 0.9528495609375 0.6414862734375 0.9284764265625001 0.5595854609375001 0.8922344484375 0.5359401546875 0.9429449015625 0.47149250625 0.9026735421875 0.4130475203125 0.8572473796875 0.40364229375000005 0.92116621875 0.421715365625 0.9198219390625001 0.42171882031249996 0.9565879890625 0.6400427078125001 0.9528495609375
7 0.6604892015625 0.931159803125 0.692393575 0.8488462953125 0.71954764375 0.7704576984375 0.7660094156249999 0.6409459578125001 0.8027651015625 0.530644353125 0.7384738703125 0.5063634593749999 0.7656890984375 0.52930525625 0.751439925 0.55946301875 0.7138536703125 0.623290759375 0.6800878578125 0.6791659343750001 0.633312678125 0.7705690765625001 0.5672280734374999 0.894712340625 0.6604892015625 0.931159803125
7 0.686405190625 0.865784025 0.67370750625 0.9210375703125001 0.6754627515625 0.9163900078125 0.7021065671875 0.9031682515625 0.7295774984375 0.8996543078125001 0.7833822968749999 0.8815760546875 0.8566027140625 0.86184356875 0.8268524656249999 0.7881077140625 0.788322534375 0.7008436031249999 0.7737564984375 0.6561267156249999 0.7606392109375 0.6421857671875 0.745876328125 0.7007443171875 0.72533054375 0.764880284375 0.7049902453125 0.8176559343750001 0.686405190625 0.865784025
21 0.809786084375 0.51205411875 0.7808681328125 0.50317515 0.7887145015625 0.47590970156249995 0.7799348203124999 0.46238144531250003 0.77600990625 0.45763114531250004 0.7581457734375 0.4843811578125 0.75298450625 0.5110267015625001 0.799357353125 0.5342593140624999 0.7931634843750001 0.5625573609375001 0.7967801734375 0.584348134375 0.781291190625 0.609135690625 0.7649768156250001 0.642598459375 0.7918295718749999 0.6547824375 0.7730338531250001 0.659121771875 0.7889424390625 0.7035287078125 0.8080515640625 0.7372979734375 0.8186926874999999 0.7772645625 0.8580393718750001 0.7639383359374999 0.8700161375000001 0.730062871875 0.8716651859375 0.694329421875 0.8561710218749999 0.6639679046875 0.8620549359374999 0.6343273046875 0.85967633125 0.5995237125 0.841187109375 0.5684395484375 0.8213570640625001 0.556048359375 0.809786084375 0.51205411875