0 0.5331654218749999 0.630028634375 0.596245409375 0.679574759375 0.6008752734375 0.6819845359375 0.6066150859375 0.6817714859375 0.64703335 0.6551561640625 0.678929040625 0.626594275 0.7059031625000001 0.597960084375 0.7230257203125 0.5830459078125 0.7416552328125 0.5635818484375 0.7565094593749999 0.5467758078125 0.77844459375 0.5158745171875 0.778618878125 0.51134223125 0.7684234890625 0.50461321875 0.760529084375 0.489480225 0.74276731875 0.470633878125 0.7328273046875 0.4562142484375 0.7264556453125001 0.45396474218750005 0.7142630875 0.4550866125 0.7017630359375 0.44111260156250004 0.6925517453125 0.4434305625 0.65463296875 0.4606783734375 0.6307538515625 0.4770544734375 0.6156284640624999 0.48411777031250003 0.6067246703125 0.5015316203125 0.591226490625 0.5140907234375 0.50995186875 0.593408871875 0.5117542140625 0.6021705015625 0.5168416390624999 0.61157511875 0.5331654218749999 0.630028634375
9 0.704252428125 0.6870715484375001 0.7324249484375 0.6839541703124999 0.7445243078125 0.6842062531249999 0.7849583625000001 0.6750242937500001 0.8120014624999999 0.6414473953125001 0.8205203546875 0.6277449796875 0.8201923234375 0.6247293218750001 0.809879515625 0.6158055046875 0.7876416328125 0.6020973203125 0.7569296203125 0.5935800859375 0.7352182765624999 0.5819240359375 0.7272222421875 0.5820296 0.7220089703125 0.5842947796875 0.699770021875 0.615749171875 0.6898010359375 0.6272743765625 0.66592191875 0.6436504765625 0.654887746875 0.6492870374999999 0.6511245640625 0.6537294296875 0.655146803125 0.6572454078125001 0.67889164375 0.6664037109375001 0.6949805890625 0.680467615625 0.6974716515625 0.6849647109375 0.704252428125 0.6870715484375001
9 0.6803844765625 0.4029586171875 0.68345894375 0.40278075625 0.6872705625 0.40547587968750004 0.68972529375 0.4046198375 0.6935937828125 0.400587871875 0.7199565984375 0.3574109 0.7327652125 0.34131822500000003 0.7371118046875 0.33220087343750004 0.746590578125 0.323976675 0.7463678515625001 0.32137144375000004 0.7386393015625 0.315570771875 0.7157369250000001 0.309695875 0.6185182 0.2452259640625 0.5992858078125 0.23628263125 0.555614040625 0.2971216859375 0.5454949921875001 0.3167479328125 0.5464427609375 0.3204417703125 0.5551069734375 0.32815190156249996 0.5622194656249999 0.3489233796875 0.6081332078125 0.3767325765625 0.61896044375 0.385924146875 0.66444084375 0.410307259375 0.6803844765625 0.4029586171875
9 0.556628178125 0.23506125312499998 0.5808279656249999 0.1904028453125 0.5956785109375 0.157947815625 0.5944269265625 0.15480707968750002 0.590311490625 0.1526650546875 0.55600308125 0.1382475875 0.42951099375 0.18235931875 0.42267328437499996 0.19592260156250002 0.40404270000000003 0.2605492328125 0.3996029125 0.27104053437500003 0.3998050984375 0.28572599374999996 0.397795821875 0.291792496875 0.40137628750000004 0.3057469921875 0.4061720078125 0.31748909375 0.4162173296875 0.3323191453125 0.4257808734375 0.3365855984375 0.47149243125 0.3497093390625 0.49236973749999996 0.344217371875 0.50708600625 0.33729675000000003 0.514122159375 0.331712971875 0.556628178125 0.23506125312499998
9 0.44700247812500005 0.5026793609375 0.4611111171875 0.4968649375 0.47671828437499997 0.5003652421875 0.48091480625000005 0.49934893281250003 0.5210776984375001 0.48042422812499996 0.5383661109375 0.4748423703125 0.5450984531249999 0.469811690625 0.5421945906250001 0.449808284375 0.53005996875 0.399040490625 0.5202747703124999 0.3470062328125 0.5151631265625001 0.3340328546875 0.5056480234375 0.3369039171875 0.49144618749999996 0.3440922921875 0.4511416625 0.35725343593750003 0.3749760734375 0.3887334015625 0.386114484375 0.428669840625 0.40867932968750004 0.4905562578125 0.4199483375 0.48930930625 0.440736128125 0.5008402765625 0.44700247812500005 0.5026793609375
9 0.41096760625 0.6766671750000001 0.4138556765625 0.679237215625 0.417339265625 0.6789166828125001 0.4583567265625 0.665059765625 0.5185907921874999 0.64271281875 0.521944853125 0.6384131015625 0.5202235984375 0.6264931421875 0.510000309375 0.6005463859375 0.503949321875 0.57001456875 0.496876840625 0.570245209375 0.49099539375 0.5646946953125 0.48962271093750004 0.5437101703125 0.49165620624999995 0.541212425 0.49515190468750003 0.54267626875 0.49616865312499997 0.541427396875 0.48974487499999997 0.5163913859375 0.4862128484375 0.50957440625 0.47531663281250003 0.505325546875 0.47133072656249997 0.50716270625 0.46578942031250004 0.50641223125 0.4113641453125 0.5236034171874999 0.3884533375 0.531593128125 0.38458484843749996 0.535625090625 0.38472648593750003 0.5413886578125 0.3906769109375 0.5419964625 0.39212700312500004 0.544173671875 0.3969953828125 0.5666220421875 0.3934670359375 0.5754540453125 0.3863497921875 0.5841961578125 0.3855557703125 0.5880502625 0.41096760625 0.6766671750000001
9 0.2524870265625 0.588846125 0.272943103125 0.58171245625 0.28042470937499997 0.5813391390625 0.2877888984375 0.5787710171875 0.2928968625 0.5760954109374999 0.293387071875 0.5727944046875 0.29039369375 0.5698139359375001 0.265305140625 0.5137262703125 0.2602540453125 0.5096747875000001 0.24864489375 0.5061217046875 0.2414876421875 0.4938616921875 0.23695097656250003 0.49007796406250004 0.2301012171875 0.4929138375 0.209482965625 0.5063641718749999 0.168489721875 0.5237898453125001 0.138692825 0.529262296875 0.1173132 0.5362708875 0.1056350703125 0.5376605109375 0.0988906203125 0.5409068140625 0.10035281874999999 0.5448684015625 0.1048894859375 0.5486521328125 0.12619170468750002 0.5604508578125 0.128905490625 0.567553184375 0.1376750109375 0.5756737421875 0.1469141984375 0.592573521875 0.15184787500000002 0.5944302015625 0.1645427546875 0.5917917015625 0.1781975125 0.5946314218750001 0.1889073328125 0.6016281859375 0.1935250875 0.6022535828125 0.1946713625 0.6049838953125 0.19785113906250001 0.605216459375 0.2287337578125 0.593552428125 0.2524870265625 0.588846125
17 0.2550424765625 0.5079155421875 0.261009946875 0.5096574265625 0.2653188390625 0.5126118734375 0.2735624375 0.484229384375 0.2820561296875 0.4447828921875 0.28477171874999996 0.4323670953125 0.2827833328125 0.4298110265625 0.2774354390625 0.42899995 0.274290321875 0.43009674843749995 0.2726780921875 0.43123243125000005 0.25641897187499996 0.504377175 0.2550424765625 0.5079155421875
17 0.71492715625 0.3109186109375 0.7208128671875 0.3124690921875 0.725592828125 0.3127599390625 0.7767635109375 0.2179299609375 0.7763024421875 0.214487746875 0.771922628125 0.2130479375 0.768517425 0.21211601875000002 0.763735746875 0.21569101875 0.71492715625 0.3109186109375
0 0.2641535203125 0.736808828125 0.2743936703125 0.735026371875 0.2833859125 0.7457521625 0.286249765625 0.744753446875 0.29979553281250004 0.73153375625 0.3038504203125 0.7247538859375 0.3102668375 0.7184919265625 0.31380729375 0.7114442999999999 0.32409220156249996 0.7011503765625 0.327936471875 0.69354965 0.3261462390625 0.686572403125 0.33113678593749996 0.6817019906249999 0.3350621421875 0.6709429359375 0.3444598296875 0.6658770671875 0.3556561796875 0.65392384375 0.3394861421875 0.6430182703125 0.338396734375 0.63356086875 0.3406287375 0.6300995984375 0.3568277421875 0.6150603390625 0.36450785625000004 0.6137234968749999 0.3678171546875 0.617935246875 0.375813190625 0.617829684375 0.38399562187499997 0.6149762156249999 0.3862155171875 0.6097305625 0.3852314171875 0.6006835875000001 0.3763444796875 0.590368225 0.3719578796875 0.5784834515624999 0.36765605 0.5790893359375 0.36117908125 0.5764294015625 0.355249196875 0.5637413703124999 0.3500117 0.5624377921875 0.342133084375 0.5647381625000001 0.3361826578125 0.56413035625 0.3250394984375 0.5537075078125 0.3209482828125 0.5551342406249999 0.3108739921875 0.5662490203125 0.305871334375 0.5693350546875 0.261705678125 0.6178261328125 0.24722424843750002 0.6291363640625 0.24257384375000002 0.6388068140625001 0.231576 0.6497965125 0.210937209375 0.675327071875 0.2120955921875 0.6798417625 0.21826874687500003 0.6830547984375 0.22106361875 0.6869987953125001 0.221322675 0.6949571640625 0.2244334703125 0.700132440625 0.22363944687499998 0.7039865437499999 0.21957244843749998 0.7089820375 0.219082240625 0.712283040625 0.2208482546875 0.7156915328125 0.22301127968749998 0.7171729703125 0.230270159375 0.7141944203125 0.24048976875 0.7244921921875 0.2526012390625 0.7265286515625 0.2641535203125 0.736808828125
17 0 0.384815990625 0.0047954046875 0.38456976875 0.011925432812500001 0.3830279046875 0.019643675 0.37277965156250004 0.022083231249999998 0.3657891546875 0.0189235578125 0.362640415625 0.00767235625 0.362785728125 0 0.3634967265625 0 0.384815990625