0 0.527459390625 0.588106984375 0.5425775484375001 0.5920631890625 0.5385821609375 0.6065845671875 0.555093228125 0.64203910625 0.5597600500000001 0.6410364984375 0.5757936906250001 0.6107626734375 0.58351335 0.6038874171875 0.6464914578125 0.599797309375 0.6591511062500001 0.5931028546875 0.6619547703124999 0.57660173125 0.6622228140625 0.51940786875 0.666365246875 0.48324247812500004 0.66261493125 0.4616905078125 0.663802559375 0.41696843125000005 0.66154215625 0.400810003125 0.65503821875 0.4002199390625 0.6444638328125001 0.4074600765625 0.6157684953125 0.42107745 0.5393873171875 0.446678425 0.522209940625 0.456082384375 0.5184376796875 0.4673263859375 0.5132245234374999 0.465962178125 0.5054798453125 0.47060704375 0.49326645312500006 0.4707467421875 0.4865393875 0.4734340578125 0.4935656625 0.4858359984375 0.5169508421875 0.49695920937500004 0.5300838171875 0.5092912984375 0.5405611968749999 0.5281559546875 0.5441373984375 0.54577063125 0.5401670296875001 0.562522403125 0.5321491828125 0.5659838625 0.5191413078125 0.5648037343750001 0.5153190078125001 0.57158695 0.49570813906250005 0.5725706453125 0.492754359375 0.5756894124999999 0.49146460625 0.5881390109375 0.527459390625 0.588106984375
7 0.37348644062499997 0.705151525 0.4052136953125 0.7301329265625001 0.42733311250000006 0.7442606765625001 0.4770342765625 0.7845088546875 0.487733759375 0.7884206765624999 0.4949821421875 0.7858697828125 0.5026767796875 0.77676413125 0.5294829187500001 0.7337423984375 0.5474037125 0.7095220265625 0.5520194703125 0.6923831828125 0.556609184375 0.661338490625 0.555093228125 0.64203910625 0.5377626578125 0.6030343484375 0.5370171890625001 0.5944998499999999 0.53150584375 0.5897218421875 0.51981376875 0.5899979640625 0.4936249265625 0.595375871875 0.471506534375 0.592923575 0.45924310312500005 0.5886024890625 0.44764905781250003 0.5744492703125 0.43853854062500003 0.5731771046875 0.433127271875 0.5773206671875 0.41711557812500005 0.574798521875 0.37583155 0.5550997093750001 0.35979483437500004 0.5503471703125 0.2872599515625 0.559719865625 0.28393395 0.5644091109375 0.29418820156250003 0.5865511437500001 0.3061544671875 0.5991338828125 0.3129075796875 0.610352415625 0.3190653375 0.6264188046875 0.3411607609375 0.64999161875 0.3593598484375 0.6853319265625 0.37348644062499997 0.705151525
27 0.369390975 0.7107513375 0.3677790359375 0.7292321984375 0.35415284062499996 0.75402044375 0.35206860156249997 0.7651502156250001 0.35460114531250003 0.770816596875 0.3741139828125 0.78426224375 0.41281645312500004 0.80550934375 0.42776152187500005 0.8172037109374999 0.4485151015625 0.825414428125 0.46005808281249994 0.8234314062499999 0.47745756406249995 0.799074615625 0.47844912968750003 0.783211215625 0.46347904062499995 0.7692864578124999 0.42010872343749994 0.73736650625 0.3787496375 0.7109765171875 0.3719725328125 0.7092030484375 0.369390975 0.7107513375
21 0.3844912859375 0.794205328125 0.38759415937499997 0.7927934624999999 0.38652650781250003 0.790290225 0.368081321875 0.7793478140625 0.3603356203125 0.772317225 0.3606578015625 0.7662859625 0.3559159203125 0.7605973890625 0.348865646875 0.7576405140625 0.34896470156250003 0.7548866265624999 0.3657688328125 0.735377690625 0.37562174375 0.71015799375 0.370531634375 0.6965948359375 0.36278593125 0.6895642484375 0.35017324843750003 0.665693125 0.3447859765625 0.6603916265625001 0.331306825 0.6635358625000001 0.31663697343749997 0.6763758140625 0.3094636515625 0.68561788125 0.296358771875 0.710542546875 0.2903291828125 0.7406544828125 0.30132890625000003 0.7713310140625 0.3121534875 0.786394796875 0.35711174375 0.80927895 0.3905009765625 0.8202402734375 0.42175388125 0.8145196734375 0.4231437140625 0.810991646875 0.41805462968749996 0.8091039421874999 0.41284147187500003 0.807739734375 0.410781228125 0.8094244453125 0.3895313546875 0.8033076984375 0.38439223125 0.796959215625 0.3844912859375 0.794205328125
7 0.3118459265625 0.605487915625 0.29300247343749997 0.5822101359375 0.2870188265625 0.5700810390625 0.2856279671875 0.5619336140625 0.2913124015625 0.558973459375 0.3167568 0.5567365078125001 0.3459244390625 0.550470228125 0.361911115625 0.5507619796875 0.4087805234375 0.570254521875 0.416078946875 0.5721644125 0.4187845796875 0.5700926328125 0.4174187390625 0.5641755984375 0.4090026265625 0.5553016890625 0.39184821875 0.5435851328125 0.35917738906249996 0.5155770046875 0.344456471875 0.512280715625 0.3313495421875 0.5138544734375 0.2857489703125 0.5263837578125 0.2614962984375 0.5306004484375 0.25725173749999997 0.5344933609375 0.263213440625 0.579418428125 0.2684526421875 0.5946884828125001 0.2668396796875 0.6014938890625 0.22318039843749998 0.67123923125 0.2104487640625 0.706268875 0.2069997109375 0.7231570656249999 0.20178757812499998 0.7334683156249999 0.2033275328125 0.7433226390625001 0.20913706406250002 0.75151444375 0.2121168921875 0.7623015234375 0.215816140625 0.7677172546875 0.2249766953125 0.7734502062499999 0.2896698953125 0.7948271671875 0.3073696140625 0.7972350859375 0.312011415625 0.7940020890625 0.3117872625 0.7856040109375 0.301234825 0.7600481796875 0.2959195390625 0.7264114921875 0.30063435156249996 0.7065187640625 0.309370596875 0.6860105 0.321036628125 0.6718285359375 0.3406214484375 0.6569389937500001 0.3417381140625 0.6522275578125 0.336300803125 0.6424652734375 0.32197610625 0.6281534421875 0.3118459265625 0.605487915625
19 0.4386732875 0.41142764062500004 0.44162809531249997 0.419984328125 0.45327218125 0.43859833281249994 0.46526346875 0.4534114640625 0.4875079859375 0.4786911765625 0.4945832765625 0.4838784453125 0.4983565625 0.484309896875 0.5092041140625 0.478253165625 0.5168987515625 0.46914751875 0.5191571046875 0.46195503593750004 0.5178402796875 0.448823334375 0.5038607359375 0.40735972499999995 0.4949973390625 0.3933651171875 0.4874997859375 0.3852875390625 0.48017634375 0.38114725781250003 0.46044140312500004 0.3826544453125 0.446987271875 0.388029071875 0.4382750203125 0.3990922703125 0.4386732875 0.41142764062500004
23 0.2633870390625 0.57751799375 0.2585753296875 0.5540203890625001 0.2594733296875 0.53271188125 0.23306607656249997 0.5244115828125 0.194037628125 0.6073219140624999 0.230561009375 0.619659359375 0.2411977453125 0.621214909375 0.23922046406250003 0.6240026249999999 0.2421372296875 0.623375996875 0.2427871671875 0.623553721875 0.2633870390625 0.57751799375
2 0.5380580265625 0.8377196453125 0.5812216734375 0.8483199953125 0.5890701234375 0.8239656609375 0.6068770484375 0.7751142062499999 0.6219535796875 0.729023003125 0.6280009062499999 0.6889084046875 0.5549554265625 0.67882783125 0.550489015625 0.7005924390625 0.5619709859375 0.7105466203125 0.58657839375 0.7176809734375 0.5956414328124999 0.7436809921875 0.5890011671875001 0.7454180890625001 0.5816792640624999 0.7587909890625 0.5631243078125 0.769919309375 0.5380580265625 0.8377196453125
2 0.499332075 0.8317553343749999 0.5333726921874999 0.8399683203125001 0.5647690562500001 0.7717396203125 0.5452509875 0.76941183125 0.5242132671874999 0.7764156921875001 0.5166711625 0.7556783390625 0.49045668124999997 0.82248325625 0.499332075 0.8317553343749999
21 0.5695118124999999 0.7166896546875 0.5443465859375001 0.71774874375 0.534852103125 0.7256884515625 0.517788084375 0.7538857671875 0.5233752578125 0.77411154375 0.5431409625 0.7695546171875 0.5638072265625 0.7728778265625 0.5787624984375 0.7594176171875 0.588504615625 0.744593196875 0.5837554546875 0.726671575 0.5695118124999999 0.7166896546875
2 0.3142380640625 0.4768452671875 0.30309883593750003 0.48296466406249994 0.3402425859375 0.492684646875 0.3306242875 0.5040667078125 0.3346279828125 0.513453834375 0.3513531015625 0.512965896875 0.37133773125 0.52792490625 0.4144413875 0.5621379125 0.43330909218749997 0.5788894953125 0.4423382953125 0.5729128859375 0.44981657343750003 0.573479940625 0.4602128953125 0.588014684375 0.48252391093749997 0.5931582 0.491180378125 0.5829143453125 0.49887373437500004 0.5592143796875 0.4860572 0.5461311546875 0.4668805921875 0.545282625 0.4510860265625 0.541844365625 0.43861095 0.5302404015625 0.4369049328125 0.5374384265625001 0.42644734218749997 0.531922021875 0.4018699265625 0.512981340625 0.3820091203125 0.494579975 0.3779741515625 0.48240485624999996 0.3706184125 0.4638011265625 0.3701205765625 0.44838191875 0.352992728125 0.4564089359375 0.3502323375 0.4709755140625 0.352746371875 0.477887965625 0.3014528078125 0.46655003749999996 0.28640370625 0.47164627656249997 0.3142380640625 0.4768452671875