24 0.5130017125 0.8347749468749999 0.546150146875 0.8485120265624999 0.5597253359375001 0.8501978109375001 0.5833390390625001 0.8471172828125001 0.611757684375 0.8326076171875 0.62419025625 0.8207513125 0.6318597671874999 0.8098496953125001 0.6384539890625 0.7964093875 0.6418728390624999 0.7836055390625 0.643493796875 0.7540858703125 0.6331104203125 0.7198113375 0.62860766875 0.71134949375 0.61708206875 0.698236003125 0.600154965625 0.685654325 0.5884614359375 0.679735471875 0.5703079484375 0.6745605875 0.554305040625 0.6744630984375 0.5329342953125 0.6803991234375 0.51645265625 0.68866025625 0.5024324 0.7008347953125 0.494124446875 0.71131353125 0.48297736875 0.7427425875 0.48043221718750007 0.7597780703125 0.48148245625 0.775542059375 0.4920842578125 0.8108745031250001 0.5130017125 0.8347749468749999
24 0.37899683125 0.791677225 0.399628534375 0.8035163593749999 0.4186220546875 0.807421178125 0.4395896140625 0.8048710359375001 0.455231221875 0.797879965625 0.46726060937499997 0.7894095390625 0.474384059375 0.7758631515625 0.4742490109375 0.7191532171875 0.46562164062500006 0.7120689484375 0.4051717328125 0.704905790625 0.390832059375 0.6995173203125 0.377844815625 0.6900018640625001 0.37085563125 0.690851909375 0.3622537046875 0.705245484375 0.356365253125 0.73011206875 0.3568862609375 0.7459821343749999 0.3605994734375 0.7639665875 0.3681096734375 0.7789866078125 0.37899683125 0.791677225
24 0.391999728125 0.699834121875 0.41026242812499997 0.705537959375 0.4555494609375 0.711333565625 0.4793815859375 0.70931094375 0.499257025 0.70147125625 0.511706428125 0.6923657999999999 0.52612986875 0.6768053796875 0.5353534046874999 0.660083834375 0.5386630390625 0.6467510328125 0.5385957109375 0.635747634375 0.5307661 0.6031646109375 0.5228022234374999 0.5832779234375 0.514502490625 0.577780515625 0.493719690625 0.57588686875 0.4656451203125 0.5600311125 0.3723916421875 0.5781717234375 0.3680654296875 0.581242234375 0.35612020625 0.603466909375 0.35287789687500004 0.6278031093750001 0.35855693125 0.6553087453125 0.368763765625 0.6780509265625 0.376458721875 0.6886271546875 0.391999728125 0.699834121875
24 0.4809508734375 0.56742931875 0.4930812515625 0.5754639906250001 0.5059256171875 0.578948796875 0.5468022796875001 0.5740606640625 0.5735408578125 0.5620911234375 0.6056136109375 0.5385863718749999 0.621423146875 0.5244006609375 0.62549726875 0.5147705390625 0.6272192203125 0.501755971875 0.619734075 0.4735106578125 0.5991442546875 0.45119707656249997 0.5809571046875 0.4405204921875 0.553495921875 0.4383129078125 0.5059745421875 0.44838880000000003 0.47877406562499997 0.4714678140625 0.470575321875 0.48247550781250004 0.465459575 0.495068628125 0.46214171875 0.524377575 0.46543491406250004 0.542997059375 0.4700637109375 0.5547387031250001 0.4809508734375 0.56742931875
24 0.5849247625 0.673283371875 0.5939553156249999 0.6769817625 0.6115627421875 0.6795118703125 0.6287164890625 0.6771753140625 0.6567319515625 0.6660515265625 0.6774137578125 0.651440078125 0.7035221171875 0.6230715171875 0.7134596375 0.6018001078124999 0.7160635078124999 0.5770410296875 0.7131316078125 0.5655101046875 0.7043277 0.546893484375 0.6868545375 0.5316670359375 0.6717672078125 0.525326734375 0.6439952250000001 0.524283134375 0.612678346875 0.5327635765625 0.564686846875 0.5699250874999999 0.5577231031250001 0.592252978125 0.5536994796875 0.6101356453125 0.5547665484375 0.6286504875000001 0.5611427375 0.64885540625 0.5717190953125 0.6627100046875001 0.5849247625 0.673283371875
24 0.262245903125 0.6933417640624999 0.28348238124999997 0.7001020812500001 0.305962078125 0.7022064515625 0.3386818859375 0.69785156875 0.3637404 0.6884221562499999 0.36836058125000004 0.6814368078124999 0.3564819 0.6452586078125 0.3485849578125 0.6016721859375 0.33526146562500003 0.571842871875 0.328129403125 0.5666622640625001 0.32331584687500003 0.559364409375 0.312151546875 0.5533394781250001 0.306607171875 0.547840640625 0.293544378125 0.5432979296875 0.28630310312499996 0.537588365625 0.258026940625 0.5234255515624999 0.24817318593749998 0.5237480765625 0.23668985937499998 0.534863275 0.20606192031249998 0.5520191453125001 0.1955615046875 0.5678949359375001 0.1898409796875 0.5855668781250001 0.1897067140625 0.59826321875 0.1979731765625 0.6329620625 0.2046265046875 0.64650129375 0.21381677031250002 0.6589811875 0.22756849843750002 0.672199325 0.2468309375 0.6854146046875 0.262245903125 0.6933417640624999
24 0.329187859375 0.5664501125 0.3486350625 0.5752215984375 0.37407170624999997 0.5756315984375 0.39312394375 0.5718128234375001 0.41573790625000007 0.561220853125 0.44018302968749995 0.5381432703125 0.45222063593749995 0.5136966984375 0.46004946406249997 0.47687345312499996 0.4573191578125 0.46364959062500005 0.4495737046875 0.44482081406249996 0.44060187031250003 0.43339883125 0.43040364531249997 0.42938364218749997 0.42039018125 0.42092465937499995 0.3965999390625 0.4124728375 0.31502315625 0.43378145 0.285084153125 0.4596127484375 0.2815224265625 0.46638593906250003 0.28000206875 0.4777075703125 0.2848074046875 0.5009815671875 0.296761634375 0.5321870234375 0.3012643859375 0.5406488656249999 0.3149237359375 0.556088896875 0.329187859375 0.5664501125
24 0.2384705265625 0.514125109375 0.25370073125000003 0.5264960624999999 0.2927043453125 0.5445679921875 0.29651815937500003 0.54435440625 0.30042435312500004 0.5419189296875 0.29965986718750004 0.5382162453125 0.2856392171875 0.51568765 0.279993846875 0.4936837140625 0.2808421015625 0.4764375078125 0.2908720046875 0.45294420156250004 0.31018455 0.43970889062499996 0.32050020468749996 0.42827688906250005 0.331487965625 0.42276946875 0.3477680125 0.41620127343749996 0.3745570875 0.41248428437499995 0.3716083609375 0.3982025125 0.36173777500000004 0.3957741859375 0.35086744687500004 0.38583441875 0.3361073609375 0.34637785 0.3258754734375 0.3368609609375 0.31706334531249997 0.33422048125 0.276841959375 0.34228233750000003 0.264686525 0.3474729609375 0.24928017656249998 0.358272790625 0.24064458593750002 0.3671646625 0.2305641890625 0.3824054203125 0.2197866328125 0.40494689843750004 0.21389818124999999 0.4298134828125 0.21441918750000002 0.44568354687499995 0.220081390625 0.4704383328125 0.2384705265625 0.514125109375
24 0.3540005421875 0.360969265625 0.362921884375 0.3641387 0.385821596875 0.3656080390625 0.40085842656250004 0.363695790625 0.41586159531250005 0.35628184375 0.425555640625 0.3471778125 0.44343981250000003 0.30833910468750003 0.445169984375 0.279348390625 0.442204421875 0.2623157671875 0.4375756296875 0.250574121875 0.4272176984375 0.2377774296875 0.40977819843749996 0.22805267968749998 0.3962953890625 0.2241450015625 0.3895077953125 0.2233021078125 0.3671709734375 0.2272283875 0.338298646875 0.2368713859375 0.30989683437500004 0.2541319046875 0.2792520609375 0.268536921875 0.27738723125 0.2755208390625 0.279571475 0.28609992968750003 0.2857542921875 0.292021646875 0.29754020468750003 0.2957186015625 0.3093597765625 0.3049172609375 0.324800184375 0.3343222640625 0.336871846875 0.350080528125 0.3540005421875 0.360969265625
24 0.431756075 0.42525665156250003 0.45022898125 0.44799454218749996 0.462678775 0.4735922171875 0.4720033015625 0.47337577187499996 0.51403901875 0.45007744687500006 0.5362329625 0.4401205109375 0.5417100125000001 0.4346159515625 0.545985728125 0.42329288906249996 0.549774096875 0.40160146093750004 0.54835394375 0.36002191875 0.54442230625 0.34097955625 0.5323001484375001 0.3169687390625 0.5236727812499999 0.3098844703125 0.5146422265624999 0.30618608125 0.488130290625 0.3032373875 0.4512690328125 0.30621899375 0.439785709375 0.31733419218750003 0.4243460875 0.35733545625 0.4219774765625 0.3859032953125 0.424901153125 0.413410359375 0.431756075 0.42525665156250003
24 0.599908740625 0.45489975625 0.618037175 0.47329993437500006 0.623850471875 0.4881092296875 0.6388873046875 0.4861969796875 0.65146275 0.48037132812500005 0.6636937296875 0.47020795781249997 0.6716572109375 0.4553915078125 0.6776967593750001 0.420579434375 0.68001526875 0.41846218593750006 0.677847859375 0.41063394375 0.6812079890625 0.40555369218750004 0.6743863390625 0.3645059640625 0.6725633953125 0.3610154375 0.6690603875 0.3600650359375 0.6667837609375 0.351707840625 0.6595929843749999 0.3542508296875 0.6110295859375 0.3325865875 0.5927081734375 0.3346063453125 0.579275859375 0.3389512125 0.5676664890625001 0.34678660625 0.557350834375 0.358218609375 0.54865653125 0.374834075 0.5467329875 0.3895415859375 0.54743915 0.435670996875 0.55074056875 0.43831433906250006 0.58478775 0.44305775937499997 0.599908740625 0.45489975625