11 0.7521413515625001 0.6708222265625 0.7699376578125 0.7010819984375 0.7861442609375 0.7153299296875 0.8246154499999999 0.7235766859375 0.837112746875 0.7004636718749999 0.838337221875 0.685708053125 0.819746065625 0.6474423671875 0.79269626875 0.618790290625 0.7991516812499999 0.6025441375 0.6788006515625 0.4468062375 0.647860771875 0.41960563593750005 0.5480397265625 0.3622949578125 0.5389187125 0.3652369671875 0.5098854625 0.4249624015625 0.48641249843749995 0.43233695 0.4782671109375 0.4044724515625 0.4346293859375 0.3441872328125 0.43197988125000003 0.31750084218749997 0.43815423906250006 0.31196830000000003 0.4518277140625 0.3142464078125 0.492815934375 0.34784523749999996 0.5214715328125 0.3791269015625 0.526172565625 0.3722990921875 0.4581345484375 0.31004818749999996 0.4374918640625 0.3052967015625 0.426219046875 0.31365409375 0.4207070625 0.3258582359375 0.42885245000000005 0.3537227328125 0.4562996734375 0.38637776874999996 0.474228453125 0.417971859375 0.47460977812499994 0.435357065625 0.4552918453125 0.44394877499999996 0.4678411171875 0.489081321875 0.49754042031249995 0.544419790625 0.526725921875 0.5810387343750001 0.5706607953125 0.6172280953125 0.6258684890625 0.6450600625 0.68766406875 0.6579802 0.700940115625 0.6562553515625 0.7093987546875 0.6466417421874999 0.7189171953125 0.64770269375 0.7521413515625001 0.6708222265625
13 0.85175816875 0.56354296875 0.8391444953124999 0.571939415625 0.8450378078125 0.5771204828125 0.9029594062499999 0.5781098484375 0.9610295796875 0.5670512859375 0.9515594359374999 0.5258435921875 0.9142966234375001 0.5162234625 0.8772665640625 0.53603646875 0.8472218109374999 0.5449406046874999 0.8360814671875 0.5546323156249999 0.85175816875 0.56354296875
13 0.3778767390625 0.41392981874999996 0.397536171875 0.396826796875 0.403310046875 0.3832768515625 0.35154619375 0.4036764171875 0.3173872671875 0.410181453125 0.311320625 0.404848003125 0.291115709375 0.41645676875 0.28650126249999996 0.44965203281250005 0.3197745828125 0.4581288953125 0.3446245234375 0.45346931250000005 0.351255590625 0.4485532 0.3482659671875 0.44234296406249995 0.38249335 0.4444947328125 0.3981901546875 0.44325039374999997 0.3778767390625 0.41392981874999996
13 0.6383338015625 0.6550875625 0.6247009671875 0.6452514984375 0.6223252875 0.653192328125 0.5684100640625 0.6917593156249999 0.5326357875000001 0.7297979390625 0.517521590625 0.76062265625 0.56764016875 0.7591629328125 0.56938523125 0.733450578125 0.580203234375 0.7229023734375 0.6003207515625 0.7183806234375 0.6040495953125 0.7001672578125 0.60951176875 0.6834777375 0.6222189499999999 0.6760231671875 0.6249158078125 0.6633500015625 0.6383338015625 0.6550875625
13 0.9587080734375 0.39228989062499997 0.9603729421875 0.38515692968750004 0.95777295625 0.3828711640625 0.9342761796874999 0.3772582078125 0.8706317625000001 0.373601734375 0.8526466734374999 0.375699884375 0.8477394578125 0.39001175 0.8824249312499999 0.404744790625 0.9067199125000001 0.402462865625 0.9279378749999999 0.40105771875 0.9587080734375 0.39228989062499997
13 0.9750166578125 0.3414364328125 0.99382219375 0.36902748281250003 0.9898766265625 0.2937415671875 0.9862031921875 0.2867963390625 0.9699987812499999 0.251058778125 0.946483065625 0.2611896453125 0.959464071875 0.2883622890625 0.9584226156250001 0.301774403125 0.9750166578125 0.3414364328125
13 1 0.7113810859374999 0.9918552953124999 0.7022540421875 0.9661576343749999 0.69040788125 0.915366784375 0.6887385296875 0.8911402578125 0.6996772640625 0.8660754796875001 0.6862383421875 0.8691240890625 0.7089772921875 0.9096329531249999 0.7345610140625001 0.9536268437500001 0.7479209140624999 1 0.7465702765625 1 0.7113810859374999
13 0.9758386421875 0.2307373046875 0.9707328875 0.2308860109375 0.9676420406249999 0.243255784375 0.9880643953125 0.2591621359375 0.9870377359375 0.23957231874999999 0.9758386421875 0.2307373046875
13 0.9185385078125 0.609142640625 0.9260457125 0.5971165359375 0.9236795015625001 0.5971854546875 0.9093358609375001 0.5881572578125 0.8834349937500001 0.6141008640625001 0.8691124546875001 0.6530890234375 0.8879052218749999 0.6352240796874999 0.9040106031249999 0.6221603874999999 0.9185385078125 0.609142640625
13 1 0.5971516109375 0.9820955265625001 0.61988613125 0.9993603375 0.626467759375 1 0.6261133484375 1 0.5971516109375
13 0.9940963015625 0.37425777656250003 0.9791067234374999 0.35076326875 0.9625032093750001 0.3189731515625 0.962309475 0.34889100625 0.9709098125000001 0.411613596875 0.9955632734375 0.402249259375 0.9940963015625 0.37425777656250003
13 0.3777755453125 0.3013683859375 0.416803803125 0.312039125 0.45736001875000004 0.29826329375 0.448225828125 0.285934715625 0.451720890625 0.26536666875 0.43802355156250006 0.2464013859375 0.334746940625 0.24940936093750002 0.344998196875 0.273985153125 0.3632760515625 0.2907704 0.3777755453125 0.3013683859375
13 0.30537709999999996 0.2971797125 0.2933217390625 0.2872977046875 0.300108665625 0.2839513796875 0.2957942890625 0.26439795 0.2936808015625 0.2510777265625 0.2937523546875 0.25060334218749997 0.26267756875 0.251508409375 0.2636898671875 0.2676944921875 0.25571510468750003 0.275011234375 0.270934878125 0.27692944375 0.26745875625000004 0.28175366562500004 0.2713929703125 0.28951071562499997 0.26522945781249996 0.29913619375 0.25178305624999997 0.33101436562500003 0.23394434843749998 0.3425542125 0.229037134375 0.35686608125 0.2305177390625 0.37177906250000003 0.223409640625 0.37985772500000003 0.2297005921875 0.3954177671875 0.238055515625 0.3998974078125 0.249721240625 0.4058549484375 0.2616396890625 0.398423346875 0.2701788796875 0.380857040625 0.294171625 0.3675636265625 0.3042198359375 0.341294575 0.290353221875 0.32910382656250003 0.3107234640625 0.31119294062499997 0.30537709999999996 0.2971797125
13 0.6005807828124999 0.6333593953125 0.5841047078125 0.626754796875 0.5657394578125 0.6170565640625 0.5714565109375 0.6507380828125 0.56125245 0.6754373484375 0.57646275625 0.68522746875 0.6002996484375 0.6703642640624999 0.6090631484375 0.6630245546875 0.609783428125 0.654344778125 0.608536603125 0.641786478125 0.6005807828124999 0.6333593953125
13 0.46074792656249997 0.5634387171874999 0.4612533671875 0.5366604359375 0.45630610781250003 0.518699765625 0.4415538921875 0.521490921875 0.42743455937499997 0.5226893140625 0.42266425781250005 0.5543147921875 0.411855725 0.556991084375 0.41380388906250004 0.57661343125 0.4245840109375 0.5975528703124999 0.439454196875 0.6278191468750001 0.45053655625 0.6597700703125 0.456515803125 0.6721905390625 0.4549288609375 0.68010839375 0.4650855671875 0.694768684375 0.48748189843749995 0.697265034375 0.4800999734375 0.670716478125 0.47152074062500005 0.6560102421875 0.4680045703125 0.6285619312499999 0.460837484375 0.620111878125 0.4696009859375 0.612772165625 0.46338796093749995 0.5979970171875 0.461829428125 0.582299140625 0.46074792656249997 0.5634387171874999
13 0.2574519375 0.666968065625 0.247949215625 0.698731375 0.251163146875 0.7151682015625 0.2571329234375 0.73546058125 0.268623853125 0.7555921515625 0.27137754531249997 0.7677916984375 0.2832844359375 0.767444909375 0.2930157046875 0.738351296875 0.29732791718749996 0.6941445468749999 0.2955450765625 0.6682200796875 0.298426196875 0.6335009703125001 0.2762920546875 0.60974356875 0.267342128125 0.5753690453125 0.24370844218749999 0.5524424812500001 0.2427638515625 0.5508956656249999 0.2401638625 0.5486099015625 0.2446151484375 0.5854769390625 0.247196196875 0.6035065265624999 0.254509665625 0.621398278125 0.258814571875 0.6488236171875 0.2574519375 0.666968065625
13 0.17893600625 0.5055248671875 0.1574747921875 0.5124472390625 0.14534150625 0.5017803390625 0.12011140468749999 0.4946435421875 0.076213815625 0.46679702812499996 0.0501265203125 0.451026396875 0.0318202546875 0.45785688437500005 0.016513628125 0.467045109375 0.021233809375000003 0.5145877999999999 0.039787709375 0.5221722359375 0.054929559375000006 0.5233055484375 0.0775596734375 0.52815658125 0.08852405625000001 0.527050075 0.1078339 0.538295121875 0.1374847140625 0.542154509375 0.1729778625 0.5411207578125 0.21257054687500002 0.54154193125 0.24333127499999999 0.5406460156249999 0.230418721875 0.5221301734375 0.17893600625 0.5055248671875
13 0.378564296875 0.5004977765625 0.44063123906249996 0.5042001953125 0.43809970781249996 0.5105712359375 0.47310635625 0.52057194375 0.46397216406249997 0.5082433625 0.45752535625 0.491113534375 0.45217899375000004 0.47710030468750003 0.43555654062500004 0.46105400625000004 0.4100147328125 0.4507776328125 0.3921949671875 0.446573659375 0.37303150625 0.44477031250000004 0.37373284687499997 0.45183435781250003 0.350226603125 0.45409331562500005 0.3360978 0.46316361875 0.34277838437499997 0.4826481328125 0.36830124999999997 0.5086683265625 0.378564296875 0.5004977765625
13 0.1227673984375 0.7126104734375 0.13577681875 0.716167384375 0.1374227453125 0.72477824375 0.1470339703125 0.733944275 0.15490239687500001 0.749458375 0.163373240625 0.7709373703125 0.1960410265625 0.7699859046875 0.180307290625 0.7424211390625 0.15888396093749999 0.7178558703125 0.14636104218749998 0.7032644984374999 0.13227012031250002 0.6808471609375 0.10271617343749999 0.662028846875 0.0952868953125 0.674839840625 0.10456746875 0.69661011875 0.1168660796875 0.700974896875 0.1227673984375 0.7126104734375
13 0.08997469999999999 0.534092296875 0.0914757984375 0.5647479515625 0.0960924109375 0.59531286875 0.11821708125 0.62694218125 0.162202065625 0.6477016796874999 0.20020780624999998 0.6560407078125 0.2213573125 0.6459787578125 0.2421856421875 0.6406491421875 0.216020421875 0.6240936203125 0.1940231953125 0.6176498265625 0.18352636718749998 0.6234656968750001 0.1759011921875 0.602434365625 0.16582240937499998 0.5885589734375001 0.15416615312499998 0.5747295234375 0.13895585 0.5649394046875 0.1224608375 0.5740786265625 0.1189351984375 0.5545022265624999 0.1034037140625 0.5494444406250001 0.1006573421875 0.5377169796875 0.09001413593749999 0.53409115 0.08997469999999999 0.534092296875
13 0.0560700484375 0.5586946890625 0.056206960937499995 0.576008296875 0.0388147078125 0.5442411500000001 0.028015646875 0.5390455328125 0.030743078125 0.5665168171875 0.026937459375 0.5643522703125 0.0359306921875 0.64129429375 0.060065409375 0.6467406296875 0.0735708 0.6313911765625 0.077349159375 0.6375784390625 0.0781968796875 0.6540841796875 0.08243333124999999 0.6728527140625 0.09789635625000001 0.6692536953125 0.10129455000000001 0.6636445765625 0.1381809109375 0.684610821875 0.1822532921875 0.69828330625 0.22064866562500002 0.7105468015625 0.1810159375 0.6778530921875 0.2012798390625 0.6827730421875 0.1978415984375 0.656109625 0.159680003125 0.646200809375 0.11829500781249999 0.6277270734375 0.0979036625 0.5976216046875 0.08697716093749999 0.5672404671875 0.07350018124999999 0.5589741921875 0.06868036250000001 0.5661990390625 0.0560700484375 0.5586946890625
13 0.0905818578125 0.3246891234375 0.10735985156250001 0.34230521875000003 0.10299812187499999 0.3621113453125 0.1163192484375 0.36880783125 0.11639749375 0.36959271875 0.1179465546875 0.393162503125 0.1328356828125 0.40768495781249997 0.1536640125 0.4023553421875 0.159593740625 0.3903751875 0.150294225 0.38434873125 0.1551235125 0.36925196875 0.170489671875 0.380611875 0.1869657421875 0.387216475 0.1902080875 0.38003756875 0.23467010312499997 0.3976345171875 0.2269480609375 0.39156211875 0.2191575625 0.3768329125 0.2261003375 0.375056375 0.22920577187500002 0.3505638609375 0.22432696562499999 0.3412599953125 0.2191269890625 0.336688465625 0.22340131875 0.32396935937500004 0.21464728906250002 0.3234371609375 0.2092135296875 0.31651094999999996 0.2180738984375 0.294212309375 0.2054635796875 0.28670795781249997 0.2009838828125 0.2734566484375 0.177390240625 0.2828026203125 0.1630465984375 0.2737744234375 0.15010563593749998 0.278874315625 0.136793978125 0.26430591875 0.128186334375 0.2732154171875 0.12361923749999999 0.2670511265625 0.11690076875 0.27905425781250004 0.11051295000000001 0.2784531421875 0.10970527187500001 0.29421993281250003 0.1004931546875 0.2811064640625 0.089519296875 0.29008488125 0.0980985328125 0.3047911109375 0.091545390625 0.31049211875 0.0905818578125 0.3246891234375
13 0.1158330625 0.37984228125 0.11275604531250001 0.380719065625 0.11165560156250001 0.37760246249999996 0.10487814843750001 0.3730768765625 0.09770159218749999 0.3724987328125 0.09100206718750001 0.36875804218749997 0.085237659375 0.374436078125 0.07600660000000001 0.37706642343749996 0.067467409375 0.39463272968749996 0.0662701 0.40647505468749995 0.063573240625 0.4191482171875 0.061674590625000004 0.4239264953125 0.0612470765625 0.451489671875 0.06992318125 0.45123697656250006 0.0748019828125 0.4605408390625 0.0800114328125 0.457240459375 0.087490225 0.4688300890625 0.09562084062500001 0.46308313593749995 0.09686766718749999 0.47564143750000004 0.105076209375 0.4706793796875 0.1110649234375 0.47522793906249994 0.12021805781249999 0.47181269531250003 0.128426603125 0.4668506375 0.13718063125 0.4673828359375 0.134823890625 0.459579840625 0.1456229515625 0.4647754578125 0.14051037187499998 0.45311691249999997 0.15020899062499998 0.4551959265625 0.148173428125 0.442660596875 0.146683353125 0.435619525 0.1406167109375 0.430286075 0.142213125 0.41449630937500004 0.1284244390625 0.40309045625 0.119290246875 0.3907618765625 0.1158330625 0.37984228125
13 0.1000656421875 0.30866963593749996 0.0844751703125 0.2870831375 0.0888084859375 0.29089274375 0.074396390625 0.2732077421875 0.0542978109375 0.2619856703125 0.0471117859375 0.2692794375 0.034414071875 0.2688621 0.039214946875000004 0.27738107031250003 0.0479500359375 0.2936570890625 0.0464315484375 0.31023175 0.051718925000000006 0.3077162625 0.054543223437499996 0.320228621875 0.0632098578125 0.3278478375 0.0694512921875 0.319007253125 0.08088323750000001 0.3226101109375 0.08760170625 0.3106069796875 0.1000656421875 0.30866963593749996
13 0 0.3007162421875 0.0116934984375 0.41849569531249997 0.033769570312500004 0.4137189515625 0.045064603125000005 0.4000082015625 0.059311378125 0.42399532500000003 0.0657865953125 0.4175094265625 0.050439378125 0.3904056984375 0.04486870625 0.3661658765625 0.025724189062500003 0.348618709375 0.017116543749999998 0.35752820625 0.0160350390625 0.3386677828125 0.025216584375 0.31163680781249997 0.016459559375 0.31110469531249996 0.010178075 0.28767274375 0 0.267308875 0 0.3007162421875
13 0.11238238593750001 0.7593555859375 0.0919721 0.7449939375 0.082915834375 0.7334502515625 0.0737911140625 0.7132497625 0.0531565203125 0.6886615218750001 0.0403751875 0.6793193765625001 0.0514647609375 0.77419675 0.10974805937500001 0.772499225 0.11238238593750001 0.7593555859375
13 0.425690765625 0.6006692890625 0.4149885703125 0.5805147421875 0.410353015625 0.5656936499999999 0.402163415625 0.5549118890625 0.39721615625 0.5369512171874999 0.364585190625 0.5190096828125 0.37221036406249997 0.5400410124999999 0.3790562734375 0.553223403125 0.37524003281249996 0.5785237828125 0.39052826406249996 0.5890987953125 0.39674129062499996 0.60387394375 0.4088556328125 0.63028466875 0.41588580625000005 0.6214211125 0.42165968749999994 0.60787116875 0.4167808828125 0.5985673046875 0.425690765625 0.6006692890625
13 0.45679675625 0.44390494374999995 0.46681655156249996 0.44125162187500006 0.4635931484375 0.432686709375 0.443631484375 0.43877824531250004 0.4374089859375 0.43187500312499993 0.4276914265625 0.44553981093750006 0.4248765984375 0.42515554375000003 0.4125779890625 0.42079076562499995 0.407914025 0.42958540312500004 0.389090684375 0.4073059 0.3807168171875 0.41857008125000006 0.3996180859375 0.4416344796875 0.40426310781249997 0.44858366250000004 0.42957113593749996 0.45650535468750003 0.448481875 0.4716978390625 0.457061109375 0.486404071875 0.466370096875 0.484558615625 0.45679675625 0.44390494374999995
13 0.20668932031249998 0.45040226250000004 0.1886452453125 0.4359716953125 0.18110746718749998 0.407853353125 0.1678737390625 0.3940698453125 0.16243997968749999 0.387143634375 0.154689525 0.4046869671875 0.13670443593749998 0.4067851171875 0.1446602578125 0.4152121984375 0.1447192421875 0.43174091406250004 0.150776415625 0.4449462765625 0.1496570328125 0.45757349375 0.1490146765625 0.4670381640625 0.1740794578125 0.4804770859375 0.1798249203125 0.4905428703125 0.2056005109375 0.503173925 0.2366044890625 0.49676077812499997 0.2220365359375 0.4775059890625 0.20668932031249998 0.45040226250000004
13 0.21472739375 0.5871345953125 0.236471903125 0.6069675296875 0.2421183375 0.5682320625 0.23504812031250003 0.5448230828125 0.1927775171875 0.5413312484375 0.21472739375 0.5871345953125
13 0.2015715921875 0.574135984375 0.1825425671875 0.54684948125 0.1837023125 0.545531384375 0.1829135734375 0.54555435625 0.18125817500000002 0.5448154078125 0.1804694375 0.5448383812500001 0.17936899374999998 0.5417217765625 0.17983655625 0.546431140625 0.118168715625 0.538781278125 0.0994822875 0.533815384375 0.1043516171875 0.5509911609375 0.1226484140625 0.5520325875000001 0.143242965625 0.544348290625 0.143778978125 0.55771445625 0.15560055625 0.5652417828125 0.1535744671875 0.5448345453125001 0.1732455296875 0.583619790625 0.2015715921875 0.574135984375
13 0.6124792890624999 0.713303521875 0.604669846875 0.7143181390625 0.6012716515625 0.7199272578125 0.5857307015625 0.722741384375 0.5906000312499999 0.7399171609375 0.6007120718750001 0.7581996984375 0.6226442828125001 0.7575609156249999 0.6224612015625001 0.7421378421875 0.614037821875 0.7290013953125001 0.6164135 0.72106056875 0.6124792890624999 0.713303521875
13 0.6541819546875 0.336611928125 0.6487576671874999 0.3218138078125 0.64607975 0.31874315000000003 0.609670421875 0.2946143546875 0.580584034375 0.2805054 0.5963208890625 0.3115336 0.6360315421875 0.3450122015625 0.6505405078125001 0.347738275 0.6541819546875 0.336611928125
13 0.45313338593749997 0.6699275625000001 0.4495203484375 0.6574381765624999 0.4421005421875 0.6623772625 0.410170915625 0.651499771875 0.385495771875 0.6419853234375 0.39548715625 0.662947734375 0.43292846875 0.681536328125 0.45847027812499996 0.6918127015625 0.4530459890625 0.6770145796875 0.45313338593749997 0.6699275625000001
13 0.9103603609375 0.46296842343750005 0.9258172374999999 0.4593695828125 0.9179549625 0.443855303125 0.8737077843750001 0.44435685625000004 0.8824712828125 0.43701714531249997 0.9012545796874999 0.4270241140625 0.888098778125 0.41402550156249995 0.8765109796875 0.40885285624999995 0.8603087296874999 0.436875475 0.8672325671875001 0.45084275937499996 0.8942739234375001 0.46028829531250004 0.9035829078125 0.4584428375 0.9103603609375 0.46296842343750005
13 0.624030203125 0.6783319 0.611644196875 0.6810541390625 0.6122581406250001 0.695205203125 0.6078964124999999 0.7150113250000001 0.6355517093749999 0.7386079234375 0.6422166765624999 0.7569908625 0.66357683125 0.7563687375 0.6763912171875 0.7515873984375 0.6798862828125001 0.7310193515625001 0.6908790796875001 0.706297115625 0.682923259375 0.6978700328125 0.6794660765625 0.6869504359375 0.6732246390625 0.695791015625 0.6785498984375 0.6617878875 0.6596296890625 0.6544673125 0.639443715625 0.6503322578125 0.625548690625 0.6617572421875 0.624030203125 0.6783319
13 0.5094988875 0.4250523765625 0.5197714078125 0.409009915625 0.52381195625 0.393936128125 0.48312829687500003 0.38252643750000004 0.45513288437500005 0.3794059984375 0.47717962812500003 0.41025041875 0.48211741406249997 0.436082996875 0.4970254859375 0.43486163125 0.5094988875 0.4250523765625
13 0.48151943125 0.6053405640625 0.48495767343749996 0.6320039828125 0.5134585296874999 0.6083461421874999 0.5326409296875 0.5944056703125 0.516816684375 0.5704644875 0.501060890625 0.5551801125 0.49543339687500004 0.57817175625 0.49031134375 0.574385121875 0.48051585625 0.587265034375 0.48151943125 0.6053405640625
13 0.53306195625 0.37556195625 0.5378912421875001 0.3604651953125 0.5369466546874999 0.3589183796875 0.532719675 0.33227793437500003 0.5391854203124999 0.33366394375 0.53527015 0.31016307187500003 0.5263697390625001 0.3001891734375 0.5240909265625 0.29317107343750004 0.5136814984375 0.2918999265625 0.5117333296875 0.2722775796875 0.5062995703125 0.2653513703125 0.48956130625 0.280007821875 0.4816550015625 0.295981365625 0.4758905953125 0.3016594 0.48004911562499997 0.31964304062500004 0.47672884687500006 0.326037053125 0.4906049265625 0.3303558875 0.49708014375 0.3238699859375 0.49248463750000004 0.3413214296875 0.5071399875 0.353489203125 0.5240741484375 0.3726750765625 0.53306195625 0.37556195625
13 0.713839840625 0.6985439015625 0.7224474890625 0.689634403125 0.7368785265625 0.6915755828125 0.752039315625 0.6769650765625 0.7406947671874999 0.6662752015625 0.7287952625 0.6579629812500001 0.7167399015625 0.6480809734374999 0.7089209921874999 0.6569675 0.709145303125 0.667194090625 0.7030691890625 0.669732553125 0.70699393125 0.6853615125 0.6947827203125 0.6739097171874999 0.68911518125 0.6646288218749999 0.6812278140625 0.6648585453125 0.689320546875 0.6905992359375001 0.695271384375 0.7266354359375 0.710977659375 0.7175191875 0.7265375546875 0.6989612375 0.713839840625 0.6985439015625
13 0.110216871875 0.259569840625 0.13765733125 0.265067934375 0.15160186874999998 0.278043575 0.15974195468750002 0.2644247125 0.185196365625 0.2817881 0.187102015625 0.253709578125 0.1080443171875 0.256012165625 0.110216871875 0.259569840625
13 0.7039228750000001 0.2879333953125 0.7483659515625 0.3212741671875 0.7605181796875 0.316197246875 0.750448865625 0.2944499421875 0.7276039140624999 0.27150040937500003 0.7023710796875 0.238702159375 0.6989460765625 0.2388019140625 0.69039638125 0.25526649375 0.7039228750000001 0.2879333953125
13 0.3510705078125 0.7335117734375001 0.3562115015625 0.7215545890625 0.34263765625 0.728247240625 0.32473049375 0.7311302828125 0.32510118593750004 0.7507985749999999 0.3360385203125 0.7659084234375 0.4113388609375 0.7637152703125001 0.386301465625 0.753739071875 0.3575173125 0.7506416046875 0.3510705078125 0.7335117734375001
13 0.9418350625 0.4533929109375 0.94650849375 0.43672636249999996 0.9347743140624999 0.42211202031250006 0.923158103125 0.44055510625 0.9252621218750001 0.461747240625 0.911688271875 0.468439890625 0.9023887593750001 0.46241343749999997 0.893138759375 0.48078760625 0.90437696875 0.51430831875 0.919138653125 0.503645253125 0.9282233328125 0.49157320625 0.93701524375 0.4606177609375 0.9418350625 0.4533929109375