15 0.629582146875 0.2475914703125 0.60627734375 0.248226203125 0.563939 0.2581554734375 0.52656341875 0.27581225468750004 0.5127321859375 0.2854969875 0.49935290625000006 0.30158674531249996 0.493250434375 0.3152698234375 0.4933121921875 0.3268771546875 0.514519109375 0.377002271875 0.5481817453125 0.47307388437500003 0.5636146265625 0.5200724390625 0.5770644015624999 0.5783177625 0.6093736703125 0.6730965171875 0.6265179890625 0.7014208484375 0.6540953046875 0.7184070265625 0.6748749046875 0.723125253125 0.69195496875 0.7219200406249999 0.6985106421875 0.7236030953125 0.7002838375 0.716536203125 0.6929749046875 0.704178109375 0.6911387046875 0.6906765640625 0.693721921875 0.6700476156249999 0.699734253125 0.6568757546875 0.7013864265625 0.6445164140624999 0.703344575 0.45404750937499994 0.701505878125 0.4226237484375 0.6953984125 0.4004623984375 0.688175878125 0.36070976875 0.6865792203125001 0.33987090468750003 0.6748112546875 0.2661088015625 0.667803625 0.2580207234375 0.6521658218749999 0.2510464703125 0.629582146875 0.2475914703125
15 0.3789497109375 0.7363074203125 0.3912497890625 0.7442744765625 0.4049624984375 0.747219509375 0.41332224531249995 0.7476393359375 0.44050562187500003 0.7429445 0.45202156406249994 0.7344328515625 0.4621236296875 0.7219821203125 0.46906825156250004 0.7095017609375 0.4773032375 0.6777458171874999 0.478473825 0.6621388953125 0.47687716875 0.6413000328125 0.47260465625 0.623679121875 0.46583657343749996 0.608253728125 0.45576164375 0.599624803125 0.42650127343750005 0.5891943015625001 0.4012220984375 0.6638035484375 0.38995193906250003 0.709783415625 0.37813594375 0.72298615625 0.37188282031250003 0.7345342265625 0.3789497109375 0.7363074203125
15 0.52212841875 0.60289328125 0.5137711656249999 0.6203956671874999 0.4959687234375 0.61672950625 0.4823757875 0.6101158156250001 0.473083746875 0.6090044906250001 0.45940067031250004 0.6029020171874999 0.46716030937499997 0.6127040265625 0.4730862421875 0.626926703125 0.4779626078125 0.662048753125 0.47270478281250006 0.694856759375 0.453946659375 0.7384620734375 0.4540973109375 0.7405970828124999 0.4576758265625 0.741228071875 0.463659775 0.7401747578125 0.46801868437499994 0.7304011328125 0.48167212968750006 0.739661046875 0.5160125390625 0.736228190625 0.5207332609375 0.7333708031249999 0.53453111875 0.6999601906249999 0.55554651875 0.6704577796875 0.5657078453125 0.6516921671875 0.574694840625 0.6216501578125 0.5743626578125001 0.6115764765625 0.5713546203125001 0.604720746875 0.5561082609375 0.601505290625 0.5485906625 0.602288178125 0.546095090625 0.604483696875 0.5365918890625 0.5985911390624999 0.5293447140625 0.597840378125 0.52212841875 0.60289328125
15 0.30457095 0.4227391734375 0.2937452578125 0.4213574234375 0.218358115625 0.42440507656250004 0.1970080359375 0.425911590625 0.19159581406249998 0.42970126875 0.17707682656249998 0.46720161562499996 0.1745244875 0.493634228125 0.1783846609375 0.5733815296875 0.190355053125 0.58919711875 0.1972416609375 0.591992746875 0.2612313890625 0.584826978125 0.284585471875 0.5061885078125 0.301927221875 0.44072189687499996 0.30457095 0.4227391734375
15 0.4201314765625 0.194846334375 0.41802235625 0.164956225 0.40472573125 0.1267681234375 0.3939889328125 0.11591404999999999 0.3775089796875 0.10773708125 0.3620823390625 0.10554405781250001 0.3446417109375 0.10879413593750001 0.33270469375 0.116704428125 0.32218155312499996 0.1285538 0.3174917109375 0.1372148515625 0.30645985 0.16689629687500002 0.30324564375 0.19110376093749998 0.308330675 0.21308482812500001 0.3225570953125 0.234042215625 0.335609184375 0.24372320468750003 0.340631209375 0.245135834375 0.4201314765625 0.194846334375
15 0.4213020671875 0.1792394125 0.427798478125 0.1872373484375 0.474194428125 0.163264434375 0.5171316359375 0.1349918765625 0.5181824515625 0.1230536109375 0.5127664859375 0.09995996874999999 0.5085853640625 0.090788946875 0.5084038328125 0.0828502734375 0.4930957171875 0.06802748593749999 0.48653879375000003 0.0573833265625 0.464947921875 0.05726605 0.4334043890625 0.06277340625 0.40688288124999994 0.06969339062499999 0.39359249687500003 0.0763108234375 0.39302326718749997 0.091496671875 0.40337236406250004 0.125475265625 0.41883362812499997 0.160355275 0.41850394062499996 0.1682038078125 0.4213020671875 0.1792394125
15 0.522453715625 0.13171341406249998 0.527926446875 0.1305699609375 0.5565817140625 0.11453821875 0.58508633125 0.0963714671875 0.59518964375 0.09288184375 0.601052571875 0.08653608125 0.6055930109375 0.0847011296875 0.6071859234375 0.0786566703125 0.6049904046875 0.076161096875 0.5852036078125 0.0747805953125 0.5514633078125 0.0688312703125 0.5390434578125001 0.064532871875 0.51228115625 0.06982906562499999 0.5103869421875 0.0716035078125 0.507623440625 0.093254890625 0.5128875078124999 0.1052524171875 0.51863440625 0.129458634375 0.522453715625 0.13171341406249998
3 0.4768852625 0.2675797671875 0.47273501875 0.2642124125 0.454000284375 0.2598547515625 0.4346333140625 0.2501145 0.4088613203125 0.240826203125 0.4026365796875 0.240255725 0.39987058124999997 0.2439848921875 0.39148369843749997 0.26464471875 0.38745697031250004 0.28449202812499996 0.384510690625 0.2892436296875 0.3635224265625 0.297666384375 0.3343263109375 0.3167654265625 0.3384802984375 0.347016103125 0.3444371125 0.36704244531249997 0.3432961546875 0.379491928125 0.33860631093750004 0.388152978125 0.3128380609375 0.405748003125 0.30712578437500004 0.41422877187499996 0.28617838125 0.5001440500000001 0.26859459218750004 0.5550257609375 0.247195234375 0.6345360125 0.2461135390625 0.6406706125 0.251888821875 0.6527582828125 0.2733636640625 0.6834275375 0.2893954078125 0.7120828046875001 0.2969747640625 0.722907246875 0.30190664843750004 0.72483109375 0.338773509375 0.7250063828125 0.370288659375 0.7316175765625 0.37431788125 0.7296924828125 0.38962100624999996 0.708670840625 0.45887198125 0.4773563796875 0.464282953125 0.4646055953125 0.46533376875 0.4526673296875 0.452579240625 0.420373034375 0.4540511328125 0.4090361265625 0.4584705515625 0.401908725 0.48273478281250004 0.3808858359375 0.4870936921875 0.3711122109375 0.48438321406249996 0.341643175 0.4656447359375 0.31040219375 0.47292029375 0.29903440625 0.477578009375 0.2756085828125 0.4768852625 0.2675797671875
3 0.652490515625 0.207353509375 0.668036928125 0.20587787343750003 0.685055234375 0.1930653296875 0.7176495828125 0.175619709375 0.7196635703125 0.170176609375 0.665349840625 0.1284458625 0.641772115625 0.11269203125 0.6113966765625001 0.08467025 0.6041495015625 0.08391948906249999 0.5814781828125 0.0988979203125 0.5003232453125 0.1436245453125 0.3404805578125 0.24300082656250002 0.33822577656249997 0.24682013593750002 0.34060282656249996 0.2572543828125 0.3529955421875 0.2826324359375 0.35525281875000003 0.296735340625 0.36009456093750003 0.299170403125 0.38730756718750003 0.2913181265625 0.39097248125 0.264554578125 0.4003212875 0.24142880781249998 0.405282803125 0.24019521406250002 0.4748403953125 0.2672192015625 0.47685563125 0.270737209375 0.4762851515625 0.27696195 0.46910223125000006 0.3057407328125 0.47153854375000004 0.309860096875 0.499743103125 0.2963844375 0.523977703125 0.27851899062499996 0.5420789515625 0.268532953125 0.5861003484375 0.2520480078125 0.618814471875 0.23093372968749998 0.6275335375 0.22034758281250003 0.6385382625 0.21174579375000002 0.652490515625 0.207353509375
15 0.7420931703125 0.3628372875 0.7283804625 0.35989225625 0.721041896875 0.3506916046875 0.7204171484375 0.39907565625 0.72288933125 0.44484311249999997 0.7280014984375 0.4457445265625 0.740149678125 0.44261546875 0.7442097796875 0.44649404062500003 0.7449926687499999 0.4540116375 0.7465263171875 0.4542820609375 0.76032791875 0.44775477031250005 0.7625221890625 0.4412892359375 0.757942134375 0.374592775 0.7420931703125 0.3628372875
15 0.7564025671875 0.547740821875 0.764189340625 0.5364631765625 0.7677357296875 0.52232939375 0.767071365625 0.50218203125 0.762407409375 0.480802321875 0.75254239375 0.467993521875 0.7387086640625 0.45975604062500003 0.7346794421875 0.46168113593750004 0.7256899515625 0.4738009328125 0.7233166468750001 0.49025000625 0.7229326921875 0.5402578484375 0.7261827703125 0.5576984765625 0.7289500140625 0.562930415625 0.7315060984375 0.563381121875 0.74702163125 0.5561018203125 0.7564025671875 0.547740821875
3 0.672014378125 0.264034303125 0.67685736875 0.2754304734375 0.6763782796875 0.2901051046875 0.6818560031249999 0.32480607968749997 0.6854048890625 0.3285945078125 0.6965898953125 0.3189702859375 0.7004375890625 0.3091065171875 0.698475375 0.2544680953125 0.695136403125 0.246499790625 0.69296926875 0.23188566875 0.687013703125 0.2208204328125 0.6739616140625 0.21113944375 0.6619628390625001 0.2074424015625 0.6441912765625 0.20957990781250002 0.6342386171875 0.21520453750000001 0.6245872578125 0.225099184375 0.61971713125 0.2347826703125 0.6166819593749999 0.24900659531249997 0.6340028156249999 0.249425175 0.653429046875 0.25285054375 0.66422510625 0.257389734375 0.672014378125 0.264034303125