26 0.3824995890625 0.2925954890625 0.3775057046875 0.32403470156249997 0.38585669375 0.35944333125 0.40803393125 0.395575265625 0.4359850953125 0.41066791093750005 0.4631562171875 0.415360628125 0.477283628125 0.4118158390625 0.5279651078125001 0.3765356578125 0.535301609375 0.3583820859375 0.5440797234375 0.3484042921875 0.5555066109375 0.31161578125 0.546373084375 0.2837213578125 0.523773715625 0.25714758125000003 0.4889699125 0.239048253125 0.4496560875 0.2312278875 0.4263309234375 0.2363944890625 0.40871545937500003 0.250038040625 0.3824995890625 0.2925954890625
26 0.20218785625 0.49509628906250003 0.21745321718750002 0.5219095046875 0.24720639375000003 0.5472218718749999 0.2740763484375 0.5561826812499999 0.32403203125 0.5526428812499999 0.356619171875 0.5163382328125 0.370210971875 0.4738992546875 0.36210191406250003 0.42791049687499993 0.3476783234375 0.39989510781250004 0.32032949374999997 0.3762662796875 0.2831805796875 0.3627954484375 0.24807311406250002 0.36687835 0.219756559375 0.38557002812499996 0.2017781984375 0.41508376875 0.1946786375 0.45848548281249996 0.20218785625 0.49509628906250003
26 0.237221115625 0.5921861640625 0.21329112343749998 0.62380308125 0.20330834062499997 0.6508532390624999 0.20294544218750002 0.6667234296875 0.20732951093750002 0.6975628031250001 0.217786175 0.7210089328125 0.232513428125 0.726842096875 0.2650905890625 0.7621939875 0.28769245312499997 0.7708536296874999 0.30578679062499997 0.7718780984375 0.34101521875 0.7625051359375 0.3818373765625 0.7310709109375 0.397591590625 0.700895603125 0.400662496875 0.664526728125 0.38918635468749996 0.6233466640625 0.370674875 0.5960520796875 0.34200290624999996 0.5768715484375 0.30779894375 0.5681501734375 0.2638541296875 0.5758988296875 0.237221115625 0.5921861640625
26 0.4087173125 0.66837518125 0.3995145703125 0.7058252625 0.3989097390625 0.7322755796875 0.40149179375 0.7528952296875 0.41248906406249997 0.779407278125 0.43436762812499996 0.8018931671875 0.456307921875 0.812776953125 0.4875077 0.8104368328125 0.5758786953125 0.7916934 0.5854985796875 0.780513434375 0.5910330703125 0.7521401390625 0.5861701312500001 0.7066327484375 0.558823796875 0.6650897875 0.53165516875 0.6424829328125 0.487352446875 0.6302735109375 0.4527855859375 0.6374223265625 0.42903828749999995 0.652147084375 0.4208007796875 0.66519079375 0.4087173125 0.66837518125
26 0.3918008421875 0.41108255781249997 0.378937334375 0.4038670203125 0.37160332500000004 0.4041064578125 0.367394471875 0.410117328125 0.37748574375 0.4673477828125 0.3761601109375 0.489710209375 0.36569595781249997 0.520006484375 0.337317671875 0.5503002640625 0.338939484375 0.559498015625 0.3472337359375 0.5706804765625 0.3848022875 0.5925072921875 0.420445365625 0.6273185781249999 0.4546493296875 0.636039953125 0.4806800078125 0.6282888 0.509120025 0.5863929203125 0.5147137515625 0.5643316609375 0.48923615 0.4855780546875 0.46916209531249997 0.4553977546875 0.43387941874999997 0.4226304109375 0.3918008421875 0.41108255781249997
26 0.5687105625 0.46418834374999995 0.563415509375 0.4998956484375 0.5658173609375 0.519493325 0.5718874640625 0.530014215625 0.57615555625 0.5303153828125 0.5917295703125001 0.499118103125 0.6142154578125 0.47723953750000003 0.674151428125 0.46456371562500004 0.7097377671875 0.47514883125 0.7391305390625 0.49841725625000005 0.7414756515625001 0.49378876250000003 0.7293971734375 0.4611448796875 0.7066176046875 0.43354913125000005 0.6771038640625 0.41557077031249995 0.6381504421875 0.40979435000000003 0.6110977890625 0.4177257 0.5895746390625 0.43311202812499994 0.5687105625 0.46418834374999995
26 0.523200678125 0.48696541875 0.5126797859375001 0.493035521875 0.5183277578125 0.5131145671875 0.5176636921875 0.53325285 0.5100877515625 0.5440724140625 0.5056937046875001 0.5848895796875 0.49156379843750003 0.6063485046875 0.47262519531249997 0.6244403468749999 0.47538994375000004 0.6281678328125 0.5032226375 0.6306364062500001 0.5268464734375 0.6391158484374999 0.55161574375 0.6242108890625 0.5691127359375 0.5979432703125 0.5724205828125 0.5868225375 0.5721861359375 0.5436602609375 0.5622108406249999 0.5169680109375 0.5461629453125 0.49766900625000005 0.523200678125 0.48696541875
26 0.57308465 0.5666842578125 0.5790312921874999 0.600409346875 0.597903175 0.629747875 0.6279575187499999 0.650792153125 0.667811946875 0.6616784375 0.72119644375 0.641727840625 0.7406756515625 0.6267019171875 0.75697046875 0.5995925265625 0.7647908359375 0.5602787 0.7583628250000001 0.5297997296875 0.7328802343749999 0.48687439218749995 0.702645690625 0.4648081421875 0.6636922671875001 0.4590317203125 0.6209496265625 0.46762214843749994 0.605679275 0.476637203125 0.5776588984375 0.5268890640625 0.57308465 0.5666842578125
26 0.5393495796875001 0.644287440625 0.5767971671875001 0.6714043171874999 0.59675025625 0.7068746796875 0.6204333281250001 0.7216661578125 0.636905853125 0.7134928734375 0.6647435359375 0.6801331765625 0.663121725 0.6709354249999999 0.67027553125 0.669674015625 0.680556984375 0.656269903125 0.6765900625 0.6517006453125 0.6256149015625 0.6375065109375 0.59538035625 0.6154402625000001 0.5784906890625 0.5973434296875 0.566587421875 0.601549790625 0.5391101421875 0.6369534328124999 0.5393495796875001 0.644287440625
26 0.5976369375 0.383218075 0.5956547234375 0.3719763796875 0.599322975 0.3628995921875 0.575820103125 0.3491300890625 0.5442006890625 0.3431142296875 0.5279651078125001 0.3765356578125 0.5147979359375 0.39150234687499996 0.47487928124999995 0.41013229687499997 0.449811340625 0.4113912109375 0.43297841249999997 0.41752055 0.43387941874999997 0.4226304109375 0.45690092031249996 0.4396460359375 0.4581623296875 0.4467998421875 0.48418801875 0.47487696250000005 0.49428428281250003 0.4962791453125 0.498006778125 0.5293426671875 0.5153803109374999 0.5262792453125 0.5118380140625 0.49423769687499997 0.52404494375 0.4678491109375 0.537330584375 0.46550649374999997 0.5467677734375 0.47121869062500005 0.5651632765625 0.467975065625 0.6053263578125 0.42085085468749994 0.6013619296875 0.3983674609375 0.5939094500000001 0.38598282500000003 0.5976369375 0.383218075
26 0.3293495390625 0.35570836250000004 0.31846575 0.37764865625 0.342388259375 0.39977414218749996 0.358976759375 0.4221390625 0.36697233749999997 0.41967548125 0.367935075 0.41318324375 0.3822426875 0.410660425 0.41302033125 0.4178784578125 0.43279821093750004 0.41649857656249994 0.43340054375000003 0.4079623953125 0.42258097968749997 0.40038645781250004 0.4192163921875 0.387281015625 0.40442990468750006 0.3751358171875 0.3943928765625 0.36004566875 0.3808727890625 0.31922600624999997 0.3518354265625 0.3338297984375 0.3293495390625 0.35570836250000004