10 0.8367662296875 0.3635839359375 0.8106375124999999 0.35382380156250004 0.7975040484375 0.3524845125 0.7769552671875 0.3537516015625 0.7472081046875 0.3627967765625 0.7344321 0.36889377031250004 0.7193577109375 0.37188051875 0.70858644375 0.37721410624999996 0.69336810625 0.3812701578125 0.6831284937500001 0.386691146875 0.667874165625 0.39101452187499997 0.6605946328125001 0.396648875 0.644980425 0.4036455046875 0.6240693453125 0.4176953859375 0.611027515625 0.4237486828125 0.6049552421875 0.42848852812500005 0.596490528125 0.4328350859375 0.5903462765625 0.43810958437499997 0.572738825 0.4578941375 0.5641277390625 0.4734195328125 0.5591523406250001 0.48817639062499996 0.5552378265625 0.513217584375 0.5561187734375 0.5248385484375 0.5614640343749999 0.55577381875 0.5578513359375 0.5805913859375 0.5574309734375 0.5958238078125 0.56071010625 0.6138503203125001 0.5687160515625 0.6351130484375 0.57056050625 0.643613503125 0.574107884375 0.6515741796875 0.57753096875 0.6685313890625 0.5850494125 0.6853421125 0.59629759375 0.698667346875 0.604743559375 0.712624890625 0.608520775 0.7208965875 0.6143027296875 0.72840488125 0.6180799484375 0.73667658125 0.6234022218749999 0.743562821875 0.6267197624999999 0.751212471875 0.6318481859375 0.7575203671875 0.6360490921874999 0.7666814390625001 0.6405239875000001 0.7717889328124999 0.6441073546875 0.7794822828125 0.66479283125 0.80747450625 0.6684841609375 0.814365878125 0.6746399046875 0.82111589375 0.6793585515625 0.8284493890625001 0.6865776 0.835374203125 0.694320140625 0.84648369375 0.7028822328125 0.85554198125 0.7069473515625 0.8616750765625 0.714202390625 0.8683325625 0.7209895859375 0.8784652812499999 0.72965964375 0.8867215906249999 0.7347160921875 0.8935641343749999 0.754578684375 0.9074857671875 0.77459339375 0.9162408187500001 0.7857139546874999 0.922440796875 0.7963086078125 0.9345656281249999 0.8063077968749999 0.9430404343750001 0.81328884375 0.9537515015625001 0.829164040625 0.967017646875 0.8537437578124999 0.78443436875 0.8438933578125001 0.754671184375 0.8450531359375001 0.7420194921875 0.8509920421875 0.7241421265625 0.8555380093749999 0.7024836359375 0.8528044421875001 0.686459496875 0.847972084375 0.673915721875 0.8475508140624999 0.6629168078125 0.8483564578125 0.6589506265625 0.8506490984375 0.6560486156249999 0.8680823546875001 0.6436129484374999 0.8734651156250001 0.6379400265624999 0.9041987625000001 0.40964409531249996 0.8986744718749999 0.40627678125 0.8926765921875001 0.4003724421875 0.8826553234375 0.3940799390625 0.8711192406249999 0.3828933078125 0.8563351718750001 0.3736319171875 0.8367662296875 0.3635839359375
10 0.463797153125 0.8432896484375 0.4638658015625 0.826633203125 0.45938999375 0.795294375 0.45339453281250003 0.7792804953125 0.4518518921875 0.7705564171875 0.44378213593750004 0.745731059375 0.4367871765625 0.7331050140625 0.4291305296875 0.7233758484374999 0.4154179328125 0.7101919718749999 0.407293440625 0.7039380390625001 0.37786109218749997 0.6884432312500001 0.358212009375 0.6830271812500001 0.30871838125 0.6732514671875001 0.284082403125 0.6705677609375 0.26711124218750004 0.673515940625 0.243126371875 0.6821421734374999 0.21975087968749998 0.696333409375 0.20719655 0.7068387109375001 0.1973004859375 0.717781003125 0.1873103703125 0.7314402515625 0.1752272078125 0.7545921124999999 0.16629798125 0.778535696875 0.16154425625 0.7977008609375 0.162368046875 0.8380027828125 0.1677133078125 0.8689380578125 0.1776356828125 0.8981665890625001 0.189205334375 0.91919543125 0.21412195937499998 0.9500691453125001 0.23463590625 0.9676192953125 0.3709115890625 0.98677159375 0.40322923906249997 0.964215553125 0.43005715 0.9344706140625 0.444230934375 0.911935665625 0.4579916125 0.8743045296874999 0.4613859640625 0.8612004531249999 0.463797153125 0.8432896484375
10 0.7574998640625 1 0.761016890625 0.99488845625 0.780592184375 0.9483764906250001 0.7868026640625 0.936555084375 0.7873285734375 0.930630225 0.7833215171875 0.9220475 0.7764762546874999 0.9143644109375 0.767662246875 0.9071774046875 0.7506436046875 0.89836839375 0.7374185093750001 0.8896365218750001 0.7016831421874999 0.8523392046874999 0.6920299203125 0.8392761671875 0.6795605671875 0.8249304609375001 0.6505150140625 0.7843610203125 0.6437196562499999 0.7783255828125 0.6293871 0.77378351875 0.602962309375 0.7702592671875 0.5811424625 0.7688582328125 0.5662480125 0.77050835 0.5474299765625 0.7750656140625 0.53605508125 0.7808464546875 0.5142328140625 0.789554953125 0.49380348906249993 0.80204458125 0.47714563437499996 0.8167936499999999 0.4659842453125 0.831080075 0.46348959218749997 0.8375010156249999 0.4614382828125 0.8527385671875001 0.458201790625 0.86668831875 0.451335365625 0.887418865625 0.44499484218749996 0.90222455 0.43984525 0.9243302953124999 0.4362153125 0.9311110906250001 0.4281301375 0.9407116249999999 0.42078437187500006 0.9528928859375 0.41814576406250004 0.9603831312500001 0.4176476796875 0.97013794375 0.420641328125 0.980193521875 0.426846971875 0.9885911890625 0.4364486828125 0.99598223125 0.46503659375 1 0.7574998640625 1
10 0.3828256046875 0.599089653125 0.3896128 0.609222371875 0.393669753125 0.619452746875 0.39865422968750003 0.6268299421875 0.4016421296875 0.6308732625 0.41015432343749997 0.6382838937499999 0.4177749875 0.6482803890625 0.43586268125 0.663276453125 0.44631580312499997 0.6663610515625 0.4581561203125 0.6672145171875 0.53505195625 0.6793089546875 0.5467924734375 0.6768671171875 0.5582172671875 0.672733928125 0.5665519390625 0.671371653125 0.57088530625 0.6674389078125 0.573725928125 0.656429734375 0.5728867156249999 0.6505537046875001 0.559984603125 0.613184571875 0.5572510359375 0.5971604359375 0.5576411546875 0.5882075953125 0.5628291546875 0.5557249921875 0.5572957890625 0.530223625 0.55642300625 0.5145053828124999 0.5583745171875 0.495972528125 0.5613231046875 0.48416137968750006 0.566312415625 0.4713195 0.5772742046875 0.45044246250000003 0.578295778125 0.44487232812500005 0.5753937609374999 0.44220933437500004 0.5687341859374999 0.439201878125 0.551297603125 0.43551574843749996 0.5350461984375 0.4331174171875 0.51671808125 0.4320171453125 0.5057611296875 0.4326751046875 0.4746570109375 0.43767182812499994 0.44664059062500006 0.4500071765625 0.43689664375000004 0.4557828875 0.42600350625 0.4600034734375 0.41842215781250003 0.46586145312499994 0.4069114765625 0.468614315625 0.3988042203125 0.48039715625 0.3951522078125 0.4893602546875 0.3885573515625 0.5161467562500001 0.3774410265625 0.5522999109375 0.3748940515625 0.5671827375 0.37665836874999997 0.5803151234375 0.3828256046875 0.599089653125
10 0.422336078125 0.74357174375 0.42775240468750003 0.7477410328125 0.43303869375000004 0.754894603125 0.440509659375 0.7599481375 0.443805121875 0.7697800875 0.44859574375 0.7765789328125 0.453649775 0.7935310140625 0.45700330312500004 0.8009133390625 0.460332334375 0.8205875046875001 0.4629603578125 0.827304078125 0.46607830000000006 0.8283631218749999 0.47407517187500003 0.8274917953125 0.48178655781249996 0.8186495375 0.4880526875 0.8144880390625 0.49498050468750004 0.8074296609375 0.5022739484375001 0.8037102828125 0.5092516671875 0.79829955625 0.5152658765625 0.7960093359375 0.5303762562500001 0.7927552625 0.5394446 0.787961453125 0.5544829984375 0.7852420296875 0.5841058703125 0.78519339375 0.604992453125 0.7834353546874999 0.615102025 0.7809986453125 0.6189037390625 0.7769785046875 0.61951553125 0.772433971875 0.6138497078125 0.7600264234375 0.6095931546875 0.7432054390625 0.600731665625 0.7242612390625001 0.5910285453124999 0.7095505531249999 0.5846789484375 0.7022221859375 0.5735943781249999 0.6957548859375 0.5644646421874999 0.686876528125 0.538867578125 0.6772037906249999 0.4882165890625 0.6699702296875001 0.46067859687499996 0.6646235296875 0.454190796875 0.664376725 0.43044393437500006 0.6692167 0.420168334375 0.674905015625 0.3992874984375 0.682675309375 0.3892139109375 0.6848446906250001 0.3783289359375 0.6849680015625 0.3722206734375 0.689975175 0.3720186578125 0.6934941046875001 0.388785384375 0.70417439375 0.3938778234375 0.7107496109375 0.40219616562500005 0.7175818953124999 0.407446465625 0.725002790625 0.41577872187500003 0.73375005 0.422336078125 0.74357174375
10 0.4017183328125 0.4325124625 0.4002860734375 0.4128768640625 0.3963255921875 0.38982 0.39731601250000004 0.3642981140625 0.3962273046875 0.3501838234375 0.39408103437499997 0.34190699687500004 0.3899660140625 0.33412625 0.3832123890625 0.3338357421875 0.36473790156249997 0.3439143078125 0.3423537359375 0.3588149953125 0.3116046578125 0.38135753906250003 0.28328400625 0.40402605156250004 0.270859715625 0.4115470734375 0.26246697812500003 0.4153589765625 0.23483251562500002 0.42283876875 0.21875863125 0.42921335000000005 0.2015936171875 0.431583178125 0.178624575 0.42862701718749996 0.1651475640625 0.42176642343750004 0.14656420625 0.40641563437499995 0.1390548328125 0.411738965625 0.12619294375 0.41645563125 0.10025565781250001 0.41738338593749996 0.09555666406249999 0.41797712656249997 0.0906417515625 0.4201748171875 0.0813517328125 0.4205603203125 0.0769472984375 0.4512590484375 0.0796693765625 0.45525866875 0.07951725781249999 0.46042525 0.0754693796875 0.47232892812499994 0.07528127343749999 0.477762834375 0.073168575 0.4793282171875 0.0620483203125 0.5619317796875001 0.0768405515625 0.56709589375 0.0888665546875 0.5726249906249999 0.113494365625 0.579405975 0.14611905 0.5853156375 0.190498165625 0.5906984375000001 0.24066165156250002 0.59347999375 0.28256244218750004 0.5970891734375 0.3210655484375 0.5976806359375 0.3381585859375 0.59584545625 0.34553791718750004 0.5935064078125001 0.35434043593750003 0.5886688999999999 0.3647460734375 0.57999630625 0.37551975937500004 0.5645531828125 0.3840612859375 0.5394529015625 0.3923091671875 0.5104789625 0.3986962578125 0.48119913125 0.4021011953125 0.4538882390625 0.4017183328125 0.4325124625
10 0.4197528015625 0.429739078125 0.42204060156249995 0.4470561453125 0.424344734375 0.45617865 0.42867567968750003 0.46235544375000004 0.4343578359375 0.46656843437499995 0.444105109375 0.476914515625 0.4514239578125 0.487134634375 0.4574938140625 0.4925043203125 0.481321728125 0.509263746875 0.49842625781249994 0.5194530875 0.5084614359375 0.52766056875 0.510967584375 0.5332641406249999 0.5107794796875 0.5386980484375 0.5607548625 0.546913509375 0.5572655453124999 0.5365032078125 0.5551298609375 0.514019559375 0.5553841953124999 0.5020387453125 0.5566797609374999 0.49241502812500004 0.5598941734375 0.48064757968749994 0.567829653125 0.46610408750000004 0.5836343828125 0.4435640109375 0.5977697609375 0.43140592968749997 0.62744736875 0.4127858671875 0.6534811281249999 0.3990316234375 0.6584541078124999 0.394384303125 0.67372536875 0.3192941625 0.68273715625 0.2806091140625 0.689589675 0.2579635890625 0.6906693109375001 0.24994382499999998 0.6888133625 0.22941885625 0.6860773765625 0.2235042546875 0.681120725 0.219957015625 0.672276475 0.21904959218750003 0.6134462609375 0.22413352031249997 0.5765021203125 0.22407158124999998 0.5394778421875001 0.22864157187499998 0.530769378125 0.2307621234375 0.4634106359375 0.23662998281249997 0.4600906765625 0.2390898703125 0.45073775781250003 0.2621440765625 0.44257244218749997 0.27637654375 0.421528903125 0.303520240625 0.4200975515625 0.3101159765625 0.41979331875000003 0.32044914375 0.420647353125 0.354471484375 0.41960703125 0.37834571562499997 0.42044715468750005 0.41045307812500004 0.4197528015625 0.429739078125
10 0.7310540765625 0.3738032875 0.75038985625 0.367418446875 0.765422509375 0.3586867671875 0.7739011359375 0.3562551890625 0.776387625 0.3539315265625 0.774283090625 0.35139963125 0.7670419625 0.346657121875 0.759385315625 0.3369279578125 0.747669290625 0.3270779546875 0.735199940625 0.312732246875 0.7088183984375 0.2786120578125 0.7036621484375 0.2684742109375 0.696609128125 0.25829779375 0.693419209375 0.25777340312499997 0.68723896875 0.263315228125 0.6836810078125 0.26956136875 0.68089845 0.27812091250000004 0.6709869640624999 0.3234891015625 0.661185859375 0.357945775 0.654363584375 0.374311715625 0.6536274984375 0.3878527859375 0.6561336468750001 0.3934563609375 0.6673343453125 0.395024403125 0.67538928125 0.3917034515625 0.6953565125 0.3887013125 0.70878604375 0.383804715625 0.7177243468750001 0.38199518593750004 0.7244141625 0.3787230640625 0.7310540765625 0.3738032875
10 0.23848096718749998 0 0.2382099171875 0.0001429 0.2224656671875 0.0101238078125 0.18813080468750001 0.035082540625000005 0.17832879375 0.04330788125 0.1725002671875 0.050273734375000004 0.1746465375 0.058550560937499996 0.1810157890625 0.0738061609375 0.18525843125000002 0.0887121703125 0.194057015625 0.1303250703125 0.1977550015625 0.1694600328125 0.1985313125 0.19800476718749999 0.19761286718749999 0.222992 0.194795228125 0.2580502046875 0.187154303125 0.3026986859375 0.1862104546875 0.313746425 0.1764731609375 0.3517657265625 0.17276308437500001 0.3631784515625 0.1607543171875 0.375686128125 0.1557789171875 0.3904429859375 0.1484110796875 0.40480655312499997 0.14938033281250002 0.407698303125 0.15618960312500002 0.41564871718749996 0.169076896875 0.424871540625 0.17954393125 0.42987111406249995 0.196291 0.432624171875 0.20880692343749999 0.4324957328125 0.21653796718749999 0.43158070937500004 0.2386759609375 0.42456356093750003 0.257967584375 0.4225433265625 0.2970292625 0.40082080781249996 0.3197872171875 0.3851618453125 0.334252228125 0.3766100921875 0.3698303390625 0.350489528125 0.385280934375 0.336634965625 0.399164396875 0.326348159375 0.42699755 0.29922764375 0.4422264734375 0.280964778125 0.4483429015625 0.27186032031249996 0.460046525 0.2434544734375 0.460248540625 0.23993554375 0.457578784375 0.22747403593749999 0.462568096875 0.2146321546875 0.46314390312500003 0.21035495 0.45548392499999996 0.184503990625 0.434972640625 0.1491628796875 0.412376478125 0.119217109375 0.39224715312499997 0.0790204421875 0.37961419375 0.057816803125 0.3629799265625 0.034042698437500005 0.336496165625 0.0067367421875 0.326105740625 0 0.23848096718749998 0
10 0.200056715625 0.18869207500000001 0.1990064109375 0.164200921875 0.19640862812499998 0.1512047640625 0.195472034375 0.1319238921875 0.1927082265625 0.1221793390625 0.18818826718749998 0.0952051171875 0.1813036921875 0.071667559375 0.1769809125 0.061393484374999995 0.1744191171875 0.0481299984375 0.174729096875 0.043809095312500004 0.1778993578125 0.0364062484375 0.178583128125 0.031327065625 0.175401375 0.0267053953125 0.1529639859375 0.02383663125 0.1357073375 0.0188138765625 0.0809779421875 0.42131859687500006 0.0924526359375 0.418833059375 0.1232247 0.4203395453125 0.131257559375 0.4192008953125 0.13801935 0.4153941203125 0.148195153125 0.40641050468750006 0.1566123859375 0.390306759375 0.1668405046875 0.37286125625 0.17315078281250001 0.364335153125 0.17763626562499998 0.3552358265625 0.1848707359375 0.327734746875 0.1889872671875 0.2991746234375 0.1949204296875 0.275285 0.19838343281249998 0.24552447968750002 0.19775439687500002 0.2320322375 0.200056715625 0.18869207500000001
10 0.2847345609375 0 0.28443590625000004 0.003916615625 0.282860603125 0.0115816578125 0.2836335890625 0.024004595312499998 0.2870370140625 0.033034571875 0.288579653125 0.041758653125 0.2862740109375 0.0689770203125 0.2885200796875 0.080549153125 0.2883377203125 0.09199531718750001 0.289944171875 0.10428202812500001 0.2877129234375 0.12085620781249999 0.2866726 0.1447304390625 0.28403399375 0.15222068125 0.279764440625 0.15971605312499998 0.2795043609375 0.165684609375 0.2957043546875 0.2027761609375 0.3046680609375 0.21490612343749999 0.31505495156249996 0.2245376296875 0.3369222828125 0.2376958578125 0.387960971875 0.246086115625 0.4006928203125 0.24435372656249998 0.42135773125 0.2381873828125 0.4481644734375 0.23685607812499998 0.4597970296875 0.235216215625 0.47667413906249995 0.23498499062499997 0.5659189578125 0.22397126093750003 0.6650271828125 0.21840436093750001 0.7409504375 0.21148525468749999 0.7870987046875 0.209781365625 0.826853225 0.20511371562499997 0.84135996875 0.20230689375000002 0.8926170046875 0.1989836625 0.9227796937500001 0.1949251453125 0.9334209187500001 0.1925758359375 0.9500662515625 0.0689308421875 0.8144528281250001 0.0392796765625 0.534963409375 0 0.2847345609375 0