15 0.4874870984375 0.12522078125 0.4685459640625 0.1166528453125 0.4530062390625 0.1129284765625 0.418189009375 0.11287759687500001 0.4005680625 0.1164741859375 0.3819015984375 0.1234536171875 0.35515833125 0.14247807968749998 0.3437978296875 0.1563427 0.3363124484375 0.1705831484375 0.33219905 0.1880013734375 0.33247372343750003 0.20354874218750002 0.3546017359375 0.2986608328125 0.37095566562500004 0.34847204375 0.38113047031249997 0.36133695781249997 0.400159890625 0.3749022609375 0.4146344796875 0.38089894687500003 0.4389601515625 0.381436865625 0.464272484375 0.3752603578125 0.4823867578125 0.3683065578125 0.49923970312500004 0.3525198140625 0.5078000281249999 0.3365623078125 0.5123871359375001 0.3146763453125 0.513386446875 0.2773968078125 0.5216091203125 0.179764353125 0.5191453203124999 0.16543004375 0.5116529703125 0.1479948578125 0.49924979687500004 0.1341219515625 0.4874870984375 0.12522078125
15 0.78443351875 0.13533191718749998 0.7643095343749999 0.122373140625 0.7465218203124999 0.1165302546875 0.7122371578125 0.11534321562500001 0.70286959375 0.11688951249999999 0.6913619468750001 0.1224251828125 0.6707025468750001 0.14172294218749998 0.6441947109374999 0.17407372031249999 0.6000434640625001 0.2400309296875 0.5854188890625001 0.256825665625 0.5803384515625 0.2820688421875 0.5806719828125 0.300947790625 0.5860144390625 0.3218170890625 0.5911901281249999 0.3332469140625 0.6002115109374999 0.3433867796875 0.619231121875 0.3563968234375 0.6380937796875 0.3605226515625 0.6530126468749999 0.3603858109375 0.68157924375 0.350723921875 0.688087775 0.3437531625 0.6957497296875 0.3395074515625 0.701696265625 0.3320070609375 0.7131941015625001 0.325916125 0.7268124 0.31472528906249997 0.746001621875 0.3060544328125 0.7737413578125001 0.280870809375 0.7966683640625 0.264802096875 0.8091332421875 0.250886209375 0.8193305093750001 0.23374127812499998 0.8223591499999999 0.217484846875 0.820950675 0.20032295625000002 0.8167420249999999 0.181068178125 0.8086092031250001 0.1586612578125 0.78443351875 0.13533191718749998
0 0 0.48780076250000004 0.024523787499999998 0.50904083125 0.071032209375 0.5452264109375 0.15980115781249998 0.5961217390625 0.16353894375 0.588723884375 0.16528663593749998 0.5625239828125 0.1327414203125 0.409545028125 0.131757603125 0.38513908125 0.1332964484375 0.378399021875 0.141343828125 0.3646882046875 0.148946925 0.35711091562499997 0.17193278750000002 0.34437378125 0.1911906765625 0.3395897671875 0.2871633671875 0.329021646875 0.2992624421875 0.32568139375 0.313099396875 0.295585975 0.318839928125 0.276425059375 0.341394165625 0.23925634687500003 0.342321965625 0.22921034375 0.33357809843749997 0.20349747499999998 0.334280275 0.18068041875000002 0.330297246875 0.17419669531249998 0.3124899171875 0.16724328125000001 0.25141577656249997 0.15118401875 0.1847314765625 0.1303837203125 0.09119884843750001 0.091379615625 0.075097128125 0.08712561875 0.058502078125 0.086228834375 0 0.1002928796875 0 0.48780076250000004
25 0.2841360046875 0.43919445625 0.26934750625000003 0.415429346875 0.2553760578125 0.4066307109375 0.24927256875 0.40524688906249995 0.23800035468749997 0.4241088765625 0.219991140625 0.46829094062500004 0.193624765625 0.5712114125000001 0.1887012859375 0.6053388 0.1886690109375 0.63479338125 0.19163595312499998 0.6463257390625 0.20057885625 0.6520235 0.20886166562500003 0.651638996875 0.21432468125 0.648051084375 0.244027925 0.6088833453125 0.2639291328125 0.5779506953125 0.27248249375 0.5303175578125 0.27929796875 0.509439584375 0.287828865625 0.491816290625 0.28953731718750003 0.463395334375 0.2843321984375 0.4502997203125 0.2841360046875 0.43919445625
25 0.3970651390625 0.57510460625 0.377999321875 0.5281978765625001 0.3707326 0.5235337453125 0.36630529218749996 0.523183546875 0.3449956109375 0.5369543078125 0.315648359375 0.5649911484375 0.28532425781250004 0.600297678125 0.246459453125 0.6526722359375 0.2418134859375 0.671226621875 0.2416046421875 0.6906864671874999 0.2439801546875 0.7000234046875 0.3156369859375 0.6894726343750001 0.3486505109375 0.681271465625 0.3953117609375 0.6635452500000001 0.41280518125 0.652730240625 0.41704610625000005 0.6425304390625 0.416307534375 0.6320060703125 0.3970651390625 0.57510460625
25 0.3949323125 0.3918164921875 0.39816695625 0.38722058593750003 0.3903480453125 0.3825820859375 0.3798368671875 0.38195859374999996 0.351979415625 0.4004790625 0.3466439265625 0.41128539843749995 0.298568509375 0.4740904625 0.278775209375 0.5111310078125 0.27141735625 0.532589875 0.26537969375000003 0.5662132671875 0.26649103125 0.5978376359375 0.2689940734375 0.614393 0.2712616796875 0.6176220421874999 0.27509755937499997 0.61577681875 0.2966945703125 0.5869883203125 0.32649591093749997 0.5533732140625001 0.359166096875 0.5257378359375 0.36410635 0.5238413453125 0.37240878125 0.524567371875 0.3785613203125 0.5287275078125 0.3843088171875 0.5412422265625 0.38922945468750003 0.5382352078125 0.3923071453125 0.524755090625 0.3960841703125 0.5195782875 0.395878165625 0.5079177609375 0.37492319531249996 0.416641246875 0.372893865625 0.3956181484375 0.37396881249999997 0.3939010890625 0.3949323125 0.3918164921875
23 0.5168549625 0.41116396718750003 0.5050951078125 0.37114242656249996 0.5022655031250001 0.36738375156249997 0.49728600624999997 0.3670591890625 0.42073797187500006 0.38228277187500004 0.378386309375 0.39369602187499997 0.3734754828125 0.3972583046875 0.3773673796875 0.4298650265625 0.3917578015625 0.49366035625000004 0.3979761640625 0.5328277031249999 0.4061286046875 0.5563451515625 0.43628849531249997 0.699431903125 0.4348183203125 0.7100588046875 0.41860584999999995 0.73081728125 0.410035715625 0.746219525 0.4085851546875 0.75795695 0.41267608906250003 0.77054856875 0.45343985781249996 0.763099059375 0.5227702203125 0.7459876609375 0.5678435765625001 0.7322251875 0.5716304109375 0.7276036484375 0.570074790625 0.7021128109375 0.5735379015625 0.6791675859375 0.561937846875 0.6169098828124999 0.5381728906250001 0.5229852203124999 0.5168549625 0.41116396718750003
25 0.3594647953125 0.3862386140625 0.3410071796875 0.3737582046875 0.317174834375 0.3698630734375 0.30391253125 0.36992301250000004 0.2664128375 0.3744424046875 0.22278022968750003 0.3759121890625 0.2178694015625 0.37947447031250003 0.20352930625 0.41237183593750004 0.1867323765625 0.4626105296875 0.1764734078125 0.5075442546875 0.17451970625 0.5220836296875 0.1757614203125 0.5298060484375 0.187386784375 0.530933534375 0.206112103125 0.52728568125 0.22105627656250001 0.46601862499999996 0.2369254109375 0.425825934375 0.24873019218749998 0.405827784375 0.2525955015625 0.40564835156249995 0.264880959375 0.41285809999999995 0.2756177625 0.42625264218750003 0.28843294531249997 0.46344660312499997 0.288224096875 0.48290644687500006 0.29270045312500004 0.48603295781250005 0.304524853125 0.46714533593749996 0.3234786421875 0.44514816250000006 0.3358356140625 0.42512438125 0.353685025 0.4031784765625 0.36188935624999996 0.39835186875 0.36342820468750003 0.391611809375 0.3594647953125 0.3862386140625
0 0.8111220546875 0.1757718828125 0.8182191671875 0.20211691250000002 0.81915393125 0.22374654062500002 0.8139754015625 0.24343708749999998 0.797743309375 0.263085040625 0.7682489140625 0.2827929328125 0.760123059375 0.292061646875 0.740460128125 0.305200240625 0.72198005 0.322729675 0.7208630234375 0.3533460484375 0.7257947484375 0.4448106703125 0.7234556296875 0.4688151578125 0.701836159375 0.5276134984375 0.67783833125 0.6081952734375 0.6665955453125 0.6287230484374999 0.66510575 0.638239425 0.6663180328125 0.6442960531249999 0.67752854375 0.6532228578125 0.705206578125 0.655828028125 0.7303002515625 0.6685560984375 0.7736455359375001 0.68210405625 0.8727294703125 0.7225176125 0.908304890625 0.734203384375 0.9170025546874999 0.7260195640625 0.92289023125 0.7151875953125 0.9502796609375 0.638894128125 0.9769501406250001 0.5531868156249999 0.991283265625 0.4886138125 0.9977690953125 0.4512494359375 0.9602948484375 0.14604617656250002 0.913161840625 0.1332461578125 0.8891921593750001 0.12157734375 0.8808995390625001 0.12140658124999999 0.8393256906250001 0.14556525468749998 0.8126510921874999 0.16847655781249998 0.8111220546875 0.1757718828125
24 0.5815156171875 0.3487004234375 0.5781043968749999 0.3433015921875 0.5764184046875 0.34171270468750004 0.5664790328125 0.3421741046875 0.5323317046875 0.348760753125 0.498883709375 0.363650709375 0.50505586875 0.3689213734375 0.5144598296875 0.4007165 0.52837654375 0.46897956562500004 0.53121595625 0.473293503125 0.5344771890625 0.5014837562500001 0.5384700265625 0.5085227437500001 0.5528268953125 0.5078562734375 0.55381355625 0.50114185 0.549209671875 0.49079691406250003 0.558498759375 0.484808515625 0.576090278125 0.4795461375 0.59430265 0.47814497187500005 0.6020823234375 0.480562415625 0.610721125 0.46904701718749997 0.6211047749999999 0.4624520859375 0.6249798984375 0.46282791406249996 0.6297211171875 0.48094653281250005 0.6359227046875 0.487882984375 0.6556543046875001 0.4786312328125 0.6643029171875 0.467671096875 0.6579766453125 0.42239585156250004 0.654516375 0.41422070624999996 0.65485275 0.40197928281250006 0.6579598703125 0.3901649546875 0.6550517874999999 0.381964175 0.643328328125 0.3752840546875 0.6284388875 0.377086684375 0.623024921875 0.3834509171875 0.6184770546875 0.4075579328125 0.611870425 0.4089760625 0.6070997765625 0.3891916546875 0.605900146875 0.3525699203125 0.5925887953125 0.3498535453125 0.5910008984374999 0.35381728749999997 0.5922818515625 0.3637607546875 0.5867894046875 0.3656828828125 0.5839794203124999 0.363034734375 0.5815156171875 0.3487004234375
19 0.62424545 0.51509955625 0.612472940625 0.5056431203125 0.6071206765625 0.4842185578125 0.5999226203125 0.48344126875000004 0.57816865625 0.5033455546875001 0.57333630625 0.5113499390625 0.576786765625 0.5189698234375 0.5889545078125 0.5195164140624999 0.5890231765625 0.5234032546875 0.58139065 0.5293147546875 0.5816555125 0.5443068625 0.5894940421875 0.5500558859375 0.5958427765625001 0.5653212890625 0.614901625 0.58055238125 0.615600959375 0.588855696875 0.6201361750000001 0.5953137875000001 0.6149282109375 0.6133385421875001 0.6078871125 0.6214454625 0.6149057484375 0.6433483875 0.6182875390625 0.64708143125 0.6249039796875 0.6462185640625 0.6276158671875 0.6433140796875 0.63703248125 0.6445441 0.643037875 0.6403752921875 0.641786353125 0.6320976125 0.6373394265625001 0.6306368875 0.6361761921875 0.6273565765625 0.63747960625 0.607290203125 0.6457133671874999 0.60412938125 0.6685394328125 0.6136284109375 0.6740613062499999 0.613372075 0.6809062109374999 0.5941598921875 0.6790828828125 0.58479731875 0.6689080781250001 0.57193240625 0.6511007484375 0.5649789953125001 0.6376422484375001 0.5539336703125 0.6403345140625001 0.5499186609375 0.6585174609375 0.5468517 0.667215121875 0.5386678828125 0.6661822578125001 0.5114856203125 0.66334284375 0.50717168125 0.656687165625 0.5058134953125 0.6336620625 0.516329578125 0.62424545 0.51509955625
19 0.58081884375 0.5282298609375 0.5734344046875 0.5169025703125001 0.56281531875 0.5101711890625 0.5417929625 0.50892420625 0.53744413125 0.5130161156249999 0.537542228125 0.518568746875 0.5649244046875 0.6295527671875 0.5799708 0.6366343484375 0.5949092874999999 0.637608034375 0.6143073546875 0.609477334375 0.6201263625 0.5947585234375 0.610967646875 0.5768449734375001 0.592451171875 0.5610329843749999 0.58668405625 0.5474077390625001 0.582197890625 0.5437259640625001 0.58081884375 0.5282298609375
27 0.3672795828125 0.32808110625000003 0.3638389328125 0.3210164875 0.3616007546875 0.3194532296875 0.34834825625 0.3200684359375 0.28604918281249997 0.3285176515625 0.21652262812499998 0.334523784375 0.17630123749999999 0.341392396875 0.1489174953125 0.35544512500000003 0.139687265625 0.3647651046875 0.1316398875 0.378475921875 0.1327218 0.4084345 0.164714828125 0.5614390874999999 0.161980478125 0.5943534171875 0.154220425 0.593046496875 0.1452677140625 0.5867934734375 0.1419643984375 0.5875025375 0.14038631562499998 0.5920215437499999 0.1482359328125 0.692242209375 0.1523366765625 0.7053890921875 0.1608843484375 0.719996696875 0.172676478125 0.7305636546875001 0.185494503125 0.7366372421875 0.20655609843749997 0.740105275 0.225330471875 0.7392337375 0.3063842921875 0.7288024562500001 0.41274063749999995 0.71163940625 0.4336354671875 0.7056679640625 0.43633754687500004 0.70220821875 0.43553030625 0.6877970078125 0.416153421875 0.5920014859375 0.4030145171875 0.5364838437499999 0.3972375921875 0.5223033359375 0.3859751890625 0.5417205875 0.38611252500000004 0.549494271875 0.4129649796875 0.6304940828125 0.41435383750000004 0.6465454484375 0.407351975 0.6568734203125 0.37281922500000003 0.672925171875 0.3387503765625 0.6839539203125 0.2935985375 0.6932742890625 0.25226296718749996 0.6996389062499999 0.2450649125 0.698861615625 0.242797303125 0.69563256875 0.24209797187499998 0.6873292546875 0.2443978515625 0.66110371875 0.2475834484375 0.653731496875 0.27132053906250003 0.6209536203125 0.2639683703125 0.5801717484375 0.24621705624999998 0.6076702875 0.213762684375 0.6475214546875 0.2066431078125 0.65118626875 0.1977983 0.6510411421875 0.1922077578125 0.647410634375 0.1893389140625 0.6414309046875 0.188178525 0.607030221875 0.2034198359375 0.5313006890625 0.2017240328125 0.5291565375 0.179103971875 0.5313180359375 0.1746079953125 0.5270809984375 0.174470659375 0.519307315625 0.1967334515625 0.434360334375 0.21683369687499998 0.3834125796875 0.2200683390625 0.378816671875 0.22555097656249998 0.3763392828125 0.3122247703125 0.3712043015625 0.34048441875 0.3754496234375 0.353874253125 0.3826081078125 0.36341839375 0.391056546875 0.3683880796875 0.390825846875 0.38042829375 0.38415401562499996 0.38761653906250004 0.38437604062499997 0.3976441984375 0.3889120078125 0.41304658749999995 0.384862690625 0.41237668281250006 0.3782251671875 0.40955688593749995 0.3750217546875 0.3945301125 0.3690507015625 0.37713763437500003 0.3542979703125 0.3703249984375 0.344055571875 0.3672795828125 0.32808110625000003
27 0.6730354078125 0.6178654484375 0.6580478734375 0.61411545 0.652427903125 0.6088191484375 0.6452200375 0.6074865968750001 0.640289590625 0.60993835 0.639577603125 0.63220014375 0.6413715015625 0.639896928125 0.6364901015625 0.6451249984375 0.61717335625 0.6465774328125 0.605874559375 0.6326532593749999 0.595451665625 0.6370271359374999 0.5755336828125001 0.635728890625 0.568374865625 0.6371726515625 0.5673980171874999 0.644442340625 0.5772826531249999 0.7034453640625 0.5894405890625001 0.7034366921874999 0.6400848671875 0.6921942015625 0.673719246875 0.6878542421875 0.7050565875 0.6786194484375 0.7186945062500001 0.6685391390625 0.7180147953125 0.66134635 0.7112904484375 0.65610131875 0.6791752953125 0.6525906953125 0.66805306875 0.6486612578125001 0.663439375 0.6377610640625 0.6730354078125 0.6178654484375
27 0.5847825375 0.3146499359375 0.5793223656250001 0.287117478125 0.5753981953125 0.283965334375 0.570428509375 0.2841960359375 0.518029571875 0.28996279375 0.5131187421875001 0.29352507656250004 0.51142990625 0.323056559375 0.502088928125 0.35738901562500003 0.507097853125 0.35937936718749997 0.53343608125 0.348709484375 0.5532461578125 0.3438998359375 0.5698117765624999 0.3431308328125 0.5921150859375001 0.3543212828125 0.6009500828125 0.3539111484375 0.6049232984375 0.3598396078125 0.60652796875 0.3881067640625 0.60953415 0.401860171875 0.6135171765625 0.4083438984375 0.6195323796875 0.4047303515625 0.6225512125 0.38791865468750003 0.6295726937499999 0.3787012109375 0.6439197562500001 0.377479475 0.6550714078125 0.3830747 0.6573488265625 0.3868590078125 0.6574763515625001 0.39407743125 0.6550783734375 0.41475033593750005 0.66314949375 0.464946046875 0.6616204578125 0.4722413703125 0.655102115625 0.478656865625 0.6375596484375 0.4866955578125 0.6308353 0.48145052968749996 0.62724750625 0.466056959375 0.620039640625 0.4647244078125 0.6107701718749999 0.47182333437499996 0.6054346828125 0.48262967031250004 0.6101955218749999 0.5018588125 0.6203703296875 0.5147237265625 0.63423386875 0.5174144671875001 0.6567264046875 0.508034546875 0.663953890625 0.5104776281250001 0.6662705453125 0.5164829875 0.6655977984375 0.5409658359375 0.66020345 0.5484405921875 0.648143615625 0.554001896875 0.6454807765624999 0.559682696875 0.658919659375 0.56961749375 0.6678135140625 0.5725389359374999 0.6779588921874999 0.5837380609375 0.6818143921875001 0.5830033625000001 0.6861534140625001 0.5783561890625 0.6977620015625 0.5472527765625 0.7176758609375 0.485755021875 0.71619175 0.4330306515625 0.7024544546875 0.3436419546875 0.6974455296875 0.341651603125 0.6651117203125 0.35704555781249997 0.6496897125000001 0.3599843484375 0.6364274078125 0.3600442890625 0.621952821875 0.3540476 0.609105365625 0.34630822499999997 0.60399834375 0.338765240625 0.5927780203124999 0.3292831734375 0.5847825375 0.3146499359375