9 0.8791416234374999 0.48045204531249996 0.8533931296875 0.4351447734375 0.836622709375 0.437284703125 0.7338709515625 0.4821776921875 0.6983782625 0.4927772734375 0.6553724734374999 0.5264756187499999 0.6721690859375 0.6218201343749999 0.68795719375 0.6676566968750001 0.7269383328125001 0.7451723203125 0.7373728125000001 0.7574105953125 0.7813004343750001 0.7250230156249999 0.849780475 0.6979641859375 0.8791416234374999 0.48045204531249996
9 0.7196537359375 0.3840043546875 0.8310655046875001 0.33193566875 0.85417186875 0.315417534375 0.8549075890625 0.30996718749999996 0.7639401718750001 0.1780213046875 0.7418550875000001 0.15441413125 0.740894284375 0.14525217968749998 0.724526328125 0.1362707109375 0.6146249671875 0.18528988125 0.6068867874999999 0.1937763421875 0.6432495671875 0.266269596875 0.6875843359375 0.37738350781249996 0.698165959375 0.38853171406250003 0.7196537359375 0.3840043546875
9 0.5710695718750001 0.2311996921875 0.5758258921875 0.2366634484375 0.6383460999999999 0.2618959140625 0.640297946875 0.2555761859375 0.6113488203124999 0.2014202390625 0.6096133265625 0.1898574515625 0.7254481640625 0.137581475 0.7369126515625 0.142189259375 0.7415608 0.156594271875 0.7581148703125 0.17233685468749999 0.777953815625 0.20444389687500003 0.7962044125000001 0.22389808125 0.799303175 0.233501421875 0.80693318125 0.233956215625 0.8545219562499999 0.109327253125 0.8548159390625001 0.1012035265625 0.6447406 0.0422858640625 0.5710695718750001 0.2311996921875
9 0.599157971875 0.5115085796875001 0.46196909374999995 0.3801041421875 0.43870685624999994 0.36521752812499997 0.424701940625 0.3712897515625 0.384275546875 0.402159275 0.36500367031250003 0.4228303953125 0.301371465625 0.511654121875 0.27558626406250003 0.57243714375 0.29203215625 0.5971209843749999 0.3303770171875 0.638650884375 0.3915426859375 0.6983376109375 0.39994738281250003 0.701193240625 0.423309065625 0.6746437828125 0.4590960453125 0.6618640625000001 0.52078513125 0.6118548765625 0.5590345953125 0.5726927765625 0.5694603468749999 0.5524362375 0.581768734375 0.5426524140625 0.5981279609375 0.51913906875 0.599157971875 0.5115085796875001
0 0.24614332343749998 0.3265825171875 0.2764772265625 0.321640578125 0.2894131609375 0.3153476609375 0.318266890625 0.2888116078125 0.3308305984375 0.268996459375 0.36488208125 0.24465395 0.36849148593750003 0.2341946375 0.2853401828125 0.1094646671875 0.26805039218750004 0.0991724328125 0.25713550937499996 0.08235318124999999 0.250868775 0.079938940625 0.233215484375 0.088619290625 0.1951131640625 0.12669132031250002 0.1490275171875 0.1587861578125 0.1441298578125 0.1950688046875 0.156617109375 0.2083795640625 0.197805415625 0.2695441328125 0.21741928124999998 0.28703886875 0.23512026718749998 0.318704521875 0.24614332343749998 0.3265825171875
0 0.2834796859375 0.3186044671875 0.2385133203125 0.3261277234375 0.1995973390625 0.35394773281249997 0.20147997968750003 0.36442045 0.24838540937500003 0.4402107234375 0.28862164375 0.52470815625 0.2947412328125 0.5282124640625 0.34075911875 0.455920271875 0.396583934375 0.39237545156250003 0.38175663125 0.35570083750000003 0.3299477296875 0.2755368796875 0.2834796859375 0.3186044671875
9 0.3974883109375 0.3286965890625 0.3891225828125 0.33369214375 0.37843278593749996 0.3314851953125 0.3711360359375 0.3367014484375 0.38349212499999996 0.3672636265625 0.4002323078125 0.389767325 0.40815660156250005 0.3880419796875 0.423632959375 0.37106905625 0.4406976703125 0.36674898906250003 0.4609001140625 0.3798834484375 0.47977825625000003 0.40282853750000003 0.505806 0.4216474484375 0.5275880640625 0.41493995000000006 0.54291728125 0.3990570953125 0.49221632968750006 0.326965015625 0.48140962187499997 0.301204509375 0.46054066406249994 0.27672795781250004 0.44542780156250006 0.2747283 0.3994011875 0.3145256765625 0.3974883109375 0.3286965890625
9 0.6732380640625 0.6220408281250001 0.665482425 0.5655376624999999 0.6544896062500001 0.5330160390625001 0.6565885984375 0.52560624375 0.683490478125 0.5053899171875 0.7078519375 0.49585359531249995 0.7096566375 0.49062394062500003 0.705822153125 0.4864709515625 0.6994082734375 0.48514678125 0.6704766078125 0.49598046250000005 0.5829848578125 0.5417830375 0.568244221875 0.5533056109375 0.5520711078125 0.5835800734375 0.5400570078125 0.59118375625 0.5436059359375001 0.6300117015625 0.5611597781250001 0.662767425 0.5709667109375001 0.6715147953125 0.5837944687500001 0.67416313125 0.622091634375 0.6753470328125 0.6268479578124999 0.6808107890625 0.6300246546875 0.7061165 0.6352224125 0.708310046875 0.6719701953125 0.7046922765625 0.69769491875 0.6931965109375 0.6732380640625 0.6220408281250001
9 0.725843796875 0.9242181390624999 0.73354300625 0.9078804921874999 0.7513259796875 0.83312044375 0.7241728265625 0.7412400234375001 0.7163567125 0.734024115625 0.67448038125 0.718655896875 0.6334177109375 0.7135397015625 0.665020115625 0.9026972734375001 0.6726890875 0.9110032531250001 0.725843796875 0.9242181390624999
9 0.5587147515625001 0.7541394312499999 0.5808388 0.785597790625 0.590940021875 0.7921650234375 0.5993144781249999 0.8196642796875 0.63128443125 0.8677211968749999 0.6199368453125 0.8866669734375 0.599812340625 0.889234884375 0.5864349718749999 0.8987980140625 0.5835612890624999 0.903806975 0.5899751703125 0.9051311453125 0.660744196875 0.9018144937500001 0.664981146875 0.8948460890625001 0.6274755015625 0.6843016937499999 0.6231606140625 0.675567728125 0.616746734375 0.6742435578125 0.54277076875 0.6768981234375 0.5281383046875 0.679479440625 0.5248231890625 0.6877586124999999 0.5587147515625001 0.7541394312499999
9 0.42678005625 0.6977693546875 0.4256028984375 0.70648991875 0.43802819531250003 0.7202596515625 0.44057735 0.7420744609375001 0.41459730156249996 0.76360155 0.4043879046875 0.7659755781250001 0.40258320468750003 0.771205234375 0.45604965937499997 0.8472296078125 0.46084495 0.8605445484375001 0.5012195953125 0.9114570953125 0.513536715625 0.9341680890624999 0.5199505953125 0.9354922578125 0.60180315625 0.8907663453125 0.63128443125 0.8677211968749999 0.5899489796874999 0.8076467015625 0.58482043125 0.7886607140625 0.5602251625 0.7510899171875 0.5261864593750001 0.685799165625 0.5011497546875 0.6514985796875 0.42678005625 0.6977693546875
0 0.388777178125 0.6944053140625 0.296788478125 0.6025847390625 0.273301159375 0.5730858234375 0.2670344234375 0.570671584375 0.244997040625 0.587410409375 0.219977796875 0.6180994531249999 0.186220603125 0.64026181875 0.154718275 0.6864191359375 0.14915702343749998 0.703198171875 0.19406290937499998 0.7449621734375 0.23886061875000003 0.7956674296874999 0.3188654640625 0.8704480578125 0.3311738515625 0.8606642359375 0.3880286796875 0.789488925 0.40799730937499995 0.7555162671875 0.42896571406249995 0.7385567453124999 0.43544879999999997 0.7230884734374999 0.4136580078125 0.6973011578125 0.4000945265625 0.7001031703125 0.388777178125 0.6944053140625
9 0.1653946640625 0.5015083812500001 0.1027321078125 0.501750075 0.087246903125 0.6164669843749999 0.0937776890625 0.641344709375 0.093119903125 0.662497434375 0.1009360203125 0.6697133421875 0.11803969843749999 0.6732444625 0.1536103265625 0.678347253125 0.163045034375 0.673572390625 0.1651050546875 0.658311409375 0.1785516296875 0.6319558375 0.199896309375 0.5063904781249999 0.196169996875 0.49329623125 0.1653946640625 0.5015083812500001
9 0.18757046093750002 0.4511846734375 0.180468559375 0.49565685625 0.1960228546875 0.4943863015625 0.202700784375 0.518173959375 0.2115858828125 0.525610565625 0.23053323125 0.5317632125 0.28501223750000004 0.5351674671875 0.29138715 0.5286404499999999 0.26239905625 0.4666333140625 0.22902686718749998 0.41268465625 0.2163764921875 0.38430261875 0.2005581421875 0.363109684375 0.1997444859375 0.3528576625 0.213416140625 0.34111439374999997 0.1938802140625 0.3393220265625 0.186189734375 0.3881544890625 0.18757046093750002 0.4511846734375
9 0.5910492765625001 1 0.594091165625 0.996737253125 0.6156871171875 0.9832686359375 0.66322414375 0.94042174375 0.666980690625 0.9288723624999999 0.6450427546874999 0.904175115625 0.6111686546875 0.9027839265625 0.5789910828125 0.9051043359375001 0.5413994015625 0.9231137109375 0.5301599921875 0.9331182296874999 0.514752840625 0.9332987140625001 0.48200819531250005 0.882840959375 0.4609920953125 0.8594544796875001 0.44882211875 0.8356534171875 0.417332571875 0.792177478125 0.4110658359375 0.7897632359375 0.353250203125 0.851776596875 0.47579232187500003 1 0.5910492765625001 1
9 0.3346233328125 0.940928253125 0.4067643578125 0.968146971875 0.41910298749999997 0.9337195234375001 0.3618410109375 0.8613933406250001 0.352955915625 0.8539567375000001 0.338137340625 0.8497769390625001 0.3250932296875 0.8650111125000001 0.3171689359375 0.866736459375 0.2583273421875 0.814252240625 0.1744490453125 0.72746743125 0.160219046875 0.7189273546875 0.124960171875 0.7766340515625 0.25289172656250003 0.8870796500000001 0.3068990625 0.9183977406249999 0.3346233328125 0.940928253125