15 0.50166431875 0.557314259375 0.4937406984375 0.55351994375 0.41431010312499994 0.531786259375 0.37415552500000004 0.5203392390625 0.3726189734375 0.524434584375 0.3649689734375 0.563242171875 0.49775842187499997 0.5958356421875 0.501925746875 0.5966644062500001 0.50564304375 0.5824336406249999 0.5089383062499999 0.567667090625 0.508349059375 0.56108860625 0.50166431875 0.557314259375
15 0.45307232500000005 0.3083701828125 0.44835153125 0.2982772984375 0.43655806249999995 0.28880735 0.42546054843750003 0.28441208125 0.4103901234375 0.28069847187499997 0.4092338671875 0.29614336093750004 0.4056716625 0.3094376859375 0.40509253593750005 0.32503348125 0.3985661296875 0.3402050828125 0.3871860734375 0.36386841406250003 0.3758458515625 0.39143610156249997 0.3752301390625 0.40466979218750004 0.3705417015625 0.41873307656250003 0.36361835781249996 0.43330634218749997 0.378492503125 0.44222962499999996 0.404944059375 0.444649165625 0.4139046890625 0.43464260781249997 0.4224056734375 0.4109150515625 0.43819566249999997 0.356910734375 0.45307232500000005 0.3083701828125
15 0.5133822421875001 0.3488841453125 0.5171553609374999 0.33774478750000003 0.5091415265625 0.331888915625 0.4784066078125 0.33738247656250003 0.4439762765625 0.341787571875 0.4319444296875 0.3757468703125 0.426858815625 0.39463835625 0.4329259875 0.399158165625 0.4427694765625 0.40086565781249994 0.45647167812499995 0.40393724531249997 0.46502050625 0.404980934375 0.4820004765625 0.4002280546875 0.5195995390625 0.3928401390625 0.5253786796875 0.390759615625 0.52820401875 0.38237072968749997 0.5268513796875001 0.377781146875 0.5163547484375 0.3716087125 0.511553409375 0.3608360078125 0.5133822421875001 0.3488841453125
15 0.52816728125 0.3261180640625 0.5220659671875 0.3314455328125 0.5177017265625 0.337982865625 0.51427334375 0.34428905468750004 0.5121966625 0.355953146875 0.513518634375 0.3643698296875 0.51865530625 0.371420425 0.527090321875 0.37825945625 0.5414672640625 0.3906918390625 0.5483522359374999 0.3805775140625 0.558762528125 0.3732582875 0.5686208828125 0.3696566515625 0.5782411093750001 0.3680524515625 0.590413353125 0.37221734687499997 0.6133664640625 0.378148821875 0.6138611171874999 0.3763027546875 0.6116483671874999 0.3692750359375 0.6080989031249999 0.364153878125 0.5974951859375001 0.35414772656250004 0.58638413125 0.34253300468750003 0.5708339640625 0.327027321875 0.5627568593750001 0.31993390312500003 0.55578178125 0.3169173234375 0.5441033859375 0.3166860078125 0.5359631859375 0.32051670625 0.52816728125 0.3261180640625
15 0.6334890296875 0.415525015625 0.640749471875 0.398600746875 0.6459087421875 0.389002446875 0.6152269828125 0.3800237796875 0.5783098546875001 0.3677599015625 0.5684795890625 0.3703592609375 0.5602586625 0.372644515625 0.54993670625 0.37857663750000003 0.5424968453125001 0.39016557500000004 0.5388996953125 0.40139076874999996 0.5396669734375 0.4120021828125 0.5421265 0.4193372015625 0.54510019375 0.42328366562499997 0.55039840625 0.42725503906249995 0.5531968875 0.4327828421875 0.5614581750000001 0.4361519203125 0.5683792203125 0.4381325359375 0.575753821875 0.43979170312500004 0.5797297609375 0.44039206562500005 0.5918074328125 0.4361330671875 0.6054519093749999 0.430292690625 0.612460478125 0.4310346015625 0.6189174703125 0.43448252500000006 0.62488040625 0.4360802875 0.6259422734375 0.4363648140625 0.6334890296875 0.415525015625
15 0.5546066765625 0.43301244375000003 0.54657979375 0.42493642343750004 0.5428679609375 0.4218090734375 0.44271320000000003 0.40070070312499995 0.4405603109375 0.400591190625 0.4400320546875 0.402836334375 0.43629855624999997 0.403781621875 0.43383274062500005 0.408268240625 0.4288940640625 0.41810434062499996 0.4265788375 0.430367575 0.42509595312500004 0.4426763875 0.4261127921875 0.45303153281249997 0.42992545625 0.456937584375 0.4332098859375 0.4591866890625 0.439381153125 0.4606626546875 0.4487160265625 0.4628000421875 0.45046674062500003 0.46326914375 0.4557346046875 0.452477178125 0.459651309375 0.4501021625 0.4660045859375 0.4503830953125 0.4687450953125 0.44807387031249996 0.47607559374999997 0.450038071875 0.4865344796875 0.45447346875 0.495344253125 0.4595096984375 0.5064740171875 0.464532 0.5135298625 0.468616365625 0.5156124796875 0.4697094921875 0.518876696875 0.46328201875 0.521648634375 0.460646725 0.5270592453125 0.45800385468749993 0.5364308484375 0.4552574546875 0.5475426031249999 0.45241750312500006 0.5558051828125 0.44897468749999997 0.5656413359375 0.44593964531249997 0.5724789984374999 0.44377139374999997 0.575264340625 0.44110546250000005 0.565090459375 0.43812795 0.5546066765625 0.43301244375000003
15 0.68405434375 0.3770146796875 0.679733903125 0.37574989062499997 0.6761958156250001 0.378659725 0.6744363718749999 0.38231903749999996 0.6727668421875 0.38463295625 0.6720585484375 0.3858868796875 0.6599651109375 0.3826673734375 0.65455501875 0.382294671875 0.650045009375 0.38272941875 0.6494791078125 0.38479086093750003 0.6484665359374999 0.3888388625 0.6442379390624999 0.39235474843749996 0.6414882468750001 0.3957158375 0.6377306078125 0.4067812953125 0.6340860828125 0.4175880765625 0.6287328640625 0.43216027031250004 0.6266604796874999 0.4398945140625 0.6268025859375 0.4419975390625 0.6303083296875001 0.4443523390625 0.633680784375 0.44966434375000003 0.63537615 0.45495817499999996 0.637999146875 0.46076525625000003 0.639563871875 0.4728407921875 0.63920303125 0.4788697609375 0.6378271546875001 0.48506792499999996 0.6362866656249999 0.4908171125 0.6331721031249999 0.49680740468750006 0.6267722625000001 0.50208374375 0.6165697984375 0.505475771875 0.609459571875 0.507627275 0.60752691875 0.508223140625 0.6012450765625 0.5099826359375 0.59621035 0.5217502578125 0.596171653125 0.5235155171875 0.5999344359375 0.5262331015624999 0.6017459656249999 0.52753788125 0.6007849015625 0.5297626140625 0.6025149984375 0.5307907921874999 0.6070415765625 0.5329368015625 0.6146097015625 0.5362706765625 0.6269178953125001 0.5406500999999999 0.6381313375000001 0.5445172890625 0.6470013828125001 0.5476554234375001 0.648469753125 0.545081128125 0.6528196187499999 0.5437583421875 0.6591941875 0.5315562796875 0.66876884375 0.504583834375 0.68376215 0.46292062500000003 0.700734328125 0.41885646562499995 0.7017534390625 0.41367300937499996 0.6995292984375 0.40701375312500004 0.702508290625 0.3982663203125 0.695391646875 0.3947748390625 0.6887136859375 0.39163835156250004 0.6818175984375 0.38875818125 0.6842154703125 0.3858241515625 0.685983578125 0.38226287187499997 0.6856895359374999 0.380039115625 0.68405434375 0.3770146796875
15 0.7163190562499999 0.40444419375 0.7127762234375 0.40076331875 0.7132220359375 0.39909952187500003 0.7107152812499999 0.3974638640625 0.6941410546875 0.3933128859375 0.7019483640625 0.39838195 0.6995901953125 0.407294478125 0.7015786890625 0.41365673437500006 0.700635615625 0.41752035625 0.6903423765625 0.44405140000000004 0.6789939375 0.47303275781250004 0.672539446875 0.4925118796875 0.6649792921875 0.513064546875 0.6612764140625 0.5259058109375 0.6550499421875 0.542182953125 0.65625853125 0.542918790625 0.6741707140625001 0.5472329593749999 0.6828255734375 0.54549725 0.6870476484375 0.5418358171875 0.6966547078125 0.537676228125 0.7002838640625 0.5229121921875 0.7067444218750001 0.4691986015625 0.7142892078124999 0.42487858906250003 0.7163190562499999 0.40444419375
15 0.5125090984375 0.5050738046875 0.512495896875 0.50856628125 0.5157012734374999 0.5141347406250001 0.518905734375 0.5175832921875 0.5222964640625001 0.5200960171875 0.5251955109375 0.5219007437500001 0.5302254234375 0.5213383359375 0.534753915625 0.52262821875 0.540747865625 0.5244799328124999 0.5465362640625 0.5249153296875 0.5614910937500001 0.520177796875 0.5884404437499999 0.5123835734375 0.6192866140625 0.50484488125 0.630087946875 0.5009179734375 0.63438105625 0.4971261765625 0.6372265171875 0.48800954062499996 0.638005959375 0.4779210734375 0.6384955703124999 0.47182393125 0.6375712234375001 0.46197937343750006 0.6337606578125 0.4529062328125 0.6301248015625001 0.44505564687500004 0.6228081015625 0.438783090625 0.614362375 0.43141234375000004 0.6073545375 0.43100479687500004 0.598152103125 0.433269784375 0.5744966328125 0.4416569625 0.54458763125 0.45295341718750004 0.525075984375 0.4584047546875 0.518011921875 0.46289078281249996 0.5158099515625 0.46847019687499997 0.5179442984375 0.473762675 0.51973049375 0.47910228281249995 0.5219824109375 0.48516648125 0.518599803125 0.49395953906249995 0.5125090984375 0.5050738046875
15 0.510783078125 0.5065978234374999 0.5170116359375 0.49346774375 0.5213803453125 0.48364097812500007 0.5179455109375 0.47498943125000004 0.5158113140625 0.47017095781249996 0.5071276578125 0.4656465984375 0.48718449374999995 0.455464178125 0.4707669359375 0.4479129390625 0.466810590625 0.4479993953125 0.464311546875 0.4501591625 0.456603571875 0.45129315468750003 0.448434378125 0.46770939843750003 0.43154787812500006 0.502359890625 0.41665745000000004 0.5331908671875001 0.4115348015625 0.5459491671875 0.41194121250000004 0.5531989484375 0.4118459375 0.5544228640625 0.441322284375 0.5452751671875 0.45112535 0.5426049265625 0.46137259531249997 0.5433528234375 0.46736357812499996 0.5440725546875 0.4724117609375 0.542138403125 0.47580507812499995 0.543822375 0.479435903125 0.5503055484375 0.481849728125 0.556376440625 0.484142540625 0.560060721875 0.4945614640625 0.5396846046875 0.50176735 0.525086740625 0.510783078125 0.5065978234374999
15 0.6336527000000001 0.5438664640625 0.60281281875 0.533405803125 0.590191784375 0.5329479171875 0.585647409375 0.534840021875 0.5773232125 0.5409028015625 0.56924536875 0.5514198109375 0.5644323578125 0.5641049171875 0.5631390171875 0.5776516546875 0.566495909375 0.5915595140625001 0.57357409375 0.6006911765625 0.584701209375 0.60532594375 0.597920375 0.6092093000000001 0.62598345625 0.615586353125 0.65517468125 0.6220710921875 0.6609529843749999 0.622764709375 0.6654688640625 0.6152037499999999 0.6709562984375 0.6075213453125 0.67329076875 0.60268706875 0.6726189687499999 0.5916593140625 0.6732141 0.5785958296875 0.6791715640625 0.571548646875 0.6762443390625 0.559650765625 0.6708513265625 0.555602378125 0.65851919375 0.5516304796875 0.6336527000000001 0.5438664640625
15 0.49344856249999997 0.5879536453124999 0.491045634375 0.5772095828125 0.4879829 0.5688408625 0.4843200921875 0.5600990109375 0.4812159828125 0.5560869312500001 0.47944919375 0.5508325593750001 0.475896971875 0.5451879234375 0.472447975 0.54176993125 0.466615559375 0.5444979671875 0.458897103125 0.542851259375 0.44992100468749996 0.54292155 0.4210851 0.5530016718749999 0.3910552671875 0.5639150796875 0.35312290625 0.576889696875 0.347749028125 0.5795385796875 0.3464585578125 0.584837278125 0.343733525 0.5934875078124999 0.341523503125 0.6017354203124999 0.3406627953125 0.60756766875 0.3437653484375 0.6230561109375 0.350214825 0.6361499671875 0.3563513390625 0.6460003984375 0.36197373593750004 0.648954746875 0.37086817656250004 0.6561687578125001 0.3841979859375 0.6522868015625 0.42207795625 0.638275065625 0.45496454062499997 0.62566518125 0.476006596875 0.6171770624999999 0.4808029234375 0.6140378531249999 0.4851594859375 0.6062610390625001 0.48828884375000003 0.6010212609375001 0.49276429843749997 0.6020898609375 0.4946876390625 0.5999168484374999 0.49519446875 0.5955715859375 0.49344856249999997 0.5879536453124999
15 0.65431858125 0.7420479125 0.6560916953125 0.7365208375 0.657033384375 0.7301499437500001 0.65342101875 0.719515009375 0.6467946687499999 0.709372334375 0.6284277796875 0.6820937953125 0.6110389421875 0.6556686765624999 0.59450456875 0.6299890015625 0.578726821875 0.6041080562500001 0.5708919140625001 0.59317640625 0.5647317203125 0.5924824984375 0.5557005968750001 0.5922637734375 0.5448861328125 0.597854253125 0.5319846671875 0.6062896046875 0.5217770625 0.6155705171875 0.514516965625 0.6243111671875 0.5140207734375 0.6320518203125001 0.5199409546875 0.6412765234375 0.5356108140625 0.662400584375 0.5567062546875 0.691953565625 0.5914230328125 0.744541028125 0.601206453125 0.7590218875 0.6069946421875 0.760572828125 0.614174096875 0.7582523859375 0.6228863390625 0.7569025218750001 0.6338345796875 0.7538884921875 0.6445324218749999 0.7479436671874999 0.6502219734375 0.7466643171875 0.65431858125 0.7420479125
15 0.6003917000000001 0.8008995562500001 0.6037588109375001 0.7809017453125 0.606005865625 0.76795120625 0.5903097125000001 0.74374094375 0.570814478125 0.714982996875 0.539673209375 0.670514740625 0.528706078125 0.653121765625 0.5242557578125 0.6523400374999999 0.51553288125 0.6513027078125 0.50150765 0.6587842828125 0.5067589734375 0.666924128125 0.5008730140625001 0.6742584046875 0.4832527125 0.6827249890625 0.47617509843750006 0.6868360078125 0.47471218593750003 0.6975933078125001 0.4820739484375 0.7085657453125 0.50609396875 0.7458968687499999 0.53455275 0.785835071875 0.5529367625 0.788826309375 0.5751954546875 0.7929999484375 0.6003917000000001 0.8008995562500001
15 0.5060072250000001 0.6678441046875 0.502737909375 0.6600276578125001 0.497460446875 0.64417225 0.490563615625 0.6293447484375 0.48266744531250005 0.612643646875 0.43740809687500004 0.6323577125 0.3539125875 0.6644240484374999 0.331339725 0.6736281703125 0.3250371140625 0.67722680625 0.317641709375 0.6798521859375 0.3168005734375 0.6855018625 0.318474025 0.6870795390625 0.32445270000000004 0.694540840625 0.32818828125 0.7114289125 0.3280276296875 0.7246089859375 0.330267928125 0.7310140109375001 0.339593046875 0.743109128125 0.35245975625 0.7417363 0.3652895359375 0.7360152890625 0.406843109375 0.718454065625 0.4642563296875 0.69261008125 0.4941445296875 0.6777523375000001 0.5023197671874999 0.6721266499999999 0.5060072250000001 0.6678441046875
15 0.4810929421875 0.7749223703125 0.5039828421875 0.7800452625000001 0.5303147203125 0.78396019375 0.5215035109375 0.7653530640625 0.512430759375 0.7602066140625 0.4872466421875 0.7538858734375 0.4626148375 0.74826354375 0.46110521875000005 0.7538975140625 0.4630420203125 0.761239453125 0.462443834375 0.7715598328125 0.4810929421875 0.7749223703125
15 0.4531908515625 0.771119840625 0.46252834062500003 0.7723699625 0.46334640781249997 0.7698747703125 0.46305478125 0.748744365625 0.4591563390625 0.7372609515625 0.4534208796875 0.7301707703125 0.44188055625 0.726514028125 0.41443563125000005 0.7196990421875 0.4060989015625 0.717626 0.3601824171875 0.7394328640625 0.34164892187499996 0.74358223125 0.3308871671875 0.7341380359375 0.32825873437499997 0.74451185625 0.32743649218750004 0.7485086515625 0.3446170875 0.75055764375 0.3643298734375 0.7541257859375 0.391073425 0.7590254937500001 0.414827284375 0.7631920609375 0.43158795625 0.7669900265625 0.4531908515625 0.771119840625
15 0.368755996875 0.5110834671875 0.3609346828125 0.5065616609375 0.353009634375 0.504180840625 0.34277418437499996 0.501748884375 0.3315451015625 0.49964192656249995 0.3275442734375 0.5111161953125001 0.3245419609375 0.5220333 0.3182857453125 0.5342253859375 0.3173660984375 0.5382573749999999 0.31415087812500003 0.5437957109375 0.30231496562500004 0.56418320625 0.2894312046875 0.5859069828125001 0.280846809375 0.5992901890625 0.27606281093749996 0.617800371875 0.2738945859375 0.642200065625 0.2705597546875 0.65963329375 0.276060165625 0.6612347734374999 0.2802286765625 0.66568021875 0.2882606796875 0.6676738078125 0.30478496875 0.6707937984375001 0.323486096875 0.6747430890625 0.3308120015625 0.6736974499999999 0.3367525671875 0.669379671875 0.3397649078125 0.6572582375 0.3458569171875 0.63759385 0.3464567390625 0.6288869312500001 0.34257815156250004 0.61822541875 0.3396331359375 0.60552865625 0.3457895828125 0.5879783234375 0.348080159375 0.5794297765625 0.3626877625 0.573039609375 0.36473252500000003 0.5626710375 0.3687209890625 0.5467666609374999 0.372237090625 0.5274921328125 0.3731003171875 0.5188640890625 0.37279389687500003 0.5147648 0.368755996875 0.5110834671875
17 0.352025371875 0.50321880625 0.36756405000000003 0.46739407968749996 0.375869646875 0.4479864078125 0.386730971875 0.42478894218749996 0.38339633281249996 0.4224138078125 0.38015462968749997 0.42165363906250003 0.3694348765625 0.446109928125 0.3549403640625 0.4786161703125 0.3435599984375 0.501336371875 0.352025371875 0.50321880625
15 0.5674216484375 0.552721821875 0.574415028125 0.5421535703125 0.579207646875 0.538210859375 0.5770549578125 0.5303769968750001 0.5662810671875 0.5263253015625 0.55082293125 0.5247598203125 0.5269836203125 0.5258106125 0.512164421875 0.533159009375 0.5109312109374999 0.5477977953125001 0.5106401968750001 0.5802937499999999 0.5117292234375 0.601694871875 0.5157356796875 0.6032462921875 0.5164514125 0.6144945296875 0.5155924796875 0.6220510265625 0.5230952515625 0.6139684609375 0.5344531703125 0.6039962140624999 0.547522190625 0.59577799375 0.5564247234375 0.591419790625 0.563132209375 0.5919531109375 0.5681177890625 0.5932889921875 0.5640015046875 0.581262803125 0.5630082859375001 0.5658407421875 0.5674216484375 0.552721821875
15 0.6354940046875 0.6370527546875 0.6356903890625001 0.6194179109375 0.6172093875 0.61370095625 0.5784771953125001 0.6039224375 0.5873067625 0.6185565421875 0.607869225 0.6503000703125 0.6292109109374999 0.6831905671875 0.6286624984375 0.6687115203125 0.6317907125 0.6500540765625 0.6354940046875 0.6370527546875
15 0.42518735625000004 0.4534942984375 0.42383310625000004 0.4458874203125 0.42507797031249994 0.4356384734375 0.3547732296875 0.45116128906249997 0.33394356875 0.4986168328125 0.34032489374999997 0.5012654296875 0.3552841828125 0.505081584375 0.3686815859375 0.5102103609374999 0.3700857921875 0.51141895 0.3736536453125 0.5156273375 0.3750145015625 0.5185606796875 0.4165910453125 0.509023046875 0.41648401562500004 0.5022744171875 0.4162788234375 0.49606951875 0.4188975484375 0.47978748125 0.4270702375 0.46583227968749996 0.43402347656250007 0.4657327578125 0.44056834062499994 0.4626809140625 0.43192733906249997 0.4591238421875 0.42518735625000004 0.4534942984375