0 0.6280853093750001 0.5207195109375 0.630991546875 0.5214441171875001 0.6385025796875 0.5284616640625 0.6504924359375 0.534023490625 0.6609097078125 0.54176564375 0.6649093640625 0.5484221890625001 0.664428896875 0.5544762000000001 0.66213040625 0.5575045078125 0.6679454828125 0.5630702375000001 0.665769059375 0.5676724296875 0.6795769421875 0.576259959375 0.6863581625 0.5779507078125 0.6889033984374999 0.5821866906250001 0.69302121875 0.584242346875 0.700050484375 0.5952556453125 0.7125273171875001 0.60505475625 0.7283921546875 0.611582721875 0.7348058640625 0.606493553125 0.7512576171875 0.5838422859375 0.76347208125 0.5616779953125 0.764918690625 0.5517490031250001 0.763570715625 0.5262032171875 0.7824495406249999 0.512388825 0.7855921046875001 0.50391165 0.7975663359375 0.48477436249999994 0.798649340625 0.4742402296875 0.7924654484375 0.459836321875 0.8058888921875 0.4348865625 0.8066121984375 0.42992206718750003 0.7846790265625 0.40027278125 0.764326253125 0.380792721875 0.732832903125 0.35853500625 0.69722954375 0.346571190625 0.6830645671875 0.34766981874999997 0.6554540109375 0.3387277984375 0.6515803296875 0.339819915625 0.6352337218749999 0.33728769999999997 0.6179209734375 0.3386304671875 0.58946504375 0.33307905781249997 0.5779634671875 0.333812778125 0.5505192484375 0.3964254578125 0.536027121875 0.4545502015625 0.5218725609375 0.47211490312500004 0.5247814015625 0.47695602656249997 0.546705459375 0.4921974984375 0.5809816750000001 0.5115476734375 0.6180394546875 0.525932053125 0.6280853093750001 0.5207195109375
17 0.6699446109375 0.5678800171875 0.2264649125 0.4085241578125 0.22188437656249999 0.426895684375 0.666214421875 0.5794944234375 0.6699446109375 0.5678800171875
21 0.2141076375 0.48078477187499996 0.22017596875 0.5039060906249999 0.2164347734375 0.5230381687500001 0.22625081093750002 0.5373187046875 0.23460852031249999 0.5430039015625 0.2515628734375 0.5492890296875 0.25761558125 0.5477112390625 0.2663342921875 0.5498850578125001 0.27057808906249997 0.5596893749999999 0.28244978125000003 0.5698520921875 0.3175661640625 0.5775786218750001 0.337299475 0.5747814359375 0.353525315625 0.5777980234375 0.38113456874999996 0.5846817843750001 0.399786178125 0.594476990625 0.42206733124999996 0.6000323046875 0.44519385624999996 0.602197009375 0.4852682234375 0.6003555484375 0.5494378656250001 0.6009203265624999 0.60162285625 0.6041563171875 0.6394013359375 0.6094596812499999 0.6430321796875 0.60727805 0.6439983218750001 0.6034030671874999 0.644229440625 0.5859682484375 0.64228934375 0.581368659375 0.6358691265624999 0.5761665328125 0.6356249875 0.5730187609375 0.6719529515625 0.5820763390625 0.6818780390625 0.5773481703125001 0.6813884578125 0.5689943656249999 0.6718152578125001 0.5558033421874999 0.6666014140625001 0.5436992296875001 0.6461304765625 0.5288200609375 0.6328082687500001 0.5224115609375 0.6244557671875001 0.5249594015625 0.6032628265625 0.5171029890625001 0.53749846875 0.4837281328125 0.4842044328125 0.4498610921875 0.42788860156249997 0.423986853125 0.4091188265625 0.418792540625 0.317697028125 0.40165784687499995 0.2897280765625 0.4003437234375 0.274104771875 0.3928470109375 0.24722924062499999 0.397464828125 0.24238811562499998 0.40037366875 0.24190895 0.40848593749999995 0.23852224687499998 0.41381534062499997 0.22847508906249997 0.41696962343750005 0.2344109359375 0.42205098281250003 0.2361134015625 0.4337940953125 0.234546025 0.444207459375 0.2226886546875 0.45668559531249997 0.217615109375 0.47497099687500005 0.215194546875 0.4764254171875 0.2141076375 0.48078477187499996
13 0.26485024375 0.6920270109375 0.26727991875 0.7049804046875 0.27732968125 0.705942640625 0.28084366250000004 0.710420159375 0.2837499 0.7111447656250001 0.2933100796875 0.7037531968749999 0.29596957343749997 0.6972135125000001 0.302992328125 0.6979355140625 0.3228646359375 0.7234695828125 0.345880809375 0.742584734375 0.35509040468749997 0.7551706171875 0.3781013703125 0.7660527328125 0.3939649078125 0.770522440625 0.40159150156249995 0.768822578125 0.40425359843750003 0.7663994109375001 0.4089648421875 0.749567128125 0.4049625828125 0.7387940640624999 0.40579884218749995 0.7209956390625 0.3980449703125 0.7128885781250001 0.39888383437499997 0.6992066718750001 0.403239284375 0.6941188046875 0.41703935468750003 0.6903567765624999 0.41957938125 0.686359725 0.4256307875 0.6827236734375 0.4244152984375 0.6752178468750001 0.4257411390625 0.6657732281250001 0.42234792499999996 0.6608113343750001 0.42536711718750003 0.6487020125 0.425356703125 0.6322359390625001 0.422325790625 0.625820928125 0.4169963890625 0.6224342234375 0.4144459453125 0.609965203125 0.41032421875 0.6017347703125 0.3999082484375 0.5960508765625 0.3933711671875 0.5975079 0.38260070625 0.6056266796875 0.373762528125 0.6059954921874999 0.36202071875 0.6097562171875001 0.34665066875 0.6198150921875001 0.335034834375 0.63132448125 0.3328584109375 0.635926675 0.33152606093750003 0.6350799984375 0.33357911093750003 0.626845659375 0.3304300359375 0.625031540625 0.314698984375 0.638601790625 0.299931471875 0.6441805421875 0.281173415625 0.6575105625 0.2730624484375 0.6590896546875 0.26485024375 0.6920270109375
13 0.40676368125 0.715062396875 0.40568979218749995 0.7400043453125 0.40920767968750005 0.7506566421875001 0.40594825312499994 0.76579296875 0.4077714859375 0.777051709375 0.41637594062499994 0.790001196875 0.4327264546875 0.7987081890625001 0.436846878125 0.8048803625 0.4380623671875 0.812386190625 0.442181490625 0.8165001046875 0.44811473125 0.8174649437499999 0.4513819703125 0.814678171875 0.44653303437499997 0.8052374578125001 0.4455603828125 0.7988211453125 0.4527052078125 0.801117034375 0.4602084296875 0.795785028125 0.47182947343750004 0.792508675 0.4783626484375 0.784876871875 0.479450859375 0.782575775 0.4715749171875 0.772894828125 0.46406648749999996 0.7699937984375 0.467573959375 0.764180021875 0.47714065000000006 0.76707975 0.4804091890625 0.7663512375 0.4840322203125 0.7518200515625 0.49625840312499997 0.7481800953125 0.5013475734374999 0.754593803125 0.50703928125 0.7565273890624999 0.5099416109375 0.7510772171875 0.5135724546875 0.7488955875000001 0.5243494265625 0.7510681031249999 0.5216834218749999 0.7473164921875 0.522044425 0.7438051140625 0.5305150890625 0.736656384375 0.5558180390625 0.7342188953125001 0.558721671875 0.7308269828125 0.5629589578124999 0.73034000625 0.5621083765625 0.7254975781249999 0.5490237984374999 0.7119455546875 0.530495559375 0.705782496875 0.5411478578125 0.7022646078125 0.5223663640625 0.6785459625 0.5232104375 0.6730970921874999 0.521149575 0.6689818765625 0.5087948109375 0.6607566515625 0.49281050625 0.6567713171875 0.47537699062499994 0.6585984546875 0.4683568375 0.661992971875 0.469208721875 0.6688936578125 0.477810571875 0.6777266265625 0.48072331874999996 0.6887425281249999 0.46655573749999996 0.6857246375 0.452628390625 0.6796797421874999 0.44294223437499997 0.679322646875 0.42805395312499994 0.6853857718749999 0.40977376093749995 0.6885452609375 0.40263284062500004 0.69242415 0.4027588171875 0.7001728140625 0.4061533328125 0.707192965625 0.40458204999999997 0.7114315546875 0.40676368125 0.715062396875
13 0.69072663125 0.5934454312499999 0.6913291671875 0.58896530625 0.6897539796875 0.5870291187500001 0.6638406828125001 0.5815971734375001 0.6528234796875 0.5824516625 0.6482238890625001 0.5843917578125 0.645200790625 0.590326303125 0.642678990625 0.6231389843749999 0.6463137390625 0.6271321296875 0.649225184375 0.6360897734375001 0.6596411546875001 0.64177366875 0.6640070203125 0.6531518734375 0.6675170953125 0.651454615625 0.6719881062499999 0.6376493375 0.674650203125 0.6352261703125001 0.6701804953125 0.6510897078125 0.6722426609375 0.6572631828125 0.675633271875 0.6581085578125 0.6738230578125 0.6674324109375 0.674915175 0.6713060921875 0.68108865 0.6692439265625 0.6844740515625001 0.6618562625 0.6825482796875 0.679897525 0.6888412203125001 0.6752927265625 0.69598474375 0.67553035625 0.7266314171875 0.6991204234375 0.73486575625 0.7011734749999999 0.7382537625000001 0.69790233125 0.746001125 0.6957180953125001 0.7533783703125 0.682637425 0.7618321109374999 0.6487313234375 0.7611036 0.6454627828125 0.765334375 0.6346845109375 0.7809121078125 0.5701421515625 0.778491546875 0.571596571875 0.7684417875 0.5706343359375 0.7597269796874999 0.5746352953125 0.7482345171875 0.5897768296875 0.7270598046875001 0.6107360468749999 0.7164023 0.6060208968749999 0.7011399968750001 0.5950128078125 0.6959352671875 0.5973165078125 0.6961728984375 0.590172984375 0.693630265625 0.59005351875 0.69072663125 0.5934454312499999
13 0.5416589375 0.3618038640625 0.5358542749999999 0.37270420625 0.530408009375 0.375976653125 0.5065581796874999 0.37877644374999997 0.504969971875 0.3562576625 0.5020598296875 0.34935827812500003 0.4973368671875 0.347666228125 0.49467476875000005 0.3500893953125 0.49491890937500005 0.3532371671875 0.49927826406250003 0.3543240765625 0.4980718890625 0.36122606562500004 0.4862197265625 0.3819372359375 0.47822822499999995 0.3809736984375 0.469516025 0.389091175 0.45293048437500005 0.3916442234375 0.43804350625 0.3997656078125 0.4282430921875 0.4101841796875 0.42195405781249995 0.42096375625000004 0.4798437765625 0.4467159234375 0.548198621875 0.3644633578125 0.546016990625 0.3608325140625 0.5416589375 0.3618038640625
13 0.391703221875 0.25753283125 0.4001751890625 0.252442359375 0.411433928125 0.250619125 0.4130052109375 0.24638053750000002 0.3988272140625 0.2268965734375 0.39955182031250003 0.2239903359375 0.42363537500000004 0.20787224375000002 0.4270246828125 0.2066593578125 0.43392797187500004 0.20992399375 0.44518410781249995 0.2039842421875 0.44554380781249997 0.1984146046875 0.44820720625000005 0.19804969687500001 0.4594685515625 0.20034298125 0.4695222171875 0.2074799953125 0.47158308125000004 0.21159521093749997 0.4747308515625 0.21135107187500002 0.476544971875 0.20820199687500002 0.4776214671875 0.1873765671875 0.47531516093750004 0.1780553203125 0.46779891874999996 0.162804734375 0.46283181874999996 0.1579649125 0.457624484375 0.15615209531250002 0.45217170937500006 0.1491332453125 0.43727691875 0.1449050734375 0.4285608109375 0.146847771875 0.421666634375 0.157990953125 0.4072666328125 0.1703496203125 0.3980674546875 0.1742298125 0.38572440937499997 0.1845289203125 0.382820775 0.1879208328125 0.38100925937499996 0.195186425 0.3698791 0.208874840625 0.368431190625 0.21674557499999997 0.3730359859375 0.2230385171875 0.3740086375 0.229454828125 0.379462715625 0.23853193906249998 0.38019773749999997 0.2520917734375 0.38262090312499997 0.254753871875 0.391703221875 0.25753283125
13 0.6356835765625 0.6656404234375 0.64052079375 0.6565568046875 0.6426907078124999 0.641663315625 0.6402597296875 0.6266516625 0.6346861875 0.6201171859375 0.6173656249999999 0.6091103984374999 0.6054965375 0.6030642015625001 0.596293453125 0.6007696140625 0.564449515625 0.5984893484375 0.5418086671875 0.598503671875 0.5310342984374999 0.600447671875 0.5191730234375 0.6067510296874999 0.5091310734375 0.6181383484375 0.505021065625 0.6284322484375 0.50466266875 0.63606014375 0.510841353125 0.642231015625 0.5262218187500001 0.648638215625 0.5365144171875 0.650689965625 0.54887048125 0.6609734484375 0.5612200359374999 0.6609656359375 0.5929471093750001 0.6699050515625 0.626002628125 0.6735163656250001 0.6356835765625 0.6656404234375
13 0.3275322796875 0.25490979375 0.301742353125 0.2531099953125 0.3010229546875 0.2642492703125 0.29351973125 0.26958127656249997 0.2903797703125 0.2821749703125 0.292201703125 0.2913754515625 0.2912368640625 0.29730869375 0.2981388515625 0.29851506875 0.29910499218750003 0.2946400859375 0.29983350625 0.2979086265625 0.3022553703125 0.298512465625 0.3353108890625 0.302123778125 0.3429218578125 0.27572480625 0.349577103125 0.26966689062500004 0.342790675 0.25974310625 0.3275322796875 0.25490979375
13 0.356390871875 0.32281411875 0.3454944359375 0.323184234375 0.3371458390625 0.3319068515625 0.3330332265625 0.3380842328125 0.3313476875 0.353098490625 0.334256528125 0.3579396140625 0.34951883125 0.3689477046875 0.374468590625 0.3823711484375 0.3830652328125 0.38297108281250003 0.3906853171875 0.370979925 0.393218834375 0.35669157500000004 0.39236695 0.3497908890625 0.38546105625 0.3424097359375 0.37431787656250004 0.3355155609375 0.36668477187500004 0.3269241265625 0.356390871875 0.32281411875
13 0.77301501875 0.3356265796875 0.7613939765625 0.3389029328125 0.7559503140625 0.34629189843749997 0.7428761515625 0.349205946875 0.7358520953125 0.346425684375 0.731614809375 0.3469126609375 0.7243518203125 0.3492176640625 0.723506446875 0.352608275 0.7669909546875 0.382486075 0.7881917078125 0.40269204218750004 0.7942274890625 0.3743568796875 0.79821803125 0.3666056109375 0.798697196875 0.3584933421875 0.7904589515625 0.3502655140625 0.7834296859375 0.3392522171875 0.77301501875 0.3356265796875
13 0.5995831421875 0.8248757265625001 0.6224642265625 0.8218343984375001 0.628148121875 0.8114184296875001 0.6510200921875 0.7939692875000001 0.6550054281250001 0.7779849828125001 0.6543885671874999 0.7598242546875 0.6479644437500001 0.748447353125 0.64093778125 0.7415505734375001 0.5970987828125 0.725475446875 0.5614993296875 0.71968640625 0.5457591640625 0.71884884375 0.5401908296875 0.7205474046875 0.53039171875 0.7330242375 0.5217989828125 0.7385990828125 0.5149035046875 0.747684003125 0.5046174171875 0.7559235515625 0.5001451046875001 0.7676705687500001 0.5005165218750001 0.780625265625 0.5039110375 0.787645415625 0.5115441421875 0.79623685 0.5199018515625 0.8019220468749999 0.546542359375 0.808564271875 0.5656783437499999 0.8184802437500001 0.5995831421875 0.8248757265625001
13 0.5623024062499999 0.26662655 0.5544329734375 0.26723689687499996 0.5462025421875001 0.2713586234375 0.54608698125 0.280076034375 0.5493594265625 0.2855222984375 0.5630491453124999 0.29871071875 0.5705575765625001 0.30161174687500003 0.582913640625 0.31189523124999996 0.5959917078125 0.315155959375 0.6016808124999999 0.31297302656250003 0.6025261859375 0.3095824171875 0.59900569375 0.29481360156249997 0.5883442828125001 0.283923675 0.5849484656249999 0.2748452640625 0.57634921875 0.2701288125 0.5623024062499999 0.26662655