5 0.6949540015625 0.46242393125000003 0.7010610953125 0.503282825 0.7061704125 0.5151865484375 0.712641703125 0.52379243125 0.7180647328124999 0.5274672265625 0.7270503171875 0.5284912046875 0.7455448437500001 0.5232964499999999 0.763987346875 0.52270926875 0.8156218375 0.530263346875 0.8356367312499999 0.5370727937499999 0.8722080234374999 0.544127359375 0.915197040625 0.5449788703125 0.9296312828125 0.54251973125 0.957346678125 0.5321772578124999 0.9865288718749999 0.51903005 0.9910773640625001 0.5161648078125001 0.9878418359375001 0.5009447109375 0.98474605625 0.50093895 0.9671677953125 0.4983130875 0.9490654062500001 0.49322168125 0.9274260875 0.4836231765625 0.8843291671875001 0.44344554062499997 0.8686618718749999 0.4231212078125 0.8604869609374999 0.4040752484375 0.8546694859375 0.3815618515625 0.8521792874999999 0.36256933125 0.8534869234375 0.3347542953125 0.8617892125 0.30830243125 0.8782128484375 0.2860875921875 0.8884812078125 0.27616270625 0.8886380624999999 0.272048240625 0.85369273125 0.287199240625 0.8409093078125001 0.2949977765625 0.774845190625 0.3481523671875 0.7532609781249999 0.372779309375 0.7240267546875 0.3905340890625 0.7062931781249999 0.4114391984375 0.6970474531249999 0.43345308437499996 0.6949540015625 0.46242393125000003
15 0.5958329609375 0.5590219828125 0.6447148015625 0.5414966437500001 0.6453693890625 0.5372973796875 0.65210159375 0.53257365 0.6582832671875 0.522834040625 0.6655132015625 0.5180255140625001 0.68316758125 0.48946938125 0.6879065515625 0.4559600796875 0.6868047234375 0.4362200578125 0.6800438125 0.4092686828125 0.66141498125 0.37258696874999997 0.64802669375 0.3508524296875 0.631731209375 0.3372777 0.6185277140625 0.3333955484375 0.59316821875 0.32085407187500004 0.5715816984375001 0.31635625156249997 0.5429748953125 0.3176531734375 0.520184028125 0.32204698593750003 0.4933592703125 0.3317267546875 0.4710669046875 0.345744025 0.45783854843749994 0.3587280390625 0.4444797359375 0.3783768609375 0.43688406406249997 0.3960218890625 0.42779672812499997 0.43333781875 0.4266979734375 0.452430815625 0.4298691640625 0.469774415625 0.43945884218750003 0.49062321249999996 0.45172043906250003 0.5094838984375001 0.46429574687499997 0.520115653125 0.46890733281249997 0.5321041765625 0.47223460624999997 0.53562505625 0.5071302156249999 0.55420639375 0.5491245375 0.564935753125 0.566466746875 0.564025059375 0.5958329609375 0.5590219828125
15 0.7889875078124999 0.29822296875 0.7853706171875 0.27635659375 0.7768548281250001 0.25328096875 0.7694401015625 0.24023711093750003 0.7551091484375 0.22377284843749998 0.739940353125 0.213071975 0.71900841875 0.20437489062499997 0.6985221921875 0.20020058125 0.675390446875 0.20056472812499998 0.6589652734375 0.20336305625 0.6416758609375 0.209374434375 0.6255395375 0.220810003125 0.6097440921875 0.236275240625 0.6012577796875 0.254582975 0.5978559265625 0.3016606 0.5996123421874999 0.317201359375 0.60246828125 0.323357378125 0.633696509375 0.3440964234375 0.66665475625 0.37782588906250003 0.6835784312500001 0.384651015625 0.6957336640625 0.3836020828125 0.7225848171875 0.3764726546875 0.7452964875 0.3644278203125 0.7605421734375 0.35365495468749997 0.770810534375 0.3437300671875 0.7873125937500001 0.31945799531249996 0.7889875078124999 0.29822296875
15 0.3969739625 0.2398226234375 0.40378767031249996 0.2718746828125 0.41770085625000003 0.3057830203125 0.4282852328125 0.31675396718750004 0.4491651359375 0.3300586234375 0.46158281875 0.3350965890625 0.46815816874999994 0.334487321875 0.47287381249999993 0.33726069999999997 0.484426484375 0.3358034609375 0.503470775 0.3259163328125 0.5242443156250001 0.31931137187499997 0.569669196875 0.3146382109375 0.589262478125 0.2903504609375 0.5936628749999999 0.2819362578125 0.59769599375 0.266942046875 0.6016491484375 0.23458855937499998 0.59792743125 0.21222907812499997 0.59504509375 0.20352271875 0.39688264218749997 0.2372833453125 0.3969739625 0.2398226234375
5 0.6204089515625 0.6018440359375 0.6166382828125 0.6229251437500001 0.621093015625 0.63902813125 0.636446603125 0.66758139375 0.6890283765625 0.728114721875 0.7045116484375 0.740294921875 0.7188418328124999 0.747050928125 0.751564140625 0.7522064 0.8257743968750001 0.7395633140625 0.837852696875 0.731884909375 0.862896175 0.7235305515625 0.8728764546875001 0.7146766812500001 0.8917879796875001 0.6823295953125 0.9012689921874999 0.6541440125 0.9024205406249999 0.6401516953125 0.8984371453125 0.6214135703125 0.8845239578124999 0.5875052359375 0.8694328203125 0.5650388734375 0.8539231468749999 0.55030833125 0.8338554546875001 0.5383982031250001 0.81263544375 0.530772134375 0.770274615625 0.5231710203125 0.7543207749999999 0.5233342140625 0.736900140625 0.5263021390625 0.714633403125 0.5331614953125 0.650139371875 0.5645879484375 0.6369894421875 0.57551473125 0.6292097437499999 0.5850156281250001 0.6204089515625 0.6018440359375
5 0.23770547031249997 0.67215430625 0.2365018890625 0.6907541953125 0.2473223171875 0.7052616984375 0.2559677921875 0.7119642640625 0.28229635468750003 0.7217858046875001 0.28955345781249997 0.729235871875 0.2870143046875 0.7536839453125 0.2886658953125 0.7687315953125 0.29427371562500004 0.7902587765625 0.3044131578125 0.8064152046874999 0.32420818281249997 0.825014365625 0.7066089437499999 0.7598653484375 0.704826896875 0.7514825015625 0.6913601828125 0.7318051953125 0.6343772453125001 0.6699778171874999 0.55352646875 0.5759380609375 0.5356329609375 0.5621246156249999 0.5104046906249999 0.552626590625 0.47799774375000004 0.5336212640625 0.4689849890625 0.5203386875 0.45769322968750004 0.5084663218750001 0.44904775468749997 0.50176375625 0.446454265625 0.5016946359375 0.432832234375 0.5055483046875 0.41855561718749995 0.5136012328125 0.40252412031249996 0.5255299124999999 0.383768678125 0.5440542765624999 0.3239910578125 0.5879623625 0.29782242812500004 0.6128593765625 0.27288531250000003 0.6411233562499999 0.24637580468750003 0.6619907046875 0.23770547031249997 0.67215430625
5 0.113856196875 0.788294296875 0.12732137187499998 0.78855509375 0.1467329390625 0.7852479765625 0.1847958890625 0.7726316390625 0.22807145 0.7529956265625 0.2666321328125 0.740294490625 0.2774246265625 0.7328351468750001 0.280070140625 0.7282966937500001 0.2773974546875 0.7205765515625 0.2680445953125 0.7129725640625 0.2549459265625 0.7095835203124999 0.24871068749999997 0.7045141953125 0.2377070078125 0.6915708125 0.236422690625 0.6831031703125 0.23883215624999998 0.6750281593749999 0.24590446875 0.6646258421875 0.2834681515625 0.63267779375 0.29955167656250004 0.6161415406249999 0.30285178125 0.607403825 0.29926205625 0.5977960484375 0.2934717515625 0.5875412453125 0.2742939296875 0.5652601578125 0.249693846875 0.549012528125 0.22438715 0.541571734375 0.1958587734375 0.540811425 0.166021225 0.5484496390625 0.14383368125 0.5629600171875 0.1279334125 0.5779321453125 0.06480288906250001 0.6254772640625 0.0458641953125 0.6455657546875 0.034286660937500005 0.663889165625 0.030331967187499996 0.6768261453125 0.0290499609375 0.6974832656250001 0.0303872453125 0.70447335 0.0337865515625 0.7219612625 0.041968451562499995 0.74126945 0.0493831796875 0.754313309375 0.058159878124999995 0.7640593250000001 0.0838602515625 0.78063046875 0.0961731078125 0.785175325 0.113856196875 0.788294296875
5 0.22906101093750003 0.34762967968749997 0.22332196875000002 0.323059046875 0.2147021234375 0.30919857031250003 0.16296126875 0.281734871875 0.15142970312499998 0.27910077968749997 0.045571053125 0.2971357515625 0.0296489265625 0.32181998749999996 0.0258774875 0.3331928421875 0.0253028671875 0.35475138125 0.028316426562500004 0.3665011921875 0.034237959375 0.3797994421875 0.050534214062500006 0.403082425 0.06638553124999999 0.4315508890625 0.08669004531249999 0.45670583125 0.09824425625 0.4746650953125 0.11003375 0.486452665625 0.1286866734375 0.49655995624999993 0.1557746484375 0.502675340625 0.17481970625 0.50249646875 0.1956196453125 0.49844184843750006 0.2133803921875 0.489795334375 0.22752578437499998 0.47869895625 0.24269227187500003 0.46027506718750005 0.2547147421875 0.436766175 0.2513859328125 0.41382878749999996 0.22906101093750003 0.34762967968749997
5 0.17847227968749999 0.274493578125 0.2018643671875 0.29247991406249996 0.21630014687500002 0.309437284375 0.2231387140625 0.324623171875 0.22814397656250002 0.34574204218750004 0.2426340921875 0.387216603125 0.2470880546875 0.393611334375 0.2551309703125 0.3999055921875 0.2672605734375 0.406014571875 0.281433903125 0.41688504374999996 0.2859926921875 0.4237728859375 0.2946133046875 0.447341621875 0.376739165625 0.43334996718749996 0.4084869125 0.398305028125 0.41241520625000005 0.382817709375 0.409818640625 0.3439155703125 0.40379151562500004 0.32041595625 0.40292496875 0.29450423593749997 0.3961896875 0.2603949484375 0.394672215625 0.2376599296875 0.17847227968749999 0.274493578125
5 0.292632375 0.5738881203124999 0.30251013437499996 0.5936659046874999 0.3083524671875 0.5993131359375 0.31194142187499996 0.5992126578125 0.35243946875 0.5713633953125 0.38230188125 0.5468590125 0.399773775 0.5295752593749999 0.40344115625 0.527417546875 0.4029698234375 0.5300526859375 0.4057729671875 0.5311080234375 0.4105406375 0.5292738265625 0.43940758437499994 0.5049390390624999 0.44506589375 0.5024421390625 0.4438343765625 0.4990751765625 0.42662185625 0.4836128125 0.4224303421875 0.4833049765625 0.41388969375 0.47709551875 0.3981191109375 0.47569458750000004 0.3608676 0.4799972 0.34593562499999997 0.4825411359375 0.3416920859375 0.48684087343750004 0.3366883609375 0.4851385125 0.3333090609375 0.48622520781249995 0.32254296875 0.4962348921875 0.3020839078125 0.5043191796875 0.30171739999999997 0.5074474265625 0.3042324625 0.509573778125 0.30205827812499997 0.5114770937500001 0.2885410734375 0.5158238703125 0.2732953890625 0.526596734375 0.244138825 0.532586028125 0.2418862140625 0.5365465765625 0.23415854687499998 0.5414399000000001 0.23408011874999998 0.54349713125 0.2638143796875 0.5547823171874999 0.2847206828125 0.570637315625 0.292632375 0.5738881203124999
5 0.0695854234375 0.48056959218750006 0.0684074734375 0.4920115640625 0.07011109374999999 0.50245164375 0.0834729828125 0.521635840625 0.1002662 0.535125771875 0.11664088125000001 0.5563515234375 0.139773396875 0.5656956328125 0.1559097171875 0.5542600640625001 0.1717843609375 0.5464458484375 0.199945459375 0.54062615 0.23235087031249999 0.5402149671875 0.24364109531249997 0.5326708265625 0.27030899218750004 0.5271055234375 0.2785343953125 0.5221274 0.283720603125 0.5125573828125 0.2891156953125 0.49426532968750003 0.2944051921875 0.4657719125 0.293382559375 0.4536829125 0.287460259375 0.43067640625000003 0.2822725140625 0.420829915625 0.26815121406250003 0.40535186875000007 0.251017884375 0.3975405265625 0.2469575984375 0.40027614062500005 0.251465896875 0.4311880640625 0.250366375 0.44057280624999995 0.247459175 0.448732615625 0.232921646875 0.47011515625 0.22600618906249997 0.47640300625 0.2079573609375 0.48612053906249997 0.1761288828125 0.49409794375000005 0.1739547 0.496001259375 0.17311685937500002 0.5017646453125 0.1504828453125 0.5020439953125 0.12357812187499999 0.49436448437499997 0.103693684375 0.48089023124999997 0.09481215781249999 0.47065110781249997 0.090724703125 0.46112812812500004 0.081633521875 0.44990278906250003 0.0775468375 0.4500880625 0.0695854234375 0.48056959218750006