3 0.74167519375 0.3254049015625 0.7202116968750001 0.3060159546875 0.7082006187500001 0.3105946296875 0.6942187296875 0.329547865625 0.6610275437500001 0.33441575625 0.629143209375 0.3475432890625 0.45440118749999997 0.5041666453125 0.4558497328125 0.522265371875 0.5048859015625 0.5728242453125 0.502991203125 0.578736334375 0.5213292640625 0.5873152484374999 0.54142033125 0.58014299375 0.6169272234375 0.5028670578125001 0.7008736078125 0.4342132296875 0.7188627046875 0.40481242812499996 0.7297952765625 0.3665866859375 0.753675734375 0.34759025781249997 0.74167519375 0.3254049015625
9 0.7082791015625001 0.4810178875 0.7032484328125 0.502883971875 0.716993809375 0.71496791875 0.7369707046875 0.720489375 0.8382415390625001 0.7056367781249999 0.8408073328125001 0.692583509375 0.8423319921875001 0.7022197609374999 0.8489909593749999 0.7040602484375 0.9388430765625 0.6908823421875 0.9404570046874999 0.6695173640625 0.931287975 0.6652279078125 0.9272913062500001 0.6489114453125 0.899860328125 0.6275806 0.8920847984375 0.5963242828124999 0.9021356 0.5793561421875 0.9432650796875001 0.5620555890625 0.9412392234375 0.5313645671875 0.915768521875 0.5224231875 0.9032562484375 0.505947090625 0.839660878125 0.46174915624999996 0.723350034375 0.46894768906250006 0.7138870796875 0.471744096875 0.7082791015625001 0.4810178875
27 1 0.539446446875 0.990873771875 0.5409876796875001 0.9150940265624999 0.571821425 0.8947090375 0.5860795421875 0.8956458515625 0.609887528125 0.9024084515625 0.625798334375 0.9571942921875 0.6769225 0.9589367624999999 0.687935359375 1 0.6819129375 1 0.539446446875
3 0.7907113625 0.375963778125 0.8074486484375001 0.3833689140625 0.8652393015625 0.381935971875 0.91342530625 0.37346035781250003 0.93031481875 0.363940546875 0.94612583125 0.3207736671875 0.9411162328125 0.28911169375 0.924237253125 0.271867478125 0.8851546984375 0.2663309921875 0.83507399375 0.28071869375 0.79590479375 0.3104087140625 0.7782752015625001 0.35102520625 0.7907113625 0.375963778125
10 0.302566475 0.340506209375 0.2946176453125 0.3797028984375 0.2981025828125 0.40172862187499997 0.31221563125 0.41937849531250004 0.3455485109375 0.4243496875 0.3773567296875 0.41968462500000003 0.397741721875 0.40542650625 0.426358925 0.3716498578125 0.43561460781249994 0.3407128109375 0.42900423437499996 0.3078770609375 0.41212525468749994 0.2906328421875 0.387601903125 0.278735421875 0.3703528828125 0.2770395421875 0.330312446875 0.30122313125 0.302566475 0.340506209375
4 0.180455646875 0.6598453281250001 0.157086915625 0.6731324984375 0.1201824515625 0.6813620921875 0.09077012500000001 0.701169834375 0.0839969875 0.712023059375 0.0789892171875 0.7132757125 0.110319340625 0.80969991875 0.16913196875 0.7671474671875 0.209335171875 0.699274903125 0.2348164078125 0.681452253125 0.229295078125 0.6554995359375 0.2183074640625 0.64865969375 0.180455646875 0.6598453281250001
4 0.338027128125 0.671949353125 0.31110788437500003 0.6449092484375 0.29255201249999996 0.6349537234375 0.27756773125 0.611797421875 0.2609721390625 0.614231365625 0.23687386875 0.6318511859375 0.255713128125 0.6614848734375001 0.2645671609375 0.72638825625 0.2970077390625 0.779381075 0.34582179687500003 0.7778561078124999 0.37004465625 0.77430353125 0.36921589843749997 0.7617481140625 0.337048175 0.7551974859375 0.3465322 0.6988730171875 0.338027128125 0.671949353125
3 0.3372109390625 0.711508509375 0.3345761671875 0.748517275 0.3409031515625 0.7616748656250001 0.406069471875 0.76902005625 0.5055873078124999 0.7544245593750001 0.5039514546875 0.7279019921875001 0.4991491296875 0.724380653125 0.48211791875000004 0.7240613875 0.4426758640625 0.7073092125 0.3525757953125 0.6923524453125001 0.3456609640625 0.6933665890625 0.3372109390625 0.711508509375
10 1 0.43860772031249995 0.974879446875 0.33785468125 0.9742863484375001 0.3377718640625 0.9445145203124999 0.34636391875 0.9136431140625 0.374836965625 0.911803459375 0.4258146375 0.899270115625 0.4628666 0.91053058125 0.516148634375 0.9375259421875001 0.5347262671874999 0.9442124265625 0.5590995453125001 1 0.5375246703125 1 0.43860772031249995
10 0 0.360010746875 0.0294284078125 0.5460060312499999 0.0558996828125 0.5344406875 0.11480044687499999 0.48636272500000005 0.13948656406249998 0.45457117187499996 0.14939566875000002 0.42776395 0.127147590625 0.36764206875 0.114123584375 0.35687523125 0.0627676359375 0.2827112 0.0553516109375 0.2626705734375 0.041162446875 0.253483171875 0.036961371874999996 0.24283089375000003 0 0.248251728125 0 0.360010746875
15 0.925138340625 0.13835400312499999 0.9189362031250001 0.11347858749999999 0.8041490015624999 0.130313521875 0.8084802812499999 0.1663006359375 0.8305316218750001 0.171517846875 0.86670655 0.1676209078125 0.8990265031250001 0.1572465890625 0.925138340625 0.13835400312499999
10 0.40670347656250005 0.381575328125 0.3764854953125 0.4141781953125 0.3496974109375 0.4237412015625 0.3437193953125 0.4485633296875 0.3454513265625 0.4863402203125 0.3380247625 0.4930636203125 0.3431104734375 0.516263121875 0.3517677734375 0.5262618390625 0.383935496875 0.5328124640625 0.3989303140625 0.52920474375 0.40730422656250004 0.51952529375 0.4297466765625 0.4556661109375 0.45057781874999997 0.41739717656249997 0.4397424359375 0.393632384375 0.419150171875 0.37974986875 0.40670347656250005 0.381575328125
21 0.33204911406250004 0.6967714843749999 0.351410640625 0.6939318812499999 0.502132871875 0.7253516062500001 0.5029187281249999 0.7548159375 0.5260683765625 0.7514207609375 0.5241080984375001 0.7390312921875 0.5324164328125 0.7110502921874999 0.5293671125 0.6917777859375 0.5387644859375 0.6706798203125001 0.5391345249999999 0.6551314828125 0.5288108703125001 0.62565743125 0.5232239625 0.5814031609375 0.46274349218750005 0.574779284375 0.4205355046875 0.5584327703125 0.378251403125 0.5505487296875 0.3023404984375 0.5447793609375 0.2810842734375 0.5535310546875001 0.2716869 0.5746290171874999 0.2750957234375 0.6051172125 0.2913868578125 0.6365331609375 0.2987267703125 0.6650362640624999 0.30942045937499996 0.6789619703125 0.33204911406250004 0.6967714843749999
21 0.36639255625 0.5382024546874999 0.3464747875 0.47492170156249996 0.327047684375 0.4594597484375 0.32968245937499996 0.4224509828125 0.3113443953125 0.413872065625 0.297743078125 0.3905129328125 0.2958589171875 0.369660990625 0.3039494390625 0.3403033828125 0.330312446875 0.30122313125 0.35674103125 0.2804444359375 0.3788684890625 0.27719917656250004 0.411177903125 0.29358888437499997 0.424637528125 0.30710893906250003 0.43241305625 0.3383652546875 0.419150171875 0.37974986875 0.4417788265625 0.3975593796875 0.450142203125 0.4146439609375 0.435136846875 0.44501571406249996 0.43433119062500003 0.45781083906250003 0.4451009984375 0.4632740734375 0.46519206406249997 0.4561018234375 0.49615012031249994 0.392402271875 0.5072138484375001 0.39077964062500004 0.5224370125 0.36178449687500003 0.54456446875 0.3585392375 0.5529383796875 0.348859790625 0.562923603125 0.3135900921875 0.5632175234375 0.3065042265625 0.5520121015624999 0.29828777500000003 0.5602443171875 0.2787692453125 0.5547991062500001 0.24435405625 0.5775144078125 0.226937065625 0.575118515625 0.211794384375 0.5445621 0.17965350625 0.5158137375 0.1768270421875 0.5161975359375 0.172545096875 0.268761853125 0.20883454218750003 0.2825280859375 0.21385831562500002 0.2863830609375 0.22033569531250002 0.2556638828125 0.2318837953125 0.23658574531249998 0.25440156406250003 0.22805960625 0.28100595625 0.1896304796875 0.2795992921875 0.15541582812500002 0.2958857015625 0.14920946875000002 0.346095253125 0.1347919609375 0.362295271875 0.132091609375 0.3810024875 0.145900196875 0.43250225625 0.1192432703125 0.4786683734375 0.1945663296875 0.49860947343750006 0.22593893281250002 0.49119119843750003 0.25563464375 0.4910616140625 0.2873562140625 0.5216230562499999 0.3305876640625 0.5265510531250001 0.36639255625 0.5382024546874999