0 0.602214578125 0.5975155296875 0.586229615625 0.59362195625 0.57152958125 0.5847702078125 0.5500893875 0.5779066640625 0.538643103125 0.5713921156249999 0.5213220921875 0.5580016859375 0.5162546375 0.5439273703125 0.5099216375 0.5342560171875 0.49845596406250003 0.528296684375 0.49313645624999997 0.52144019375 0.48210966875 0.518831553125 0.468035353125 0.5238990078125 0.45662079375 0.5323947109375 0.4427791421875 0.5307995609375 0.4245856453125 0.5423939015625 0.4049327171875 0.5639433734375 0.372902853125 0.6056287203124999 0.3689387796875 0.6077138671875 0.3676732359375 0.612116828125 0.3579243265625 0.62067069375 0.3520037734375 0.631025934375 0.33603114375 0.6426978296875 0.3363149203125 0.6504902593749999 0.34825120468750004 0.6748105328125 0.365642715625 0.7021007796875 0.3696385140625 0.7150258828125 0.37604906875 0.72247636875 0.382098290625 0.72435529375 0.44323739218749997 0.708701703125 0.49729439218750005 0.68890954375 0.544320403125 0.67943384375 0.62514415625 0.6572410328125 0.63142604375 0.652457353125 0.63325385625 0.631953096875 0.6295806109375001 0.6257099875 0.62570114375 0.6094535828125001 0.6188710921875 0.5980971890625 0.602214578125 0.5975155296875
10 0.7443184375 0.5874687625 0.7584121406250001 0.581846090625 0.7658626265625 0.5754355359375001 0.7735069984375 0.5634728109375 0.783042634375 0.56102633125 0.7868621890624999 0.451648559375 0.7725234859375 0.44836836875 0.7580490640625 0.44897470000000006 0.7507149109375 0.45205395 0.7409466140625 0.46116303593749997 0.7390676875 0.46721225781250003 0.7388085828125 0.490550765625 0.7256120390625 0.5023196046875 0.69422728125 0.5573689359375 0.6950468875 0.565735971875 0.698875240625 0.5675373421875001 0.7084813765625 0.57899068125 0.7221291421875 0.5861380015625001 0.730418621875 0.587539265625 0.7443184375 0.5874687625
10 0.469253296875 0.58453400625 0.4133949265625 0.608154521875 0.402935690625 0.6211307390624999 0.40176003906249996 0.638878296875 0.40466479218750007 0.6512094078125 0.413218659375 0.6609583156250001 0.421985803125 0.6645998359374999 0.4436198828125 0.665911209375 0.487746421875 0.6757905546874999 0.514016125 0.6717048640625001 0.52138905625 0.6675151796875001 0.534798875 0.6496389515625001 0.5404744296875 0.6303808515625 0.5388352203125 0.6136467828125001 0.528086925 0.5871444171875 0.5135226109375 0.574406146875 0.5003525093750001 0.5694990843750001 0.4802289734375 0.5726876125 0.469253296875 0.58453400625
10 0.43059080625 0.513697109375 0.419144521875 0.507182559375 0.39967314531250003 0.5076143921875 0.384372065625 0.515974375 0.37278300781249996 0.52946703125 0.3654611890625 0.54811175 0.364304925 0.5653040921875 0.36820378125 0.5810052796875 0.3777129734375 0.5952347046875001 0.38362647656250004 0.6010001484374999 0.3880294359375 0.6022656921875 0.400224825 0.603247459375 0.41602295624999996 0.5965725187500001 0.4259780875 0.5980319453125 0.44160172031249995 0.5963539578125 0.4686593046875 0.585625053125 0.4796543671875 0.5732234421875 0.49206303125 0.5680978203125 0.48902255625 0.55965323125 0.48152095624999997 0.5516087515625 0.440635828125 0.5285011374999999 0.43059080625 0.513697109375
10 0.6974898515625 0.4957786140625 0.7071224296875 0.4905560484375 0.707413259375 0.4822277921875 0.694992259375 0.47178794531249996 0.6675416203125 0.46193504062499996 0.634286759375 0.4591060734375 0.6241959078125 0.46153316406249995 0.6195796734375 0.466375009375 0.6205156109375001 0.471410740625 0.6253186796875 0.47713740937500004 0.6251054046875 0.4832447984375 0.6219221578125 0.49480741406249995 0.614159684375 0.55790828125 0.612397090625 0.5606262015625 0.605734484375 0.5603935375 0.605501821875 0.5670561421875 0.6336627859374999 0.5724866984375 0.6582985609375 0.5833530953125 0.6638507328125 0.58354698125 0.6667043734375 0.5814230546875 0.6668594828125001 0.5769813171875 0.6703846703125 0.571545478125 0.6896515937500001 0.5132935109375001 0.6974898515625 0.4957786140625
10 0.5511980765625 0.4506456109375 0.5451876296875 0.44765625 0.5371695921875 0.438481946875 0.5288801125 0.43708068281249995 0.524283265625 0.4413673109375 0.5198415296875 0.4412122015625 0.497252125 0.43542031562499994 0.4758894859375 0.426335903125 0.4691369890625 0.412758640625 0.4578845921875 0.40069191875000004 0.44472682499999994 0.4113503234375 0.44049131093750005 0.42120851249999997 0.434764640625 0.4260115796875 0.43292449218750007 0.43095036875000003 0.4320202796875 0.44092488750000003 0.43538330781249995 0.45605147031250004 0.468082953125 0.45886105 0.479490459375 0.4664860328125 0.48542863281250004 0.503382415625 0.50553278125 0.5007491015625 0.5271668609375 0.5020604765625001 0.533448746875 0.49727679687500004 0.54742611875 0.494985425 0.557058696875 0.4897628625 0.56448979375 0.48390752499999995 0.570965565625 0.4735716734375 0.5718116109375 0.46526280625 0.569171246875 0.46127934374999996 0.5575116859375 0.4608721828125 0.5511980765625 0.4506456109375
10 0.6044618890625 0.58091718125 0.5927441625000001 0.5821756734375 0.58582950625 0.58916083125 0.5851773453125 0.5919175296875 0.5961847453125 0.5950813875 0.6189292578125001 0.5964315359375 0.6332732453125 0.6313978796875 0.6319037046875 0.6546976109375 0.6620987046875 0.6496372078125 0.6705820703125001 0.6454863 0.670402290625 0.6187971 0.6679558109375 0.609261465625 0.6703000625 0.5898870328125 0.6676403078125001 0.5864587859375 0.651674734375 0.582009996875 0.6380269671875001 0.5748626765625 0.6131585281249999 0.5706588859374999 0.6047139406250001 0.573699359375 0.6044618890625 0.58091718125
10 0.6702031203125001 0.59266311875 0.667936421875 0.6098166828125 0.67072484375 0.6254790953125 0.6764638484375001 0.6362414937499999 0.6872773609375 0.6449575234375 0.7504822234375 0.633823225 0.756286446875 0.6267992890625 0.761271065625 0.6114083171875 0.756300553125 0.5945579171875 0.751039209375 0.586035775 0.7315678343750001 0.5864676078125 0.7216320921875 0.5844529625 0.709075371875 0.577899634375 0.6961379328125 0.5663299671875001 0.689972378125 0.5677823421875 0.679093646875 0.57685265 0.6702031203125001 0.59266311875
17 0.3799849796875 0.434660621875 0.3808433625 0.441917221875 0.38937129531250003 0.45905879374999997 0.39279903437499997 0.4656822796875 0.39607217031249997 0.46746426249999995 0.39586595 0.457450965625 0.387816184375 0.4332664109375 0.383413225 0.43200086718749997 0.3799849796875 0.434660621875
2 0.3715756296875 0.5322043390625 0.38211242031250003 0.5170072546875 0.374649596875 0.5078523390624999 0.36590184375 0.5036556015625 0.34878705625 0.50027846875 0.333757415625 0.5008654124999999 0.32140691875 0.5043253812499999 0.3055312328125 0.5132211921875001 0.296337540625 0.5217944484375 0.2903975984375 0.5327049046875 0.288388234375 0.5743268015624999 0.2935332453125 0.5861802453125 0.29331997187500003 0.5922876359375 0.317994525 0.6020435953125001 0.32109316250000003 0.6088225328125 0.3260319515625 0.6106626828125 0.3340887671875 0.6187265515625 0.3355993109375 0.6232264546875 0.3334877203125 0.6359382828125 0.3390398921875 0.63613216875 0.3494991265625 0.6231559515625 0.36665974375 0.609301965625 0.3765637625 0.596306359375 0.3666932390625 0.5765053765625 0.3653642453125 0.550887834375 0.3715756296875 0.5322043390625
2 0.6152507296875 0.558502275 0.6219221578125 0.49480741406249995 0.6257769515625 0.47993288281249996 0.6248604046875 0.47434193437500005 0.6205543875 0.47030030624999997 0.6207288859375 0.4653033515625 0.632085278125 0.4584733015625 0.628011925 0.4477690671875 0.626830990625 0.433830475 0.6235966296875 0.43093805625000003 0.5968880421875 0.43167305312500004 0.5661184375 0.43726928593750003 0.5503590828125 0.44283379375000004 0.54907415 0.4477919703125 0.5534965 0.448502296875 0.5543161046875 0.45686933124999995 0.5574535203125001 0.46253783281249994 0.5680608125 0.461240565625 0.571295171875 0.46413298281250004 0.5709461765625 0.47412689218750004 0.5661748328125 0.4834104734375 0.576755684375 0.4987891078125 0.579240940625 0.507214309375 0.581757921875 0.5306497593749999 0.579988275 0.5494883640625 0.6014601921875 0.571362159375 0.6053079359375 0.5726083140625 0.6115898203125 0.567824634375 0.6152507296875 0.558502275