9 0.4755992796875 0.87083425625 0.5011097296875 0.8837537484375 0.5210567078125 0.8964216125 0.554848921875 0.9149234406250001 0.5607488140625 0.919288990625 0.56467535 0.9174654484375001 0.5781029546875 0.9052341734375 0.5836899828125001 0.898796334375 0.5932645812499999 0.8902845625 0.6086578625 0.872187015625 0.6120773609375 0.869147096875 0.6171885890625 0.8668587734375001 0.623966553125 0.861029328125 0.6238257375 0.8583105828125 0.5960554890624999 0.8436735125 0.58043875 0.8341188109375001 0.5725481968749999 0.8313268171875 0.5603634515625 0.82087855625 0.5453335265625 0.8155093750000001 0.5263333375 0.8044514843749999 0.51687313125 0.8004071109374999 0.511993559375 0.7995474984375 0.5085005296875 0.8006914546875 0.498663040625 0.8069852687499999 0.48824498437499997 0.8101667453125 0.477466953125 0.8159237671874999 0.4679596375 0.8252583234375 0.4674713421875 0.8272614828125 0.47065437499999996 0.8372785 0.46970277187500004 0.8455775296875 0.47350241875 0.8541637796874999 0.4755992796875 0.87083425625
10 0.3482182796875 0.6209349046875 0.3380208171875 0.6298042671874999 0.32826935156250003 0.6401404015625001 0.31692468125 0.655913621875 0.3064359609375 0.6791634953125001 0.3034215953125 0.698122296875 0.30421169375 0.7157583484375001 0.30913642812500003 0.7351123890625 0.31426782656249996 0.7470257828125 0.3216465296875 0.7585103953125001 0.33170604375 0.7688866484375 0.33823504375 0.773967784375 0.3440253546875 0.780980478125 0.35615674531249997 0.8037344953125001 0.3619470546875 0.810747190625 0.3682319078125 0.8168299031249999 0.37708174687499996 0.8233782265625 0.38522894218750003 0.82731499375 0.39443250625 0.8302145921875 0.41382871874999994 0.8341538265624999 0.427697509375 0.833298325 0.45123317343749997 0.8290465484375 0.47256382812500003 0.821753621875 0.480215046875 0.8156381906249999 0.491365546875 0.809451978125 0.5110092890625 0.7914984546875 0.523410328125 0.7746880640625 0.533410753125 0.7534413484375 0.537811659375 0.7364861125 0.5382076828125 0.7293674578125 0.5371373875 0.7172760921875 0.5322188999999999 0.698995228125 0.5200264765625 0.676491609375 0.517172184375 0.65853315 0.5134758703125 0.646226575 0.5065244250000001 0.6329892 0.4966417734375 0.620788584375 0.483198809375 0.6089091437499999 0.47335364062499996 0.6031476 0.4369853828125 0.5930159875000001 0.43148295000000003 0.592513965625 0.40169366718750005 0.59604891875 0.38584670781249997 0.600624334375 0.37138004062499996 0.6061301390625 0.357054190625 0.6143546890625 0.3482182796875 0.6209349046875
11 0.36487259375000003 0.1108932078125 0.35889435937499997 0.11454070000000001 0.35131666875 0.1225520953125 0.3472320109375 0.1294195359375 0.3452413453125 0.1309930921875 0.337369534375 0.1314206359375 0.28098363125 0.12868955937499998 0.273631346875 0.1324798375 0.2647094125 0.135017734375 0.259976903125 0.1379500484375 0.2584995234375 0.14181316093750002 0.258097253125 0.147858640625 0.261403790625 0.168357046875 0.2680764703125 0.198121290625 0.27694166875000004 0.22878033125 0.2786896171875 0.2391905328125 0.2787160359375 0.25446542656250004 0.27567187031249996 0.27904051875 0.27651051249999997 0.29427981875000003 0.280022284375 0.296355396875 0.29291305156249997 0.28852403125000003 0.3094314171875 0.28119427343750003 0.3305179234375 0.274902925 0.34974833437499997 0.2718307 0.3742745140625 0.27670114687499997 0.3785860125 0.276594775 0.38348289062499996 0.269691740625 0.388587871875 0.26633023906250003 0.39688694375 0.26414993125 0.40394653593749996 0.26375798125 0.41327074062499997 0.25517460937499997 0.4238656609375 0.25016876875 0.436158553125 0.24698770468750003 0.438460646875 0.2452353546875 0.43881918906250006 0.23167762656250002 0.43663487031250003 0.19998264999999998 0.42860545156249996 0.1625985515625 0.425135975 0.157053040625 0.4110153578125 0.1468547609375 0.405694603125 0.1346193734375 0.40052090468749996 0.1261759140625 0.3959888125 0.120594396875 0.38952085 0.11526286562500002 0.381935478125 0.1112189015625 0.376176403125 0.1095721015625 0.37061293125 0.1093204734375 0.36487259375000003 0.1108932078125
0 0.6742332359375001 0.48889827031250005 0.6774585656250001 0.495445359375 0.6769890125 0.50066805 0.6674581390625 0.516692075 0.6593921546875 0.5267066265625 0.653085178125 0.5382955578125 0.6494825671875 0.542086659375 0.643114553125 0.5539259875 0.6361597265625 0.56157979375 0.6348904453124999 0.5689844374999999 0.6336004734375 0.60504290625 0.6343468453125001 0.6151667078124999 0.6384656015625 0.6356295249999999 0.6352916828125 0.64865004375 0.6335576609375 0.65136838125 0.629325940625 0.65444389375 0.6281114484375 0.660524965625 0.629186559375 0.662707328125 0.6413588078125 0.6710092328124999 0.64489556875 0.677377525 0.6450551234375 0.683315809375 0.6400313546875 0.7006286312500001 0.6325459375 0.7137555265625 0.6275096765625 0.7289219921875 0.62064711875 0.7416912984375 0.60856519375 0.7703782515625 0.6001517265625 0.78511470625 0.5980639765625 0.791481765625 0.6050341640625 0.8079386796874999 0.6077101609375 0.81673931875 0.6238055640625 0.8441088656250001 0.635880728125 0.857204275 0.6408338312499999 0.8599598515625001 0.6541609687500001 0.8734132593749999 0.6571046703125 0.8745228546874999 0.6580327171875 0.8729132921874999 0.6603444406250001 0.8513429374999999 0.6626763375 0.8439742984375 0.6657358624999999 0.843509925 0.6774496203125 0.8481987015625 0.682512303125 0.8483071296875 0.685944296875 0.847413565625 0.6885453296875 0.8433360640625001 0.7098548921875001 0.7680036984374999 0.713853528125 0.7570939375 0.7591443531250001 0.5822833046875 0.78121473125 0.48734773281250005 0.7833322828125 0.47536438593749997 0.7832337625 0.4691757109375 0.7805515203125 0.4593018875 0.7762448359375 0.44949926093750003 0.753239765625 0.4482779484375 0.732696340625 0.45124256875 0.716574 0.45145366875 0.7005674843749999 0.45009080468749996 0.68625894375 0.45055271093749993 0.6833277375 0.4515894703125 0.6817768281250001 0.4535566234375 0.68135725 0.46736474531249994 0.68038065625 0.471371059375 0.67401264375 0.48321038437499997 0.6742332359375001 0.48889827031250005
9 0.5190249 0.6762052078125 0.5198558609374999 0.67938915 0.5277478484375 0.6931633203125 0.53243949375 0.7046831171875 0.5357695890625 0.7184920609375001 0.536210771875 0.7298678375 0.5352106265625001 0.740563615625 0.530925546875 0.75594488125 0.5252476828125 0.7682494015625 0.515845134375 0.784845815625 0.5177997453125001 0.787815365625 0.524896821875 0.7938624875 0.5533274140625 0.814581040625 0.57267651875 0.8318992078124999 0.5751804625 0.8326152078125 0.5788503578124999 0.8296468890625001 0.5831243765624999 0.8231014453125001 0.58712925625 0.8132648671875 0.5922140609375 0.795701646875 0.6043099171875 0.7801432312500001 0.6225705015624999 0.73929495625 0.62764424375 0.7305675593750001 0.6320638890625 0.7168318609375001 0.64208305625 0.6988046828125001 0.647412009375 0.6802398828125 0.6473932671875 0.6770203484375 0.6463791953125 0.6745875921875 0.640161625 0.6693276609375001 0.618895390625 0.6554790125000001 0.6006526328125 0.6457090984375 0.59120491875 0.64381108125 0.5840357468749999 0.646850178125 0.5745880359375 0.6449521625 0.572383028125 0.641911009375 0.56868814375 0.6405866140625001 0.5458599375000001 0.6375409390625 0.5432401625 0.6383989078125001 0.5415061421875 0.6411172421875 0.5360162015625 0.6427615765625 0.5286043140625 0.6577844328125 0.5253804171875001 0.662219525 0.5190249 0.6762052078125
9 0.5242870843749999 0.613962084375 0.5251992546875 0.6310973484375 0.5270255500000001 0.633494509375 0.5309708265624999 0.6348905046875 0.572376778125 0.6408378296875 0.5878949984374999 0.644203853125 0.5977699703125 0.6443491109374999 0.627169475 0.6490059890625 0.6332337359375 0.64940081875 0.6352916828125 0.64865004375 0.6361399515625 0.644071340625 0.6338383750000001 0.6029681515624999 0.6354162234375 0.5734203515625 0.6338215828125 0.5678752515625 0.6350423234375 0.5628673609375 0.6394509078125 0.557967484375 0.656730084375 0.5310345234375 0.66306205 0.523738309375 0.6786196999999999 0.501670040625 0.6797246125 0.498236115625 0.676511778125 0.4938353859375 0.667790259375 0.4878594546875 0.6223828078125 0.470857525 0.5878283484375 0.460976721875 0.5740018546875 0.4583622921875 0.571571440625 0.45954225312499997 0.5528821640625 0.49116110781250005 0.5348109390625 0.5323313796875 0.52928638125 0.5495010031249999 0.5259682640625 0.580693959375 0.5242870843749999 0.613962084375
9 0.462074421875 0.5120681546875 0.45873470000000005 0.518077215625 0.448983234375 0.52841335 0.44212068125000004 0.54118265625 0.42802167031250005 0.5561682718750001 0.4271671515625 0.5596737968750001 0.42882282812500006 0.5649685015625 0.430649121875 0.5673656625 0.435486396875 0.571695203125 0.4423816203125 0.5752739765625 0.4473534640625 0.581249084375 0.46427696406249996 0.5898382140625 0.46861345156249995 0.5940245546875 0.48090777500000004 0.601825671875 0.4850549046875 0.6056900171875 0.503994059375 0.6169983046875 0.5248267890625 0.6315265359375 0.525803378125 0.627520221875 0.5249758 0.6034451 0.5297809250000001 0.548571025 0.533644990625 0.5360156984375 0.5547445093750001 0.4890151625 0.5705213171875 0.4616526046875 0.5736904234375 0.458541084375 0.5835106046874999 0.46000991406249997 0.6045499984375 0.467097496875 0.6050445421874999 0.46616751562500003 0.6018504499999999 0.464986321875 0.5996391921875001 0.460871990625 0.5944967328125 0.4577944234375 0.5820005562499999 0.44752495468750003 0.5716358578125 0.43840067656250004 0.568862775 0.4343935390625 0.562779775 0.4307791765625 0.54393770625 0.4146773875 0.538392975 0.41764529531249994 0.5349249328125001 0.42308196562499994 0.5163015093750001 0.44454142656249995 0.510665940625 0.45337601562499996 0.49905213125000003 0.465858096875 0.4876401796875 0.48080853125 0.47404195624999995 0.49593735 0.46834535 0.505022334375 0.462074421875 0.5120681546875
9 0.3524665078125 0.4167102171875 0.3422142546875 0.42690315156249997 0.3327492359375 0.4327677796875 0.29715038437499997 0.46892604687499995 0.2826851515625 0.4854140296875 0.28365068125000004 0.49024353906249996 0.3039105234375 0.513714790625 0.3070012859375 0.518616309375 0.33737543125 0.5511402375000001 0.34125967031250004 0.552786628125 0.3511581953125 0.5462424171875 0.36907416406250004 0.53208040625 0.37780049375 0.528147334375 0.38263633750000003 0.5214946984375 0.3978042140625 0.507618265625 0.408630784375 0.49946449218750005 0.41241650625000004 0.49492220624999994 0.4185841 0.491596709375 0.45134401874999996 0.4615907015625 0.46378878593749995 0.4522925625 0.47043218124999997 0.4448175484375 0.47600046875 0.43516017656250006 0.47604276562500003 0.431690246875 0.4686952953125 0.42557152656249997 0.46322266250000005 0.41945321562500004 0.4505981671875 0.4086113578125 0.43189691249999995 0.395228315625 0.404394365625 0.3729002 0.40064469375 0.37289937812499996 0.3976524515625 0.374186534375 0.39437376875 0.3799452 0.3882186671875 0.3854170546875 0.3816488046875 0.3947880265625 0.372398128125 0.40526736249999995 0.3664136453125 0.4078416765625 0.3642398703125 0.4101664171875 0.3524665078125 0.4167102171875
15 0.54004005625 0.35704691718750003 0.5332606625 0.35189418125 0.5232323828125 0.346883821875 0.5001287921875 0.3394738328125 0.4737277765625 0.334602975 0.46016416875 0.3342065015625 0.4549308703125 0.33699561562499997 0.45082747031250003 0.34064351875 0.44891658437500004 0.34518621562499996 0.43678273125 0.3971611046875 0.437546409375 0.3995222625 0.439745171875 0.4014902375 0.4450769890625 0.40488979843750006 0.473782965625 0.4299726671875 0.4748643203125 0.433228209375 0.47419291562500004 0.43598254843750006 0.47048697187500005 0.4434939765625 0.46638981875 0.44821505781250004 0.415280428125 0.49306265937499993 0.400381171875 0.5530857703125001 0.3978003140625 0.571364990625 0.398136734375 0.5754789109375 0.399394953125 0.576910090625 0.41080352812500004 0.5828508375 0.43198373749999996 0.592657165625 0.45652865781249996 0.60074715 0.4788075328125 0.606046375 0.48236784843749997 0.6057252015625 0.48267303124999994 0.6044732265625 0.4810908875 0.6010744875 0.47883108906249994 0.5993569078125 0.4503471375 0.590944109375 0.427902459375 0.578633421875 0.42481169999999996 0.5737319015625 0.42637367187499997 0.5629289265625 0.43682634531250003 0.5442221640625 0.44519126875000004 0.531882459375 0.45443569375 0.5203299453125 0.4614030171875 0.5148224984375 0.466226365625 0.5060235015625001 0.46979149375 0.49579332656249997 0.47443173125 0.487745515625 0.47642239531249997 0.486171959375 0.48317680625000003 0.4870319796875 0.48635215781249996 0.48499364062500006 0.51068468125 0.45659555156250003 0.520282834375 0.4413943140625 0.5339968828125 0.424691528125 0.5359077703125 0.42014883125 0.5465281921875 0.3765801640625 0.54760811875 0.3688535234375 0.544883578125 0.36244963750000003 0.54004005625 0.35704691718750003
11 0.3135639859375 0.4543344328125 0.334379925 0.43376976875000006 0.34595768125 0.42583079531249995 0.3539688765625 0.41713981875000006 0.3745843984375 0.4050889796875 0.3943252234375 0.38234195 0.40305012187499994 0.3674267 0.4068593984375 0.3561949453125 0.40784705312499997 0.343352809375 0.4044468078125 0.30675672187499997 0.40572714843749996 0.29051625625 0.4026661921875 0.279998446875 0.3680146484375 0.27491114687499996 0.3508657375 0.2705431328125 0.3228354671875 0.2756524640625 0.307739690625 0.28044267968750003 0.28399736249999996 0.2921351046875 0.2533924796875 0.3165968375 0.2527210734375 0.3193511765625 0.2549635640625 0.3288314 0.27571118437500003 0.393155034375 0.285393415625 0.4138694765625 0.30319928749999997 0.4452101578125 0.3083306859375 0.4571235484375 0.310577990625 0.4566947703125 0.3135639859375 0.4543344328125
17 0.605419921875 0.46610153906249996 0.6100024281249999 0.4688750625 0.6186406296875 0.47151450937500006 0.624629603125 0.47316865 0.6299928296874999 0.4732153 0.7409651765625 0.34803647656250003 0.7633039015625 0.307986278125 0.6766320140625 0.3812397953125 0.605419921875 0.46610153906249996
5 0.34362280312500004 0.55078388125 0.33987313124999996 0.5507830609375 0.326552240625 0.5384028296875 0.3212564703125 0.5304601578125 0.3076914328125 0.5190815046874999 0.3022610953125 0.5094932640625001 0.2994332234375 0.5068097015624999 0.29673991875 0.50577170625 0.29443782500000004 0.5075240578125 0.2752775625 0.5333834265624999 0.27045421406250003 0.542182421875 0.2632566703125 0.5618199875000001 0.20132110625 0.711514625 0.197236446875 0.7183820640625 0.1913802859375 0.7215287671875 0.1854880734375 0.7292185796874999 0.1741136 0.750608084375 0.1730759734375 0.7548647921875 0.17358925625 0.75715435 0.1756596984375 0.758549934375 0.1965284765625 0.7685350578125 0.20869447968750002 0.775763784375 0.21752557499999997 0.7790925718749999 0.23347105625000003 0.7807058312499999 0.23702512343749998 0.7793114812499999 0.239882796875 0.77637875625 0.24768589375 0.7641462484375 0.253277734375 0.747799409375 0.2562449890625 0.742219534375 0.290181915625 0.6996933875 0.2996032078125 0.686316509375 0.306185565625 0.6790918953125 0.31612495625000003 0.6580955734375 0.32585143125 0.6434667234375 0.340506021875 0.6273007328125 0.35094763125 0.6174297906249999 0.36609051875 0.5992606453125 0.3748043546875 0.5931812171875 0.3826074515625 0.580948709375 0.39249829687500004 0.5623491375 0.40199793437500003 0.540959221875 0.4123444078125 0.504008421875 0.4126918875 0.4992865203125 0.4116167796875 0.4971041578125 0.40675595 0.4994640796875 0.395312759375 0.509048621875 0.377543853125 0.5270025578124999 0.36776115468750004 0.5319727999999999 0.35364965000000004 0.544812059375 0.34362280312500004 0.55078388125
17 0.5721976843750001 0.4382934828125 0.5737798296875 0.4416922234375 0.58333230625 0.450852096875 0.5911743171875 0.4560408390625 0.594985028125 0.4557912671875 0.597287121875 0.45403891406249997 0.609688159375 0.437228521875 0.6234209515625 0.42374527500000003 0.631779628125 0.41033239374999997 0.664830803125 0.3659458765625 0.6827390921875 0.33972850781249997 0.6973264015625 0.32273973125 0.7076459374999999 0.3133695796875 0.7215555890625 0.29806196875 0.7436955984375 0.268769084375 0.76771669375 0.2405497890625 0.7837140953125 0.21887512031249998 0.787609396875 0.21168568593749998 0.786338684375 0.20810815 0.7784356359375 0.2031698015625 0.7677532578124999 0.1931511390625 0.7662508890625 0.1927215390625 0.7633869703125 0.194581084375 0.7550768359375 0.20559721562500002 0.7413988359375 0.2177568921875 0.7348477109375 0.2303474015625 0.7199677125 0.25073450625000004 0.62184556875 0.3785641703125 0.59156604375 0.41597564374999996 0.572673484375 0.43414396875000005 0.5721976843750001 0.4382934828125
17 0.7037381421875 0.31841265625 0.6828126218749999 0.3416244703125 0.6653315921875 0.3660890765625 0.6447910375 0.39101805624999997 0.63549181875 0.4038941421875 0.6282255609375 0.4117267421875 0.623896753125 0.4195957609375 0.6230547296875 0.42524764218750005 0.6249358140625 0.42632123125000004 0.6282269921875 0.42270892499999996 0.6393649984375 0.4143763546875 0.6532198609375001 0.4003923171875 0.675929378125 0.3830475984375 0.7080601828125 0.3523260015625 0.733438015625 0.3317265625 0.7462677453125 0.3241455921875 0.75677039375 0.3140242578125 0.7656673421875 0.30719364531250004 0.782752346875 0.2898476921875 0.8241713109375001 0.25508583281249997 0.844591225 0.24163982343749998 0.8569499687500001 0.2282993625 0.8903514890625001 0.20115530312500002 0.894192 0.1952894421875 0.8920965703125001 0.1896011453125 0.8859823359375 0.1806208890625 0.8751716375 0.1700298359375 0.8718554718749999 0.1693494296875 0.869547128125 0.170028603125 0.826162490625 0.21065673281250002 0.8080023765625001 0.22582032343749997 0.795551359375 0.234045284375 0.781201953125 0.2489593015625 0.7470617421875 0.27803491875 0.7369503046875 0.2909466 0.7037381421875 0.31841265625
11 0.4203726296875 0.25131272656250003 0.4082267984375 0.2582857140625 0.40395902968749997 0.2659043375 0.4042829546875 0.2678719015625 0.40760536875 0.269625484375 0.41238160781250005 0.2742054203125 0.415106146875 0.28060931093749997 0.41678056406249997 0.2891235484375 0.4219105296875 0.2900547609375 0.43215796875 0.2897708265625 0.5370858109375 0.3219176015625 0.5502096671875 0.32192048125 0.565342925 0.3235693375 0.5694165250000001 0.3255377203125 0.57239145625 0.332013209375 0.5747185390625 0.334553571875 0.578737346875 0.33784553125 0.5826826234375 0.3392415265625 0.6060789046874999 0.3432531828125 0.6220181359375 0.343793265625 0.6379025765625 0.3456569234375 0.6418353609375 0.3449065609375 0.645841675 0.34605216250000004 0.6529310703125 0.3400439234375 0.6698142234375 0.3202296171875 0.67384409375 0.3146857515625 0.675071078125 0.3107510390625 0.67093644375 0.3090330484375 0.649446234375 0.3103876953125 0.60631250625 0.3082318859375 0.5852370625 0.30568741250000003 0.5723636046875 0.30575613437500004 0.567905040625 0.30207058125 0.5608267078125 0.2992429984375 0.547183325 0.295877384375 0.541619853125 0.2956257578125 0.53579349375 0.29315617031249996 0.500333109375 0.2672132796875 0.48804503125 0.2604853421875 0.4681230421875 0.2521101921875 0.4643483796875 0.24781665625 0.458961771875 0.245740665625 0.4425890359375 0.24588016562499998 0.4299784640625 0.24816684375000003 0.4203726296875 0.25131272656250003
11 0.4070838890625 0.2981361109375 0.4080321109375 0.3107282640625 0.406604709375 0.3231768078125 0.40676088125 0.3500062703125 0.40580303124999995 0.3572321203125 0.40225039531249995 0.369608653125 0.40502347656250004 0.373615790625 0.43264809687500005 0.3954431171875 0.43558554843749997 0.3954795328125 0.44941112656250004 0.3442562375 0.45530958593750004 0.3376396046875 0.46035977499999997 0.33560167500000004 0.47811280468749995 0.3363925640625 0.49757005468750004 0.34008140781249996 0.534317028125 0.35085700625 0.53927013125 0.3536125796875 0.543997828125 0.36058926874999997 0.545813059375 0.371822253125 0.5418283500000001 0.3958605484375 0.538227171875 0.410633834375 0.5386183828125 0.41342418125 0.5461364703125 0.416645359375 0.5502288078124999 0.42183328124999997 0.564416709375 0.43285434531250006 0.570682821875 0.43571752343750003 0.57342466875 0.43435876718750005 0.5871637078124999 0.4219486984375 0.599644521875 0.408107446875 0.626382475 0.3742366828125 0.6312120703125 0.366510865625 0.6473502890625 0.3475549390625 0.64882766875 0.343691825 0.648247103125 0.3405794859375 0.64286049375 0.338503496875 0.6241669203125 0.3371758109375 0.6188600906249999 0.3380689640625 0.609010109375 0.3422164203125 0.5981335609375 0.3417847671875 0.5874338765625 0.339528746875 0.5762881890625 0.33580595625 0.573839034375 0.333766384375 0.5708030640625 0.3275412890625 0.5675354421875001 0.32446413125 0.55164475 0.3215272984375 0.53588863125 0.32023602812499996 0.49770657187499995 0.3098536125 0.43753832968750006 0.29077363749999996 0.4295319484375 0.289555615625 0.4179715 0.2897319453125 0.413226496875 0.2905179 0.4085612703125 0.294272996875 0.4070838890625 0.2981361109375
11 0.6802585828125001 0.47187184843749996 0.6815278640625 0.46446720468749997 0.6797799171875 0.454057 0.6838285281250001 0.4517326703125 0.6903200468749999 0.45037473749999996 0.6956379390625 0.4406457625 0.700199834375 0.44061099062500003 0.7073300890625001 0.4201506390625 0.7171411578125 0.39858193124999997 0.7225561359375 0.384059453125 0.737190553125 0.3536917484375 0.7346991015625 0.355122103125 0.7081865546875 0.38477175468749997 0.6313907671875 0.47236195 0.632594196875 0.47511670156249997 0.6646634515625001 0.4875010421875 0.6667886843749999 0.48757305312500004 0.66846166875 0.4851051125 0.6719595125 0.47405215468749995 0.6752021484374999 0.47283659843750003 0.6785793531250001 0.4732666109375 0.6802585828125001 0.47187184843749996