7 0.4847803359375 0.6766156999999999 0.47867978281249995 0.703664334375 0.5192116203125 0.720954909375 0.5705948296875001 0.727984315625 0.6198590484375 0.7396774484375 0.6575075015625 0.7534073421875 0.680734171875 0.718385853125 0.688107090625 0.6947285765625 0.7158330234375 0.6943850625 0.7315174484375 0.6846318671875 0.7364327265624999 0.6688603484375 0.7596691234375 0.6957347953124999 0.7908735109375 0.7087873890624999 0.834961165625 0.6922466140625 0.867689475 0.69080005625 0.8646319 0.6579024234374999 0.8446997671875 0.6150871375 0.840369825 0.57879814375 0.8345159625 0.5570083046875001 0.8396005687500001 0.5396257703125 0.837989553125 0.5394564453124999 0.8162819421874999 0.529030815625 0.764985825 0.536669884375 0.7399788171874999 0.5731330640625 0.7139461296875 0.5573664109375 0.69529609375 0.579838415625 0.66528184375 0.586456671875 0.632210021875 0.5601772953124999 0.6122876171875 0.579257940625 0.5937198109375 0.5854504515625 0.5857469562500001 0.5683243375 0.5478566765624999 0.6343808859375 0.5113934984374999 0.609373878125 0.4621341421875 0.6286287125000001 0.46959902187499997 0.650587878125 0.4412780203125 0.641095965625 0.431529690625 0.656359509375 0.4472189765625 0.677554284375 0.4847803359375 0.6766156999999999
24 0.36737416093749997 0.3059368546875 0.35881596875 0.3408712484375 0.36501334375 0.39038702187499996 0.3642538171875 0.4131105796875 0.3835086515625 0.4623699375 0.43506118593750004 0.46778832656249997 0.47109375781249996 0.4504009265625 0.4818580359375 0.42547128125 0.501441790625 0.4096126703125 0.5122882984375 0.368403534375 0.5230477125 0.312525921875 0.485065475 0.33296603125 0.45445129375000004 0.2988008953125 0.41587398750000004 0.30940557812499997 0.36737416093749997 0.3059368546875
24 0.836963875 0.48722661250000004 0.8217922890624999 0.5230947234375 0.853170865625 0.56548426875 0.8817434234375 0.5570856703125 0.9058215781250001 0.544957065625 0.9163294359374999 0.5069699625 0.836963875 0.48722661250000004
24 0.6223551375 0.43698049687499996 0.60048306875 0.45911384999999993 0.6444933578125001 0.48980053593750006 0.6168545203125 0.5048125234375 0.6167771531249999 0.55203998125 0.643743559375 0.574420025 0.67528659375 0.5842505859375 0.71326883125 0.563810478125 0.7334427890625 0.526839325 0.7218221609375 0.4979281203125 0.7597221671875001 0.4937675046875 0.7676030625 0.4652771765625 0.7377532734375001 0.43933644843749997 0.70264955625 0.432389271875 0.6756009203125 0.4262887203125 0.64660261875 0.423240875 0.6223551375 0.43698049687499996
24 0.573366796875 0.5621366906249999 0.5938842703125 0.5528914687500001 0.6013394203125 0.5129547015625 0.621261825 0.493874053125 0.6087945718750001 0.4730179328125 0.599718675 0.45088944375000006 0.5881851375 0.43664671093749996 0.579617215625 0.4096851703125 0.5731731484375 0.409007871875 0.604372671875 0.39111250000000003 0.6028438828125 0.37466368437500003 0.544005525 0.40757104375 0.5576531859375 0.386202084375 0.5740971390625 0.35372533125 0.566037190625 0.321930740625 0.536361590625 0.32532696250000004 0.5155974265625 0.3834106578125 0.5039042968749999 0.432674878125 0.478128028125 0.42996568437500005 0.4669428703125 0.474396853125 0.486787909375 0.502543665625 0.5023901015625001 0.5090699625 0.5403869343750001 0.5814737546875001 0.5700625328125 0.5780775328125001 0.573366796875 0.5621366906249999
24 0.46627043593749995 0.5117888859375 0.45177615 0.54121293125 0.435753078125 0.5541881578125001 0.41183938124999997 0.5337577796875 0.36029171249999997 0.55928735625 0.366135846875 0.5191812640625 0.34781959375 0.5074832671875 0.320093659375 0.5078267796875 0.30796505625 0.48374862656250006 0.2898703421875 0.446657809375 0.2331809875 0.4824037578125 0.21579845312499998 0.477319153125 0.19926740625 0.4951274296875 0.1753585765625 0.50564501875 0.1779904046875 0.527096209375 0.18613258125 0.5426113078125 0.24421141406250002 0.5324275046875 0.2466739203125 0.5554897125 0.25312285 0.587114978125 0.322309475 0.5797274640625 0.3770840421875 0.585484503125 0.42015575 0.5786098281250001 0.431940840625 0.5749620515625 0.4659463796875 0.60785481875 0.4895165625 0.6005592640625 0.5469229609374999 0.627767496875 0.5788820109375 0.587148565625 0.5486113421875001 0.5807093609375 0.5122303921875 0.539422859375 0.46627043593749995 0.5117888859375
24 0.37817735468749997 0.5285909453125 0.40395362187500006 0.5313001390625 0.4219312265625 0.546220171875 0.452109934375 0.50704293125 0.4309925296875 0.475504759375 0.4029279484375 0.47907030781250004 0.36977875781249997 0.5000183890625001 0.37817735468749997 0.5285909453125
24 0.362396109375 0.46177973124999994 0.3222077859375 0.4722150890625 0.3186519671875 0.506046440625 0.35875806250000003 0.511890571875 0.39877219531249997 0.472118265625 0.3957194859375 0.4701685984375 0.375705121875 0.44363280312500003 0.362396109375 0.46177973124999994
24 0.36306854375 0.42438769687500005 0.36255570625 0.39827278125 0.3422897875 0.38962749375 0.31270128124999996 0.407692190625 0.29247049375 0.46316661718749996 0.3148348671875 0.49587236562500003 0.3352652453125 0.47195867031249994 0.370872071875 0.44312482812500004 0.36306854375 0.42438769687500005
24 0.278536146875 0.4383063734375 0.28752008125 0.414818421875 0.3233833296875 0.3990420390625 0.3471228359375 0.39013546875 0.359502996875 0.3963231140625 0.3598367796875 0.3621531140625 0.3572000859375 0.30975395625 0.3534700796875 0.314248359375 0.3129382421875 0.29695778281249996 0.28860366718749997 0.29602892812500003 0.2855558234375 0.3250272296875 0.25689617187499997 0.3187573515625 0.226881921875 0.325375609375 0.230703890625 0.3664976484375 0.24817351875 0.386250728125 0.23215044687500003 0.39922595625 0.2184156875 0.40592644218749996 0.21723528124999997 0.44815152812500003 0.1865437328125 0.46121385000000004 0.15067562031249998 0.44604226562499993 0.14525236875 0.4666468328125 0.19892389375 0.4674014984375 0.21537270937500003 0.46587271093749993 0.2319037578125 0.44806443281249997 0.273451540625 0.4556889078125 0.278536146875 0.4383063734375
24 0.215203384375 0.46748372812500005 0.223253603125 0.4373823859375 0.217651296875 0.397702034375 0.23053456562500002 0.368108665625 0.2295959828125 0.33054730781249997 0.19287638437500002 0.2924828390625 0.19007522968749999 0.272642665625 0.21805271718750002 0.25440864531249996 0.173195803125 0.23177704375000002 0.125711925 0.21864222187500001 0.12265921875000001 0.216692553125 0.11520406875 0.256629321875 0.146239128125 0.2712929328125 0.15607941875 0.30164583125 0.1701576890625 0.32267127812499996 0.15693577187500002 0.35548668125 0.1289582828125 0.37372070156250004 0.07859588437500001 0.38797316406250004 0.061387539062499996 0.4122255078125 0.068939515625 0.44885314843749996 0.0989586265625 0.47318285937500004 0.0875895515625 0.42638114531250004 0.090129421875 0.4022158953125 0.1277730109375 0.3849978203125 0.14490399062499998 0.40797293437500004 0.1550829265625 0.4351037984375 0.147371359375 0.4619831078125 0.19731287656250002 0.4672321734375 0.215203384375 0.46748372812500005
24 0.22449678281250002 0.25508594375000004 0.19372300625 0.28442775625 0.22238752343749998 0.3216456 0.27410938125 0.3254529734375 0.2791068921875 0.29340196406249996 0.27444316875 0.2912829734375 0.2471381125 0.2721249625 0.22449678281250002 0.25508594375000004