7 0.665824853125 0.567554734375 0.6735717015625 0.5573962796874999 0.7011886796875 0.5667402906250001 0.7038063203125 0.554801703125 0.7055460765625 0.5389074234375 0.6991835625 0.52745431875 0.6138962765625 0.49386328749999997 0.5975728015625 0.510235328125 0.5782068265625 0.512142846875 0.5580507203125 0.507608934375 0.5433489875 0.49678548749999996 0.5257624109375 0.48030216093749994 0.522680265625 0.46833420468750003 0.502840396875 0.4626186828125 0.49880908437500004 0.4635909890625 0.48948105625 0.47965747812500004 0.48046972343750005 0.48514690624999995 0.478770071875 0.48914917812500003 0.4820107953125 0.4911308859375 0.4746585484375 0.5139055046875 0.48461859062499996 0.5048712546874999 0.49517145625000003 0.4959703578125 0.4999924375 0.5108349265625 0.5306594625 0.555941740625 0.5371805562499999 0.55740859375 0.563739740625 0.55210815625 0.5951203640625 0.55227684375 0.626026640625 0.5542179375 0.6495027578125 0.5557404328125 0.665824853125 0.567554734375
17 0.359084296875 0.31816195468749997 0.477039515625 0.3171345125 0.47648679375 0.305109153125 0.47356230625 0.3019458359375 0.3602125671875 0.30275649375 0.3564182 0.3075403203125 0.3572083296875 0.3139817546875 0.359084296875 0.31816195468749997
17 0.45869417500000004 0.4608312453125 0.4589703046875 0.4715416484375 0.5118471296875 0.551083725 0.5283669859375 0.5598106625 0.5301450062499999 0.5696061625 0.529196296875 0.5731509796875 0.5450039359375001 0.5986296984374999 0.549628075 0.59779074375 0.5518406796875001 0.5939038562500001 0.4995577265625 0.510110775 0.4912586140625 0.4988484234375 0.46640092187500004 0.4625648 0.45869417500000004 0.4608312453125
17 0.642030659375 0.6047956343750001 0.6437298499999999 0.6101888093750001 0.6464386921874999 0.6139299874999999 0.8261240671875001 0.6261617578124999 0.8281795984375 0.618481315625 0.8266781671875 0.6100007749999999 0.642030659375 0.6047956343750001
17 0.455773365625 0.382504353125 0.45031899375 0.38879388593750003 0.4558517375 0.39630212187499997 0.7148641796875 0.360608859375 0.717253690625 0.354256284375 0.716779796875 0.346633246875 0.5286527765625 0.37321667187499996 0.5202342718749999 0.3788394515625 0.5067569171875 0.38457703906249996 0.49331966562499996 0.3784226140625 0.455773365625 0.382504353125
10 0.559829203125 0.508008984375 0.5734642140624999 0.5110760437499999 0.5850838 0.5099315343749999 0.600141871875 0.5076813671875 0.610101909375 0.49864711406250006 0.6169397 0.489536915625 0.6167032125 0.47632994999999995 0.61773120625 0.46779200468750004 0.633897484375 0.433219875 0.6311712171875 0.41757374687500004 0.6275750734375001 0.4098747578125 0.61477029375 0.4013571234375 0.606076115625 0.386874053125 0.5941402953125 0.38920016875 0.5529563671875 0.42566127187499997 0.5377397171875 0.437897690625 0.521139653125 0.452954775 0.5195028921875 0.4657403734375 0.5241816953125 0.47681474375 0.5267899484375 0.4811596671875 0.5338245796875001 0.48775299375000003 0.547775365625 0.4990338953125 0.559829203125 0.508008984375
10 0.520381809375 0.5943439421875001 0.5260735875 0.5824704781250001 0.5274574624999999 0.5702543640625 0.5246915546875 0.5571048000000001 0.5129143093749999 0.549444665625 0.48363023906249997 0.5109126374999999 0.4746585484375 0.5139055046875 0.47671408125000003 0.5062250640625 0.4687703859375 0.500679990625 0.45090630000000004 0.50167260625 0.4445428640625 0.50901039375 0.44675329531249997 0.5665072828125 0.43750455625000007 0.57758064375 0.4368716234375 0.5893393031249999 0.440033059375 0.5963141375000001 0.45449784531250004 0.6033260640625 0.45931928749999995 0.608795190625 0.48285927656250005 0.6191012359375 0.49145039687500003 0.6179018734375 0.49220134218749995 0.6174444203125 0.5025168 0.614127446875 0.5118443687500001 0.6074564078125 0.520381809375 0.5943439421875001
10 0.6713188703124999 0.5587686390625 0.6650739078125001 0.5680121890625001 0.6544823171874999 0.56061875625 0.641321659375 0.5557792890625 0.59168188125 0.5533824984375 0.6137727421875 0.5953074484374999 0.6077255421875 0.6014636359375001 0.6098990875 0.605084403125 0.6204514953125 0.6055789468749999 0.6242057562500001 0.6126871328125 0.6356275796874999 0.6146299859375 0.6500756046875 0.6191326640625 0.6633327734375001 0.6120928109375 0.6762173015624999 0.606221875 0.6798535515624999 0.602028853125 0.6835690875 0.5928427046875 0.6855457890625 0.5807599437500001 0.6832145875 0.56833453125 0.6843610546875001 0.561702346875 0.6713188703124999 0.5587686390625
10 0.48039641250000004 0.3679992171875 0.4930951796875 0.37649300625 0.5029630093749999 0.37996541875 0.5047414906250001 0.38036546875 0.5178629640625 0.37830605156249997 0.5245029890625 0.3722832171875 0.5366365734375 0.3668697359375 0.5986865265625 0.3651679984375 0.60726315 0.35895441093749997 0.617974134375 0.34946271093750003 0.621018015625 0.3357408875 0.6232321234375 0.3180741984375 0.6183318546875001 0.30820275 0.6097561484375 0.29562544062499996 0.5522127828125 0.27579156875 0.5479841671875 0.2704557953125 0.5398431734375 0.2586026375 0.5225327281250001 0.25282971718749997 0.507711603125 0.2588914046875 0.4918232984375 0.2665921484375 0.4862504484375 0.270975925 0.4717451 0.285251453125 0.46261483437499995 0.29823057343750004 0.4579501296875 0.3203569859375 0.4576334359375 0.330934040625 0.4600831109375 0.34526521250000003 0.4671573859375 0.3493619796875 0.47604932499999997 0.3607576828125 0.48039641250000004 0.3679992171875
10 0.6180474421875 0.4666104 0.61654509375 0.4769207515625 0.616149109375 0.49249093125 0.69831414375 0.526006009375 0.7042717203125 0.5317306984375 0.713767740625 0.5175811140625 0.7217519968749999 0.5018387265625 0.722266453125 0.488174309375 0.7156665328125 0.48230513124999996 0.7153115734375 0.46719240624999997 0.70717011875 0.464734696875 0.6908475640625 0.46231584375 0.68191551875 0.46281215 0.6381652828125 0.44545453281249997 0.6299841859375 0.4454933875 0.6205773265625 0.4571575515625 0.6180474421875 0.4666104
7 0.8147169625 0.3235645859375 0.8354654328125 0.337627296875 0.8462146828125 0.353825371875 0.84384245625 0.3720828671875 0.8419846874999999 0.37667593906249996 0.8505212046875 0.3823543640625 0.8475169671874999 0.393579621875 0.844117665625 0.4015841640625 0.847990403125 0.41059810781249995 0.8500049078125 0.4336005734375 0.87022188125 0.42374166718749995 0.8704403640624999 0.3830767578125 0.8582311734375001 0.3183197875 0.8600101140625 0.309324390625 0.8604452796875 0.3006531 0.85345075625 0.282167759375 0.83946078125 0.263987971875 0.8269321328125001 0.26618074062499997 0.793337859375 0.2742832984375 0.759466534375 0.2904663453125 0.7180064749999999 0.31621704375 0.7044097265625 0.338839765625 0.682948575 0.3509242875 0.717372625 0.3467665984375 0.7164234578124999 0.3597068625 0.6761896140625 0.3644368078125 0.6715650171875 0.3746712125 0.6616446218750001 0.38120889999999996 0.6545698859375 0.3865075796875 0.6966213921875 0.389076571875 0.7068976671875 0.3788607140625 0.7195447875000001 0.3785737078125 0.718952421875 0.3690449078125 0.7270164265625 0.338913953125 0.7338141109375 0.3416957640625 0.7538130187500001 0.3280295859375 0.7665790734375 0.32025289375 0.7903714265625 0.3205937828125 0.8147169625 0.3235645859375
21 0.439648115625 0.38639357812499997 0.45150556562500005 0.3702696921875 0.46901469531249995 0.35416435156250003 0.46609020624999997 0.3510010390625 0.4620989984375 0.340081334375 0.46079579062500003 0.31911798125 0.4069269359375 0.3207808640625 0.39475325 0.33808635468750003 0.3921837203125 0.35003576875000003 0.3962136546875 0.377249803125 0.3806420453125 0.3743734953125 0.37601560312500004 0.42218969062499995 0.3925340796875 0.45910297031249997 0.408777346875 0.466514946875 0.41648409375 0.46824850468749996 0.4392549078125 0.46961234999999996 0.444347403125 0.465120525 0.44628446093749996 0.4555343234375 0.4413445453125 0.448159440625 0.442649590625 0.4315410046875 0.4469187703125 0.4155893234375 0.439648115625 0.38639357812499997