27 0.46941868906249995 0 0.039232992187499996 0.052820162500000004 0 0.06260667343750001 0 0.17313158906249998 0.005951771874999999 0.1788714421875 0.011342298437499999 0.18567651875 0.017845340625 0.1902369078125 0.0265577375 0.20014770468749998 0.03246503125 0.20457567499999998 0.0460956421875 0.21944218906250001 0.090325028125 0.2573076734375 0.11749575625 0.282285853125 0.12341455937500001 0.28895915156249996 0.160786271875 0.31757528281249997 0.1800600375 0.3369356578125 0.20031712812500002 0.3546456203125 0.23091590156250003 0.377644590625 0.2477606328125 0.3874939828125 0.261401171875 0.39139805 0.27218639843750003 0.39292309375 0.2818360875 0.3922021671875 0.3218674703125 0.385026746875 0.33577057187500003 0.37565715312500003 0.3586601375 0.3651700203125 0.41580298281249994 0.34248522187499997 0.4389064796875 0.3350359984375 0.4754292515625 0.3141224984375 0.4884337625 0.3100354984375 0.5121445171875 0.3049640234375 0.5191413125000001 0.3026566484375 0.521046246875 0.30021429843749997 0.520190534375 0.28806265937500003 0.5243764703125 0.2791497984375 0.523474725 0.2580168453125 0.5260355484375 0.2416406671875 0.5262306359375 0.22810281093749998 0.53280950625 0.208757171875 0.5433002421875 0.19152700625000002 0.54596306875 0.18215100312500002 0.5469678359375 0.171783475 0.5467193796875 0.16200958125 0.539518028125 0.0986081609375 0.5397246250000001 0.0873156359375 0.5434440031250001 0.077676078125 0.5540984578125 0.0665876203125 0.5574459468749999 0.048891115624999995 0.5547799640625 0.031851565625 0.5475733640625 0 0.46941868906249995 0
27 0.5305813125000001 1 0.5698940625 0.9951730015625 0.599477053125 0.9736573406250001 0.6108350109375 0.97082414375 0.6237275921875 0.9706994140624999 0.631780940625 0.9681284874999999 0.642047821875 0.9588228624999999 0.655029315625 0.95024520625 0.6664087109375 0.938694890625 0.6869942578125 0.930187609375 0.7050618578125001 0.9206222734375 0.714013796875 0.912768753125 0.7281135640625 0.903069075 0.74015043125 0.8907927062500001 0.7623595109375 0.876540971875 0.7778688812500001 0.8580589281250001 0.7829089546875 0.8480899328125 0.7978398375 0.832843465625 0.8203245656249999 0.8207711671875 0.8374532921875 0.80862978125 0.8636976781250001 0.794776578125 0.87738685 0.7823690734375 0.88527648125 0.7736564421875001 0.8930641156249999 0.7579436281249999 0.8983222921875 0.7389274328125001 0.89839394375 0.727106515625 0.896689846875 0.717133675 0.8952054374999999 0.7113214109375 0.8894602828125 0.699827371875 0.875363115625 0.6842341609375 0.8657348656250001 0.676237971875 0.8617440140625 0.6716129750000001 0.8547126921875 0.6671843640625 0.8346522671875001 0.6491443171875 0.826693584375 0.6443849828125 0.8201790328125 0.637579265625 0.8134793234375 0.633348959375 0.8072231546875 0.625354690625 0.800450215625 0.6197375265625 0.791232559375 0.6144491609375 0.7750123515625 0.6103455062500001 0.7544367375000001 0.607890340625 0.7437922125 0.60801635 0.7099019125 0.600732759375 0.699797171875 0.6029723203125 0.6720296734375 0.616362384375 0.6383679703125 0.6407775765625 0.5969672625 0.6645940078125 0.5882234937499999 0.6743627765625 0.5596018609375 0.6888089734375 0.553100396875 0.6974563593750001 0.5298290078125001 0.710848984375 0.5237208703125 0.7188362046875 0.5040857062499999 0.7321648656249999 0.4977134296875 0.740217975 0.4898740078125 0.7458268078125 0.47721261875 0.7523574390625 0.47097529375 0.7609389359375001 0.45515575 0.7705055562500001 0.4512726515625 0.7740034015624999 0.4419676609375 0.7903757390624999 0.436962115625 0.80708071875 0.43504149375 0.8193628531250001 0.4340942734375 0.840957021875 0.42962433750000006 0.8718606640625 0.43015994375 0.8860593265625001 0.4335409390625 0.9135994609375 0.43982903437500004 0.9536225999999999 0.442932803125 0.9657755218749999 0.44534039999999997 0.9840036203125001 0.4486580953125 0.9991944515625001 0.44888537812499996 1 0.5305813125000001 1
11 0.37919149218750003 0.6556867015625001 0.3736660203125 0.6483532390625 0.3665112625 0.6456415671875 0.35946843125 0.638967628125 0.354174153125 0.6380400671875 0.3488683640625 0.634867175 0.3434835921875 0.6291847640625 0.3290161109375 0.6187423734374999 0.3239859671875 0.617748925 0.31704513749999996 0.6180751640625 0.31035693750000004 0.616090184375 0.2845529375 0.5997638765625 0.27660000625 0.59612720625 0.26790487343749997 0.589584403125 0.24902026406250002 0.5816489734375 0.239949059375 0.5791343234374999 0.21342011875 0.5632698765625 0.2016960203125 0.5591687796875 0.193141584375 0.55427703125 0.18035517968749998 0.5493168265625 0.15495601718750002 0.5345756796875001 0.1425686984375 0.5300779765625 0.1350090984375 0.525781140625 0.1199129203125 0.5216781265625 0.1090100109375 0.5229926875 0.103941165625 0.527348365625 0.1000021046875 0.5328273453125 0.096687565625 0.5440520625 0.0964093203125 0.567165509375 0.09761966093749999 0.584006109375 0.10393943125 0.621953003125 0.1383413265625 0.7566549234375 0.143732640625 0.7700638875 0.1546831640625 0.7909384109375 0.16027610625 0.79853606875 0.168915278125 0.8070600046875 0.184107703125 0.8170405359374999 0.1915266 0.81968631875 0.20608299375 0.8216757828125001 0.2165925703125 0.8210213843749999 0.2293889078125 0.8150191421875 0.2490183234375 0.8005678187499999 0.26398373125 0.7920573328125 0.282753253125 0.7775394828125 0.2915875109375 0.7725255640625 0.3120381109375 0.7634898953125 0.32172075 0.756297178125 0.338888178125 0.7388066640625001 0.35918499375 0.7126668421875 0.36609129687499997 0.70560461875 0.3698279375 0.69933305625 0.3901650296875 0.6810518828125 0.391535934375 0.6776186421875 0.390618503125 0.6663254750000001 0.38668361875 0.6597193453125 0.37919149218750003 0.6556867015625001
11 0.55931125625 0.2322160734375 0.556451765625 0.241922159375 0.5550939500000001 0.2608085015625 0.5521110218749999 0.2722315265625 0.5485767984375001 0.27929567187500004 0.545160259375 0.2835202078125 0.53660323125 0.3039213421875 0.527618340625 0.31824665625000004 0.5249670234375 0.3298679828125 0.5253676890625 0.343538259375 0.5296817984375 0.37253178125 0.5315595390625 0.3776838828125 0.532953459375 0.3787413 0.5397478359375001 0.37564134375 0.5475527312499999 0.363296525 0.551565021875 0.359204403125 0.555323103125 0.3442157234375 0.5565088499999999 0.3433578921875 0.5619997953125 0.3439553703125 0.5667715515625 0.34613737499999997 0.5847790093749999 0.3506382828125 0.60826015 0.3523686765625 0.6173255984375 0.3537606625 0.6196468828125 0.3551488 0.6223787578125 0.3592447671875 0.6299399328125 0.37674937656249996 0.6327623 0.38560019375 0.6336007515625 0.3943838421875 0.6378327234375 0.3944522921875 0.64200715 0.383294103125 0.643983734375 0.369030834375 0.6432687234375 0.358530246875 0.6405023203125 0.347698296875 0.6411425265624999 0.343604253125 0.643261390625 0.34419980781250004 0.653238515625 0.355762296875 0.6730175390625 0.3705002375 0.679649778125 0.3744663515625 0.687068675 0.3771121375 0.69255961875 0.377709615625 0.726801390625 0.3632666203125 0.749667940625 0.3482888328125 0.7726809453125 0.336084759375 0.7948900265625001 0.321833025 0.8026734828125001 0.3182053234375 0.8200449093750001 0.314715165625 0.843188684375 0.3151245921875 0.8576833593750001 0.31797252343750004 0.8629461796875001 0.31767677656250004 0.8607867921875 0.3092216015625 0.8573674296875 0.3079344359375 0.85197690625 0.3011293625 0.8062301640625 0.26392340000000003 0.787484675 0.2444312515625 0.756992075 0.21634734843749998 0.750201875 0.20736219375 0.7473523156249999 0.20610583125 0.744159634375 0.202405834375 0.7355994453125 0.19639141875 0.73189 0.1950685265625 0.7291638765624999 0.192095221875 0.7262525984375 0.19169733125 0.7232623375 0.188789915625 0.7183613859375 0.18720219062500001 0.6740315796874999 0.155544303125 0.642196846875 0.1365069625 0.6229189078124999 0.1292317 0.609419065625 0.1269786828125 0.6040803296874999 0.1302775828125 0.5964161359375 0.1442734546875 0.5940059421874999 0.1513382390625 0.5841899359375 0.17121034375 0.571795840625 0.2040906328125 0.55931125625 0.2322160734375
9 0.1955166015625 0.3468503 0.1823138453125 0.3380596046875 0.156278653125 0.31532739374999996 0.1485166359375 0.31023797656249996 0.1438855765625 0.3097070234375 0.1392215734375 0.3156478640625 0.1358338078125 0.325485725 0.1299526859375 0.351963959375 0.126609375 0.35757535625000003 0.111625684375 0.4012185078125 0.10299125 0.43231789374999996 0.0899684546875 0.47153755625000005 0.0887842875 0.485603159375 0.0932260109375 0.5007946343749999 0.09556455781249999 0.5055507640625 0.10618189062500001 0.51301920625 0.120098078125 0.5191027171875 0.1352847484375 0.52796058125 0.18313151249999998 0.5491863312499999 0.19692426093749998 0.55698678125 0.2146173703125 0.5646573734375 0.23000070468749997 0.5731851546875 0.24126399843750002 0.5776822203124999 0.2664607421875 0.5916307828125 0.2832264890625 0.5989706531250001 0.3052420609375 0.6114645484375 0.3167752453125 0.6170183859375 0.323395975 0.6187391718749999 0.3273465453125 0.6155055203125 0.331740653125 0.608507903125 0.33767356406250004 0.592133646875 0.3511357203125 0.56123513125 0.3610463921875 0.5340327640625 0.36858139687499997 0.5206311718750001 0.39945627968749997 0.455600484375 0.4033665703125 0.44450818437499995 0.402078825 0.43836583593749995 0.3954408359375 0.43327705937500005 0.385604409375 0.42336562187500004 0.38102931562500003 0.4208535359375 0.3745205203125 0.41517048437500004 0.355759346875 0.4055181140625 0.329854925 0.395399403125 0.3253415515625 0.392028846875 0.32181150625 0.38700788125 0.31942275000000003 0.38535554843750003 0.3120828328125 0.3852192875 0.292081528125 0.39161365625 0.280650340625 0.3930599953125 0.2670945375 0.3927881125 0.2545780234375 0.388884684375 0.24509622812499998 0.3836622078125 0.236462815625 0.3762609359375 0.21145122968750002 0.35973696093749996 0.1955166015625 0.3468503
9 0.1804863140625 0.32980370468750003 0.178423415625 0.3272270109375 0.1729941875 0.3257710625 0.170048384375 0.318637184375 0.167524684375 0.3164564640625 0.16069578125 0.3128204328125 0.155845040625 0.30812890937500004 0.1396018171875 0.2995346 0.117754140625 0.2810973015625 0.0957830265625 0.2643769421875 0.0826247265625 0.25135978593749997 0.0728170765625 0.24706166875000002 0.06970912968750001 0.2469938578125 0.0612525203125 0.26118739375 0.05336864375 0.27102269218749997 0.0436760765625 0.28917785625 0.0404232546875 0.2995441046875 0.0327391984375 0.3354648671875 0.032080454687499996 0.34058646718749996 0.038872828124999995 0.36718226249999997 0.040712546875 0.36888508125 0.0618954234375 0.3737179890625 0.0689884625 0.3772881328125 0.0846688828125 0.3792782390625 0.0891090296875 0.381261934375 0.09362815625000001 0.38575515312499997 0.098602334375 0.3887297375 0.1071510125 0.392498825 0.109724925 0.3915757484375 0.11307974531250001 0.38820968125 0.11899121406249999 0.38055253906250003 0.1292779546875 0.34932201875 0.13557700156250002 0.3398820515625 0.1387063828125 0.3312327421875 0.1433029140625 0.3250277109375 0.14752913125 0.3239734984375 0.1587751609375 0.32510256718749997 0.16672233593750002 0.327616575 0.1720108625 0.3274214734375 0.17428193593750002 0.33191341093750004 0.1771372484375 0.3342924359375 0.18011600156250002 0.334954525 0.1810993265625 0.3333041109375 0.1804863140625 0.32980370468750003
9 0.7578615296875 0.43757805312500003 0.762936128125 0.4343450390625 0.7740241953125 0.43045506875 0.7941431828125001 0.4212210953125 0.809727359375 0.41733368593750003 0.828132325 0.40908931875 0.8322795609375 0.40552558281250006 0.8501620000000001 0.3985356578125 0.8787842343750001 0.37969127187499996 0.861091753125 0.31041569375 0.8508256859375001 0.3087231734375 0.8294806703125 0.31095632812499996 0.8099113984375 0.3113414046875 0.800464128125 0.3128549140625 0.7404230890625 0.3505949234375 0.724890703125 0.3645863078125 0.7146567703125 0.36742014843750004 0.6891258171875 0.37856616249999997 0.677266775 0.373936684375 0.6779530140625 0.3788239484375 0.683917853125 0.3944785609375 0.6865880093750001 0.3994330015625 0.68937585 0.4015478328125 0.689011290625 0.40782131718750003 0.696229346875 0.42288229218750006 0.6987201 0.4315348046875 0.7001427953125 0.438205540625 0.6971483562499999 0.44738323593749996 0.696542675 0.4582132671875 0.699729603125 0.4607905984375 0.70521479375 0.4602654140625 0.71477399375 0.45478963749999995 0.7366744796875 0.44483025 0.7578615296875 0.43757805312500003
9 0.7014594078124999 0.5918787359375 0.7050297343749999 0.6047583515625 0.7064236546875 0.6058157671875 0.715680015625 0.60575500625 0.740499109375 0.6105239515625 0.7662900265625 0.6113971578124999 0.8076321703125 0.6148547421874999 0.8543533296874999 0.6228720796875 0.8550667609374999 0.6201648921875 0.8477806765624999 0.5531312875000001 0.8449765921875001 0.5091478031250001 0.8331138328125001 0.42639434062500003 0.8301565203125 0.417015134375 0.8280319046875 0.4152969125 0.8223442921874999 0.41502951875000005 0.794530759375 0.4194382640625 0.771567965625 0.4285385421875 0.751319784375 0.43836679062500006 0.7203711125 0.4503021828125 0.7082379999999999 0.4567010390625 0.7028877578125 0.45775460937499995 0.7004990015625 0.4561022765625 0.6991437796875 0.449695734375 0.700457140625 0.43503585468750006 0.69769649375 0.4253265671875 0.6899329 0.40702937656250004 0.68857768125 0.40062283125000003 0.68565489375 0.3979796109375 0.676938321875 0.40015392812500006 0.6690873890625 0.403517434375 0.66711498125 0.405695590625 0.6670088062499999 0.410780525 0.6812603203125 0.495186321875 0.6941879859375 0.5535060125 0.7014594078124999 0.5918787359375
9 0.8556303906249999 0.3044333875 0.8573210015624999 0.2956511796875 0.8412455109374999 0.2327069765625 0.8369172921875 0.22676100937500002 0.8278905468750001 0.2200199 0.8231574921875 0.212488771875 0.8261922078125 0.21116972656250002 0.8331503015624999 0.2142114796875 0.8365513015625 0.21432662656249998 0.8259425828125 0.172787790625 0.8241533437499999 0.1745830296875 0.81518414375 0.1790685578125 0.8135433453124999 0.1814450234375 0.8036640437499999 0.188967821875 0.7984314796875001 0.187181790625 0.79459859375 0.1875758390625 0.7886698640625001 0.1918649875 0.7835895109375 0.193975334375 0.7730815093750001 0.20783750625000003 0.7734921046875 0.21054533437499998 0.7709856640625 0.21173260468750002 0.771924534375 0.21430865625 0.7687548718749999 0.215099315625 0.767580634375 0.218202475 0.7657991390625 0.218927884375 0.7642258156249999 0.22156854531249998 0.76556376875 0.22460709375 0.7747254625 0.23187659218749998 0.79254934375 0.252160684375 0.8104176781250001 0.26821831406249996 0.8133462218749999 0.2719841984375 0.8286793453125 0.28361577968749996 0.8359245953125001 0.2910823046875 0.8556303906249999 0.3044333875
9 0.3303598203125 0.622903590625 0.331360409375 0.624621171875 0.336733671875 0.62805825625 0.3420567234375 0.6345991375 0.3502120734375 0.6390283906249999 0.35592845624999997 0.64490910625 0.3635555265625 0.6494701375 0.369468575 0.6550207718750001 0.382069821875 0.6625563859375 0.404519003125 0.682248765625 0.4366968578125 0.703729740625 0.4633063625 0.7353114875 0.48001039062500006 0.7435098265625 0.486625365625 0.7441079453125 0.49085158125 0.743053734375 0.4996915921875 0.7391624796875 0.511936634375 0.7288013578125 0.5313134171875 0.71666125 0.5420970656249999 0.7049785187500001 0.5511839515625 0.6976533828125 0.5660975734375 0.6790389234374999 0.5757184921875 0.6727046765625 0.5850465015624999 0.6608229984375 0.5865523484375 0.6579181453125 0.5839826125 0.6467561125 0.5696945343750001 0.6326156484375 0.5498480375 0.617613515625 0.5436650953125 0.611006103125 0.533520075 0.6053870156250001 0.515651740625 0.5893293859375001 0.5005325453125 0.580735715625 0.4960306796875 0.5796104875 0.4871059328125 0.57986955625 0.4178053765625 0.5912547796875 0.39660681875 0.596261646875 0.385040684375 0.5971796015625 0.37473927812499996 0.599749246875 0.3580540921875 0.6081266703125 0.3469602734375 0.6108939796875 0.33531515624999997 0.609302409375 0.330539221875 0.6192055171875 0.3303598203125 0.622903590625
9 0.44823977968750006 0.4144860765625 0.44428345625 0.416597065625 0.44273315 0.42372838125 0.443677775 0.42742709375 0.44779206406250005 0.43033515 0.45038899375 0.4339027296875 0.44456225937499994 0.4451920546875 0.44224255625 0.4570116890625 0.43378018906250004 0.4700825609375 0.43208342968749996 0.474440159375 0.428790328125 0.4769477609375 0.4244579375 0.4830869046875 0.4214075359375 0.4942457359375 0.417019178125 0.502366015625 0.41423866875000004 0.5145816187500001 0.4109628296875 0.5204572125 0.40724920625000005 0.53121943125 0.3928983875 0.5564380984375 0.386953971875 0.5705670265625 0.3842006546875 0.575188178125 0.380514225 0.57835594375 0.3712076546875 0.5815205031249999 0.368116975 0.584820684375 0.36521144843750003 0.5855454578125 0.3618393671875 0.5855435328125 0.357258521875 0.581908784375 0.3513627359375 0.5797261406249999 0.3452760390625 0.5789962453124999 0.3425786890625 0.5816362609375 0.3383195234375 0.5891622671875 0.33108318593749997 0.6092339578125 0.3325445796875 0.6105555671875 0.339221271875 0.6102952187499999 0.4011144375 0.5985095406250001 0.42960845625 0.59786539375 0.4542350625 0.5908793109375 0.49467703749999997 0.586411721875 0.5082945624999999 0.58582513125 0.5395418953125 0.580559834375 0.56961499375 0.57839769375 0.5724415359374999 0.5751634 0.5762686687499999 0.5736466874999999 0.5868629828125 0.5766244765625 0.5947928953125 0.575770490625 0.60087959375 0.5765003875 0.6051962984375 0.5802010265625 0.606567203125 0.5767677859375 0.6060948890625 0.5749184281249999 0.608134771875 0.5730044624999999 0.6093090078125 0.5699013078124999 0.6127313015625 0.5667994296875001 0.6142758546875 0.558545453125 0.6139829437500001 0.5529980203125 0.612064921875 0.53998726875 0.6111877703124999 0.53655275 0.60866406875 0.5343720296875001 0.607252884375 0.5299466203125001 0.602371796875 0.5064340015625 0.5978939671875 0.4712987703125 0.5971559390625 0.456307525 0.590740228125 0.4300864390625 0.58948543125 0.4174722984375 0.586229453125 0.40142299687499994 0.5834416124999999 0.3993081671875 0.5687790453125 0.40240363593749995 0.5544250703125 0.401206753125 0.5289328203125 0.40700364218749996 0.5084361859375 0.407057996875 0.497533275 0.40837255937499994 0.491446578125 0.4076426640625 0.48206678125 0.40942036562500006 0.469045009375 0.41013936875 0.44823977968750006 0.4144860765625
9 0.6127726 0.5361574203125 0.6146906249999999 0.5491681703125 0.6102536328125 0.573600021875 0.6054719453125 0.582380465625 0.60203814375 0.5832370124999999 0.599182828125 0.5808579843749999 0.5950800515625 0.5801952578125 0.56454615 0.58275336875 0.5527775984375001 0.5828787375 0.540075928125 0.5815507203125 0.519062525 0.5839821828125 0.5118633078125 0.5854969703124999 0.5099526203125 0.5868166593749999 0.509829184375 0.5885336 0.5126227765625 0.5917710984375 0.5303504140624999 0.606177675 0.5391072640625 0.6118620109374999 0.55372695625 0.6262007781250001 0.5703190546875 0.6383613859375 0.5807512296875 0.648405240625 0.5820891875 0.65144379375 0.57539105625 0.6604212578124999 0.57507670625 0.6635909453125 0.5846144671875 0.6668322875 0.5883741265625 0.66505138125 0.58679505 0.6665693734375 0.588323915625 0.6681551796874999 0.5962538281249999 0.66730119375 0.5988894609375001 0.6655196453125 0.5994909640625 0.6667747296875 0.602531434375 0.6665783453125 0.6139453593749999 0.6617640140625001 0.6219872015625 0.656947759375 0.6288992578125 0.651008203125 0.651040865625 0.6364922734375 0.6588070593750001 0.6294965796875001 0.6656014359375 0.6263966265625001 0.6961782140625 0.6064042781250001 0.6900104 0.53824865 0.6815704921875 0.5041017437499999 0.6782930765625 0.49676956250000004 0.675449271875 0.4966358640625 0.6736735281249999 0.498483940625 0.6705038640625001 0.49927459843750005 0.6648779734375 0.49814873437499996 0.660670596875 0.5157787109374999 0.6545624640625001 0.52376593125 0.644187828125 0.5249487187499999 0.638494465625 0.5235586578125 0.6306032546875 0.5190635171875 0.6223689234374999 0.512124740625 0.614180628125 0.514167278125 0.604019925 0.518387975 0.6034471921875 0.5227462125 0.60588198125 0.533379859375 0.6080740734375001 0.5353622734375 0.61045131875 0.53476928125 0.6127726 0.5361574203125
9 0.31677534375 0.7589359140624999 0.29658888125 0.7679056953125001 0.271283365625 0.7843349484375 0.268524296875 0.7878334375 0.26636672968749997 0.7925870046875 0.2617503390625 0.8207169296875 0.25552034375 0.843628865625 0.2474973453125 0.8650208859375 0.24314926718750002 0.8809998140624999 0.22899093750000002 0.9179735109375 0.226115765625 0.9375193749999999 0.2260383609375 0.9482176296875 0.23068668125 0.9521165703125 0.24227007656250002 0.954566609375 0.2521221859375 0.954638265625 0.2685102875 0.9527985203125 0.287686228125 0.9530736046875001 0.335267278125 0.9611574703124999 0.3775985046875 0.9640873093750001 0.4195034515625 0.974149103125 0.44180459843750003 0.977859990625 0.4450976984375 0.9753523906250001 0.44554124218749996 0.9715884296875 0.4324252609375 0.8894286015624999 0.4305401890625 0.8699460609375 0.43676442812499994 0.8459114609375 0.4391228375 0.8287426999999999 0.4387666296875 0.8108459625 0.4403729 0.8017335140625 0.443760665625 0.7918956546875 0.44788488437499996 0.7838412640625 0.451633034375 0.779815028125 0.45155980781249994 0.7784281703125 0.43948108281250003 0.7696381156250001 0.433652771875 0.7677196671875001 0.42324361250000003 0.76216646875 0.40675926718750005 0.7581287015625 0.4038364796875 0.75548548125 0.39418103437499996 0.75508374375 0.383754615625 0.746162553125 0.378067003125 0.74589515625 0.37243535625 0.7436466234375 0.3657529109375 0.742784309375 0.34572858906250004 0.7446880234375 0.33539841406250004 0.741644346875 0.32697475 0.74936609375 0.32474395624999997 0.7527328015625 0.31677534375 0.7589359140624999