24 0.6043492328125 0.3492367640625 0.6050502921875001 0.3155927375 0.5960996187500001 0.2901277859375 0.589761078125 0.279985415625 0.5803891984375 0.2703379546875 0.5706884484375 0.263284278125 0.5564376921874999 0.256972965625 0.5270555906250001 0.2536384625 0.5049171296875 0.25877458125 0.4930664828125 0.26477229687500003 0.46656837968750003 0.28789256875 0.4537094625 0.31589985781249996 0.4530790765625 0.3505484015625 0.4561260890625 0.36478398125 0.46274733125 0.378944425 0.480798015625 0.40292465 0.490968984375 0.40939358124999997 0.50673640625 0.415457440625 0.5237378015624999 0.41725576875000003 0.544571615625 0.41538065937499996 0.5590207203124999 0.4099750390625 0.5741275609375001 0.399381853125 0.5832030671874999 0.3902807484375 0.595322740625 0.37357061874999997 0.6024221875 0.358187596875 0.6043492328125 0.3492367640625
24 0.4077528609375 0.33863874374999997 0.3881421828125 0.34336243906249997 0.3719535546875 0.3531160734375 0.35629498593750003 0.3704036 0.34966575781250003 0.3852018765625 0.34668143125 0.40092953593749997 0.34788290625 0.4180063546875 0.351435475 0.43215945 0.3630661125 0.4521069 0.3744955546875 0.46192667812500005 0.38103244687500004 0.4603521125 0.39036614531249997 0.44765270625 0.40196943437500005 0.438139178125 0.45482713124999996 0.411734203125 0.4608339625 0.4026257484375 0.44657752031250003 0.3526252265625 0.43670008281249995 0.3430602515625 0.423672465625 0.33959752499999996 0.4077528609375 0.33863874374999997
24 0.5310766250000001 0.4343472828125 0.5184947171875 0.42268343750000004 0.5015041578125 0.41377099375000004 0.48793564843750004 0.40988849375 0.4679715921875 0.40958959375 0.44590380781250005 0.41573022968749995 0.4064134265625 0.43589003593750003 0.3913419234375 0.44698547812499995 0.38012734843749996 0.4620238609375 0.37584921250000003 0.4738984171875 0.3723838359375 0.497324934375 0.3742213875 0.52344241875 0.38332424062500003 0.54380229375 0.3997630765625 0.5594090796875 0.404454434375 0.5606757499999999 0.493396984375 0.5456561265625 0.5147688500000001 0.5223561890624999 0.53308571875 0.513779390625 0.5391985609375001 0.5061777140625 0.5413592921875 0.48601220625 0.5401794796875 0.45470715781250004 0.537450503125 0.4449919109375 0.5310766250000001 0.4343472828125
24 0.62542865625 0.518017940625 0.590460928125 0.5079743984375 0.5632424015625 0.5063189921875 0.52503215625 0.5156014109375 0.5142986328125 0.522940934375 0.505364478125 0.534051075 0.49873525 0.5488493515624999 0.49752578437499995 0.56073125625 0.49926815468749997 0.5782278484375001 0.5097001578125 0.6029430875 0.5175200328125 0.6123357421875 0.5277263375000001 0.6193069343750001 0.558179396875 0.6305951015625 0.6037147921875 0.623673709375 0.6279923203125 0.6126003109375 0.641734675 0.59714950625 0.654699603125 0.570648990625 0.654308046875 0.543279534375 0.6494508359375 0.5323874484375 0.6433243171874999 0.525258634375 0.62542865625 0.518017940625
24 0.6925610718749999 0.41104811718749995 0.6617546390625 0.3947373578125 0.639344309375 0.3887412859375 0.6111853453125 0.38825536875 0.5950782234374999 0.3918994078125 0.5797946921875 0.399981296875 0.5725647234375 0.406241165625 0.5633017015624999 0.4199450890625 0.5572487015625 0.43566539843749996 0.5566046390625 0.45558345468750006 0.5603338953125 0.4722478453125 0.5685071453125 0.48666309375 0.58046665 0.5040167624999999 0.6332947 0.5207987390625 0.663769421875 0.517858675 0.68862318125 0.5077073125 0.7006613484375 0.49710677968750006 0.712604334375 0.4778853515625 0.7158468515624999 0.45855939218749997 0.7155749828125 0.4474272 0.706942346875 0.42648258281249996 0.6925610718749999 0.41104811718749995
24 0.352646028125 0.60926261875 0.356266428125 0.6025756265625 0.3648363765625 0.5935570078125 0.3673396515625 0.5855282078124999 0.3724767203125 0.5785937609375 0.37696403749999996 0.54788815625 0.3730552484375 0.5068678625 0.3746260734375 0.47104982968750003 0.36867624375 0.4664323125 0.343621290625 0.4664560046875 0.3129237125 0.4734966296875 0.2931255140625 0.48282314218750005 0.27563224218750004 0.4958377890625 0.2637000875 0.5079450999999999 0.2496288640625 0.525989690625 0.240542528125 0.5422049109375 0.23539462968749997 0.5562534734375 0.232809846875 0.5703918703124999 0.23413101093750002 0.6037059546875 0.2374715546875 0.6148454921875001 0.24712613437500003 0.6285110265625 0.2606484765625 0.6390053828125 0.29269971093749997 0.6439364999999999 0.305904015625 0.649910521875 0.31489801562499997 0.6469190125 0.33688145 0.6250433671875 0.3419831796875 0.617606659375 0.352646028125 0.60926261875
24 0.5094203046875 0.62076961875 0.4930031296875 0.5909346015625 0.47591738906250003 0.5734012640625 0.44795677187500005 0.5611984140625 0.42481803124999995 0.5593853875 0.406618009375 0.56235485 0.38371579843750003 0.571171753125 0.368350765625 0.5853632375 0.3580766265625 0.59923213125 0.349637196875 0.6173739046875 0.34771015312500003 0.6263247375 0.3448101796875 0.65778740625 0.3463650296875 0.679886815625 0.35061067343749996 0.6893546078125 0.35554939218750004 0.6941370921875001 0.3891771375 0.7069393890625 0.46836194062500003 0.6985920578125 0.48773608749999997 0.6832384328125001 0.49464801875 0.67245823125 0.5028537609375 0.6655311328125 0.5080723359375 0.6524870890625001 0.5103037406250001 0.6333261015625 0.5094203046875 0.62076961875
24 0.44937650468749996 0.719470534375 0.4484223921875 0.7059095328125 0.423250596875 0.7115405625 0.4068607734375 0.7111665281249999 0.3955265109375 0.7099676406250001 0.3832979828125 0.7033263890625 0.362474996875 0.6980873828124999 0.3474468171875 0.6807263640625 0.34230690625000004 0.6658162062499999 0.3418338421875 0.6445563453125 0.34880277187500003 0.6200501703125 0.34855541093750003 0.6165343562500001 0.344404946875 0.6156874578125 0.34090139218750004 0.6167671109375 0.310206659375 0.6456523421875 0.299568315625 0.6616127578125 0.2940128859375 0.706209303125 0.29516819375000003 0.7298979765625 0.2987207625 0.7440510703125 0.31035139843750004 0.763998521875 0.325814459375 0.780272534375 0.33879590625 0.7903471171875001 0.3488608625 0.7953092734375 0.3655333828125 0.7997013828124999 0.3778434234375 0.800233040625 0.41626569375000005 0.793964178125 0.4235663328125 0.788708828125 0.4304075890625 0.77692410625 0.43375327500000005 0.73726031875 0.44106474999999995 0.7248908546874999 0.44937650468749996 0.719470534375
24 0.5403475140625 0.8423027218750001 0.5464711890625 0.8275869281249999 0.5476806515625 0.8157050234375 0.5460442953125 0.7997152125 0.53712895625 0.7747525171875 0.51110621875 0.7464847171875 0.5000301515625 0.7416875328125 0.4845807640625 0.7401440078125 0.47049586562499995 0.7434581078125 0.45015677500000006 0.752364846875 0.4428914671875 0.7581224546875001 0.430160228125 0.7734082921875001 0.42323746562500003 0.791302609375 0.4167279234375 0.822338153125 0.40836999843750005 0.83437033125 0.3986475875 0.841544884375 0.3945569703125 0.8488166187499999 0.39526371875 0.85886180625 0.39872110781250003 0.8643940078125001 0.43009009843749996 0.8668963125 0.46015444531250005 0.8726596265625 0.488712953125 0.8715562796875 0.5099109734375 0.8675896484375001 0.5158362999999999 0.8645907906250001 0.5270400421875 0.856666525 0.5403475140625 0.8423027218750001
24 0.58764300625 0.6278200078125 0.565045159375 0.62642675625 0.5211187703125 0.6198769796875 0.5126303265625001 0.6227860046875 0.5078603109375 0.649473534375 0.4969176046875 0.67564410625 0.4937212578125 0.6883582109375 0.4980512484375 0.713561009375 0.50743680625 0.737938959375 0.531543334375 0.768043478125 0.5447476375 0.7740175 0.578842759375 0.76439044375 0.6020738359375 0.7529797578124999 0.6093038046875 0.7467198890625 0.615310634375 0.7376114359375 0.6201866640625 0.712430684375 0.618914515625 0.6943493484375 0.6096566343750001 0.657249946875 0.6007304687499999 0.6394013671875001 0.59399238125 0.6308482609375 0.58764300625 0.6278200078125
24 0.7317675453125 0.6485032453125 0.7275298890624999 0.610076734375 0.723202740625 0.6067185390625001 0.723178234375 0.599102165625 0.720544440625 0.5980078109375 0.7062555046875 0.569349634375 0.6952962796875 0.5589451109375 0.6816570937499999 0.5540580921875 0.6688061640625 0.5531066609375 0.654721265625 0.556420759375 0.653218275 0.57139870625 0.6414873125 0.5936336890625 0.6308136328125 0.609091846875 0.60122235 0.6245883921875001 0.59890659375 0.6280143734375 0.6099638421875 0.66888439375 0.6154326218749999 0.681200771875 0.6275089703125001 0.6929471031250001 0.6397375015625 0.6995883546874999 0.652224225 0.702631309375 0.6654746968749999 0.701993475 0.6825575953125 0.69768220625 0.720987853125 0.6624546265625 0.728136315625 0.6623043531249999 0.7280764703125 0.6541857171875 0.7310037953124999 0.65218403125 0.7317675453125 0.6485032453125