5 0.3996923578125 0.416464934375 0.3897842359375 0.42674741406249994 0.3822184484375 0.468815328125 0.3694837109375 0.49270945624999996 0.3608772171875 0.5595102484375001 0.3536690765625 0.5821469312499999 0.362946328125 0.5934163453125 0.3922286171875 0.59931070625 0.40209452656250005 0.5976835109375 0.4186443984375 0.519194621875 0.42596920781250003 0.445686559375 0.42832383281249997 0.39410013906249997 0.41744946250000003 0.3868994046875 0.4045681390625 0.3869483375 0.3996923578125 0.416464934375
5 0.4306139796875 0.40963533593749996 0.4262324546875 0.41866037343749996 0.41773033593750003 0.5179616453125 0.402367746875 0.595562853125 0.4016524515625 0.6344253109375 0.40841852031250003 0.6485304234375 0.41865205000000005 0.6523775234375 0.4306193078125 0.65109561875 0.45354536406249996 0.6397038765625 0.47090260781250004 0.6382248625 0.47610379687500004 0.622837840625 0.465482703125 0.5637054 0.46384569062500003 0.46815198125 0.44948391875000004 0.42139821250000004 0.43719125312499996 0.408550540625 0.4306139796875 0.40963533593749996
5 0.514327959375 0.6009665140625 0.50120565625 0.569575296875 0.499504165625 0.54114349375 0.47808083124999995 0.5408716046875 0.47397252968750003 0.5477759828125001 0.4675940265625 0.5889562109375001 0.47061941249999995 0.615439996875 0.4680238046875 0.63558626875 0.4614043203125 0.6453263484375 0.458587675 0.6838435203125 0.4636299859375 0.7279831640625 0.4929644625 0.7501277671875 0.505435953125 0.7532598234375001 0.52429591875 0.740117175 0.522962046875 0.7171596671875 0.5280788109375 0.71908321875 0.52862525625 0.714841896875 0.5208929375 0.683253571875 0.514327959375 0.6009665140625
5 0.5246834828125 0.7954025171875 0.5234017984375 0.78869525 0.491136334375 0.747661815625 0.47016504687499994 0.7355536515625001 0.45279782968750004 0.71212714375 0.4269829984375 0.69597476875 0.40554969218750003 0.67079735625 0.39184870156249996 0.6772082671875 0.3874671796875 0.68623330625 0.41745246874999997 0.7366370640625 0.43746748125 0.756167540625 0.4473433625 0.7794458703125 0.4573036703125 0.78541363125 0.459226196875 0.7954745328125 0.478600365625 0.811651375 0.507167359375 0.8564081953124999 0.520689525 0.8597128968750001 0.5317427203125 0.8571980171875 0.5514223515625 0.8376933890625 0.5526940640625 0.8194951343750001 0.5346015765625001 0.8100255609375001 0.533456503125 0.8022579656250001 0.5246834828125 0.7954025171875
5 0.4630190625 0.7993460984375 0.43664781562500005 0.7625295203125 0.408868246875 0.7449715265625 0.3951572828125 0.72647691875 0.35961315625 0.7108914078125 0.3405122109375 0.6925939046875 0.330509690625 0.695281428125 0.32283953125 0.7048488671875 0.326726796875 0.7163153875 0.353550090625 0.741295690625 0.378587465625 0.7551547609375 0.397919421875 0.7799868875 0.4212230703125 0.7989749640625 0.43086794375000004 0.81571866875 0.45257447187500005 0.8387754218750001 0.46167289843750003 0.8597604453125 0.47546828437500005 0.8609444890625 0.4867947015625 0.8563089515625 0.495788759375 0.8447934984375 0.4953267390625 0.83172425 0.47782291250000003 0.8093580703125 0.4630190625 0.7993460984375
5 0.1976895265625 0.385437946875 0.22349438593749998 0.376684796875 0.226825234375 0.3674871140625 0.2237576328125 0.3496586109375 0.24590623437499998 0.33597356718750004 0.2601014828125 0.3090710953125 0.27873043750000004 0.28939382343750003 0.27877265 0.280738540625 0.27159675 0.2698144171875 0.26529269843750003 0.26877855156249997 0.2576225390625 0.278345990625 0.2379851203125 0.2891953328125 0.2204912640625 0.2917346765625 0.21478584375 0.30270773125 0.20410026874999998 0.31069690625 0.1726322046875 0.3217678265625 0.1600762890625 0.3359463359375 0.1463753 0.34235725 0.13171803437500001 0.356190475 0.1160945203125 0.3525404828125 0.1094949828125 0.4120916109375 0.1261269578125 0.424569528125 0.144398265625 0.4243234875 0.187371571875 0.3989014140625 0.1976895265625 0.385437946875
5 0.34805340937499996 0.8172697015624999 0.3269355375 0.7813163421875 0.3038629 0.768862890625 0.2775860515625 0.739641265625 0.2687708171875 0.741441103125 0.25621490156250004 0.7556196140625 0.27148076875 0.7787008359375001 0.28602137031249997 0.8157389890625 0.3115207640625 0.8426673093750001 0.3238656171875 0.871765221875 0.3750954171875 0.932156484375 0.3827755484375 0.947494571875 0.4093156484375 0.9496900125 0.43086562031250003 0.9239960484375 0.43172750000000004 0.9089787828125001 0.42601210468749995 0.895046315625 0.3960789984375 0.86089279375 0.3810019296875 0.8530014843749999 0.3705796046875 0.8339644749999999 0.34805340937499996 0.8172697015624999
5 0.38023676875 0.7673363265625001 0.3804155953125 0.757620709375 0.3539177078125 0.7467699859375 0.335636428125 0.7221105031249999 0.29867400312500003 0.7008780546875 0.29113048125 0.6844796359374999 0.28153779375 0.6839861703125 0.268341040625 0.6948110453125 0.27415083125 0.71633846875 0.2890912921875 0.7252901109375001 0.3032120859375 0.7406037328124999 0.341928184375 0.8065182234374999 0.35778270624999997 0.8167028359374999 0.362720646875 0.828342003125 0.39255935468750003 0.8549005671875 0.4058604828125 0.87657616875 0.418972815625 0.8830618593749999 0.4477831140625 0.8509814515624999 0.44996888906250004 0.8340161703125 0.41624291874999997 0.795991084375 0.39029147656249996 0.7808990390625 0.38023676875 0.7673363265625001
17 0.43349396562500003 0.9959864984375001 0.29305050312500003 0.9396676218750001 0.288301478125 0.94806174375 0.28824633125 0.9504610703124999 0.3585476078125 0.9797507515625 0.3722164296875 0.9851816156250001 0.43349396562500003 0.9959864984375001
5 0.5048767546875 1 0.44613065625 0.976930678125 0.433087528125 0.974484928125 0.4120076484375 0.9724795015625001 0.401818121875 0.9586372671875001 0.38700450468750003 0.9570779421875001 0.3626361734375 0.9589495906250001 0.3471679828125 0.9513681984375 0.3368386203125 0.9454450359375001 0.328890265625 0.949545571875 0.3206678671875 0.9685280078125 0.335301490625 0.978672515625 0.45625566875 1 0.5048767546875 1
5 0.2819587203125 0.42079366093750004 0.24562920156249998 0.43271115312499997 0.24328350781250002 0.4480030078125 0.2551595015625 0.47715911406249994 0.28906137187500003 0.47517188906249996 0.32010296875 0.4743017078125 0.359934309375 0.4526547734375 0.36954571875000003 0.4401418578125 0.3901879390625 0.42925705000000003 0.3993517671875 0.40988003281249996 0.39939809843749996 0.384932265625 0.3934627828125 0.394851734375 0.363767528125 0.4029797484375 0.3416736890625 0.4016060203125 0.2819587203125 0.42079366093750004
5 0.355184090625 0.4871114484375 0.34604345 0.47478170625000005 0.2925534203125 0.47357181718749997 0.20097584375 0.493172925 0.1963210953125 0.5043186234375 0.16275167968749998 0.51504425625 0.1489562921875 0.5138602125 0.1228782125 0.524734021875 0.12123888125 0.53745798125 0.1262712203125 0.556692103125 0.137607609375 0.5769620843750001 0.14706368281249999 0.57851588125 0.2430227890625 0.549889734375 0.26886985937499996 0.5324812984375 0.2974169109375 0.5274270734375001 0.3490688375 0.50126549375 0.35381798125 0.497714746875 0.355184090625 0.4871114484375
5 0.2565080703125 0.8033100031249999 0.23793362031249998 0.730960134375 0.2301168765625 0.7166823765625 0.2193369046875 0.7170765968749999 0.20773726875 0.723832796875 0.2061700640625 0.8026180437500001 0.20896444375 0.8225672046874999 0.21709662343749997 0.8260690171875 0.2204796546875 0.8331215750000001 0.21313490468750002 0.8568185906249999 0.2241980703125 0.8792092328125 0.22942917812500002 0.9385387843749999 0.2409586546875 0.962037328125 0.27055136874999997 0.967255321875 0.2920176359375 0.9607337015624999 0.289044434375 0.950500153125 0.29434002187499997 0.9427080875 0.2950131046875 0.9125009171875 0.2797272921875 0.8396086484374999 0.2565080703125 0.8033100031249999
5 0.13102500781249998 0.3365866 0.1606227328125 0.33170501875 0.1738194890625 0.32088014062500003 0.19738638749999998 0.3128420328125 0.219850421875 0.28838104531250003 0.23537954062500002 0.2844360796875 0.2597661 0.2700359953125 0.26574474375 0.2569422796875 0.26382221875 0.246881375 0.22147977968750002 0.2507515609375 0.202252196875 0.2584199125 0.1705953328125 0.254300921875 0.1415018421875 0.26359646875 0.125520678125 0.27937770624999997 0.11732401875000001 0.34299751093749997 0.1224407828125 0.3449210625 0.13102500781249998 0.3365866
5 0.2687355703125 0.42526425156250003 0.347978271875 0.4014707546875 0.388850225 0.37570339375 0.39496548125 0.361549346875 0.389481096875 0.35415150156249997 0.32457025 0.349982196875 0.249435853125 0.3668713171875 0.235146209375 0.3861788359375 0.2377617625 0.4158436109375 0.2454841078125 0.4225264125 0.2687355703125 0.42526425156250003
5 0.3572532 0.5210175421875001 0.3187458421875 0.5201040109374999 0.27334578125000003 0.531051215625 0.24421007343749998 0.549002046875 0.15259028125000001 0.5772584421875 0.137565396875 0.585617371875 0.13332048125 0.5935820781250001 0.1352951953125 0.6198932203124999 0.1518005359375 0.65833699375 0.15664407656249998 0.662381203125 0.1791180859375 0.6628257359374999 0.2415922 0.62761465 0.3159913578125 0.5997769421875 0.350286040625 0.575094375 0.3606039984375 0.5616309078125 0.3658896109375 0.5289333203125001 0.3572532 0.5210175421875001
5 0.33733955312499997 0.184249884375 0.327242634375 0.1793424546875 0.29408305156250003 0.186887096875 0.23954234687499998 0.1855045625 0.2266188140625 0.19420877812499998 0.2000365015625 0.200668621875 0.18473839375 0.21114821250000002 0.13408495625 0.2212321984375 0.1281162859375 0.2592314359375 0.157304178125 0.2575308453125 0.20836744999999998 0.24426586718749999 0.2465071859375 0.2397051078125 0.25586886249999996 0.23366395 0.25842225937499996 0.2221729609375 0.26659665 0.2170194875 0.28550880156249997 0.22012708124999997 0.33305242968750004 0.2008698796875 0.33733955312499997 0.184249884375
5 0.4333568578125 0.8713492984375 0.448528325 0.8868355625 0.46242808437500005 0.9205200843749999 0.4726616109375 0.9243671843750001 0.4804783578125 0.9386449421874999 0.50666080625 0.9602716109375 0.5422471484375 0.9672018375 0.53795005 0.9589163062500001 0.5438765078125 0.9295723515625 0.5357865421875 0.91741525625 0.5249121718749999 0.910214521875 0.49602974218749996 0.87623364375 0.457974428125 0.863483834375 0.439839734375 0.8626695468750001 0.4333568578125 0.8713492984375
5 0.1706658296875 0.8866546265625 0.1777573046875 0.91488931875 0.17680102656250002 0.92231163125 0.16520138906249998 0.9290678296875001 0.16274239375 0.9481537718749999 0.1627535140625 0.9482476515625 0.22088123906249998 0.9584971375 0.22221106562499998 0.936269946875 0.2021860796875 0.8918339468750001 0.2008522109375 0.868876440625 0.1932664765625 0.8611333078125 0.1723473734375 0.86527538125 0.1706658296875 0.8866546265625
5 0.179652234375 0.741956271875 0.1734748234375 0.7149545546875 0.15925962968750002 0.6920459796875 0.151758321875 0.6669922781250001 0.129011090625 0.6686684031250001 0.12659430625 0.679099059375 0.14267751875 0.8040956781249999 0.15927725625 0.8501344046874999 0.178420415625 0.8597766203124999 0.1973325640625 0.8628842156250001 0.20227050625 0.8745233796875 0.20232269218750001 0.8907736187499999 0.21493079218750002 0.8928453453125 0.22073061093750002 0.889467246875 0.2241980703125 0.8792092328125 0.2135447375 0.8536376000000001 0.2195655921875 0.8318885999999999 0.21001511874999998 0.8227398499999999 0.206433315625 0.7755918578125 0.179652234375 0.741956271875
5 0.22294261093749998 0.139465834375 0.2038516375 0.14607385781249999 0.1696835921875 0.1447905703125 0.1431012828125 0.1512504125 0.1337173359375 0.215757903125 0.1473761125 0.21800227656249999 0.178024509375 0.21329333749999999 0.20373497187499998 0.1969452328125 0.22319356406250002 0.19581150625 0.2288989890625 0.18483845000000002 0.24520555625 0.1831867921875 0.2865817453125 0.16183339375 0.28588871718750003 0.14222951875 0.25131083906249996 0.1441272234375 0.22294261093749998 0.139465834375
5 0.24864309843750002 0.0982122078125 0.212920146875 0.0923423109375 0.1867476671875 0.095621165625 0.1502472640625 0.087457965625 0.142323828125 0.1489571109375 0.187219659375 0.1335959375 0.21298230624999998 0.1334980734375 0.2243087203125 0.128862534375 0.2699397921875 0.12444995156250001 0.27208335781250004 0.11613995625 0.26600034375 0.0967331921875 0.24864309843750002 0.0982122078125
5 0.358355378125 0.07942538593750001 0.3390333921875 0.07949878593750001 0.3285788265625 0.094022584375 0.335208284375 0.1091880265625 0.32589879375 0.131479425 0.3302480765625 0.15601519218749998 0.323124359375 0.161341309375 0.322168084375 0.1687636203125 0.3332834359375 0.20740450312499997 0.3440211984375 0.21566556874999998 0.3528264578125 0.18896020468750002 0.3607698375 0.177272109375 0.37474405 0.1687405359375 0.378253721875 0.1498272390625 0.3727071796875 0.10127363125 0.3679058484375 0.08857413593749999 0.358355378125 0.07942538593750001
5 0.34315002968749997 0.6637923515625 0.3523651234375 0.6339059984375 0.3618634140625 0.626804509375 0.3762052421875 0.6237472296875 0.3920920078125 0.6003710375 0.3611182 0.5909503953125 0.3507902734375 0.5795083421875 0.33763572656249996 0.581677934375 0.3127027203125 0.600319340625 0.24844269375 0.62440919375 0.1870192546875 0.659792925 0.16925217812499999 0.6644529312499999 0.1593440578125 0.674735409375 0.15638082656250002 0.6894073875 0.1639665609375 0.69715051875 0.20151764062500002 0.7054863640625 0.2018430484375 0.71961594375 0.2155018234375 0.7218603140625001 0.22696485156250001 0.7161644453125 0.2443220984375 0.714685428125 0.2615849421875 0.7056114578125 0.288798121875 0.677599725 0.34315002968749997 0.6637923515625