27 0.0810442109375 0.7243726640625 0.097488803125 0.743820234375 0.120123984375 0.7460920609375 0.1410777515625 0.7261022046875001 0.269338446875 0.7141208015625 0.3444154015625 0.716746509375 0.41250243906249995 0.701180428125 0.42668916250000005 0.616380540625 0.43076199375 0.49681247500000003 0.4092891359375 0.48514507812499996 0.4087286625 0.477724515625 0.3843706890625 0.47742770468750007 0.34571126875 0.4612737296875 0.267749196875 0.4700186046875 0.229930484375 0.46499547343750003 0.1893667734375 0.47319806093750005 0.098536403125 0.6337676109375 0.0780603546875 0.7096514171875 0.0810442109375 0.7243726640625
27 0.2668097515625 0.4327959328125 0.234579771875 0.42741318437500003 0.19732153125000002 0.42981061093750006 0.0165363046875 0.48991151562499996 0.009505009375 0.495956421875 0.0107660703125 0.5126526828125 0.057116 0.55627414375 0.07011500781249999 0.5796717375 0.10853557031250001 0.567878740625 0.14467286562499998 0.5506401921874999 0.1941148015625 0.461707609375 0.21632962656250002 0.4584140109375 0.2787865515625 0.4674442390625 0.2668097515625 0.4327959328125
27 0.142380190625 0.7185617703125 0.127617009375 0.7213758828125 0.11066930781249999 0.7448362765625001 0.0873335375 0.73328875 0.059529973437499994 0.7369419625 0.0433339859375 0.7446679203125 0.08125242656250001 0.908910728125 0.2428311109375 0.89851375 0.3578507453125 0.8202747390624999 0.35052323125 0.7480441484375 0.34082969375 0.718841390625 0.27106124062500003 0.7121457906249999 0.142380190625 0.7185617703125
27 0.873096878125 0.40496859374999994 0.87067349375 0.397667903125 0.8554899609375 0.3949165921875 0.6843822890625 0.40965503593749997 0.6805323296875 0.48260485781250007 0.68627716875 0.5586656 0.702441525 0.5744028890624999 0.7641978593750001 0.574157415625 0.8176204578125 0.5874972796875 0.8491084703125 0.607841021875 0.8484652390624999 0.648893846875 0.8825581281250001 0.6541567203125 0.873096878125 0.40496859374999994
27 0.8924331609375 0.6609779234375 0.862066096875 0.65547530625 0.830536709375 0.659368259375 0.8062774750000001 0.685163278125 0.7350250843749999 0.7083896625 0.7319998515624999 0.717905103125 0.7875242203124999 0.75907206875 0.816448728125 0.7702599796875 0.81905360625 0.7551791171875 0.8758230546875 0.738477125 0.9168484984375 0.7116032625 0.9133041703125 0.6894614531250001 0.903709375 0.68635053125 0.8924331609375 0.6609779234375
27 0.7425629703125 0.7228178749999999 0.69779571875 0.6753662625 0.686478128125 0.67423035 0.6441342609375 0.634079425 0.60617543125 0.6272011515625 0.551969484375 0.653058971875 0.5618191218749999 0.7586820875 0.5318883953125 0.8333101062500001 0.5159628953125 0.8455197890624999 0.4937480671875 0.8488133859375001 0.49542948437499995 0.8710750656249999 0.5074476640625 0.881486678125 0.6653092125 0.8713288875 0.8123887859375 0.7798420015625 0.8115480765624999 0.7687111625 0.7425629703125 0.7228178749999999
27 0.6274473265625 0.523303796875 0.67658363125 0.52946284375 0.6863599234375 0.5101922140624999 0.6843822890625 0.40965503593749997 0.6295585078125 0.37776377031249997 0.521426853125 0.4331896921875 0.4610716984375 0.45198656875000004 0.4538589078125 0.4804130265625 0.5492464 0.5041017 0.6125854078125 0.500026075 0.6274473265625 0.523303796875
27 0.5259774 0.369515571875 0.4927252203125 0.3753835375 0.465943859375 0.3677860359375 0.43669773906250003 0.37712453749999997 0.43252616718750003 0.47060076874999995 0.444544346875 0.4810123828125 0.4555817015625 0.478438015625 0.457345875 0.452226309375 0.5575641484375 0.4159511453125 0.5968668 0.3910522953125 0.596166209375 0.38177659531249997 0.5845683828125 0.376930403125 0.5259774 0.369515571875
27 0 0.5569678031249999 0.042773609375 0.7422406609375 0.083187359375 0.7279630734375 0.0806652359375 0.69457055 0.0894607015625 0.6623139421875 0.139644603125 0.558420365625 0.0716976828125 0.5758415859375 0.026650195312500003 0.5246796921875 0 0.5237476421875 0 0.5569678031249999
27 0.5385466421875 0.5607148750000001 0.4436368671875 0.5929201453124999 0.42682927968750006 0.6182356796875 0.43107419843750006 0.6496531890624999 0.4435127328125 0.665630221875 0.45096438125000005 0.6651507359375 0.46288382187500005 0.6494705171875 0.4899867953125 0.6365416046875 0.517930475 0.6347435375 0.543269275 0.6480263296875 0.6539230578125 0.6259929296875 0.6590914390625 0.6200678953125001 0.6558687265625001 0.5773996718750001 0.664944428125 0.5488533421875 0.6606581296875 0.541672528125 0.5385466421875 0.5607148750000001
27 0.5476956890625 0.657062290625 0.5227772421875 0.649344915625 0.4613011453125 0.65330066875 0.43792399687500005 0.665989834375 0.4210176703125 0.6652135390625 0.40276752499999996 0.6962143640625 0.34483575625 0.722311928125 0.349360909375 0.7574397203125 0.3797279765625 0.7629423375 0.38615741875 0.7737135640624999 0.40103531875 0.8715565046875 0.3916269765625 0.8889393015625 0.5068855875 0.881522846875 0.4928784828125 0.8731033703125 0.48705088906249994 0.8455160109375001 0.49967092031250004 0.8391114921874999 0.5190006296874999 0.8471884765625 0.5415370703125 0.82336846875 0.56541733125 0.7677713359375 0.569044415625 0.7414397625 0.5559880453125 0.66771364375 0.5476956890625 0.657062290625
27 0.6541459296875 0.5793746843750001 0.6572285265625 0.6201877671875 0.633851375 0.6328769328125 0.72557040625 0.7071338765624999 0.7588225859375 0.7012659140624999 0.7635706156250001 0.6897754578125 0.8064175921875 0.6870184171875 0.8170759703125 0.6546419375 0.8375680031250001 0.653323353125 0.859964328125 0.6276482046875 0.8602859421875 0.607121790625 0.80345913125 0.5734952578125 0.7655003015624999 0.566616984375 0.7153417921874999 0.5717086484375 0.6804081953125001 0.555314934375 0.6656450171875 0.5581290421875 0.6541459296875 0.5793746843750001
27 0.30919499375 0.448710165625 0.31003570156250004 0.4598410046875 0.38381021875 0.47000714375 0.43006140625 0.487536771875 0.43003600937500003 0.5863386828125 0.45066816093749995 0.586875240625 0.47418542812500003 0.5760412109375 0.62912874375 0.5455654796875 0.67942736875 0.542328953125 0.65911683125 0.5212659859375 0.6351792109375001 0.5265345921875 0.6320138578125001 0.5341948953125 0.6143082015625 0.4980510640625 0.517156540625 0.50057409375 0.3222353796875 0.44787106718749997 0.30919499375 0.448710165625