15 1 0.41289566562499996 0.960296178125 0.39257944375 0.8520571703125001 0.3676232578125 0.805282159375 0.36585168281249997 0.757084709375 0.37868660625 0.7312862531250001 0.3978315859375 0.7253444015625 0.41683430625 0.71399365625 0.431511934375 0.68057164375 0.5741029984375 0.58746820625 0.8537551140625 0.5818936734375 0.9183498578125 0.5856841171875 0.928641153125 0.78253486875 0.9516393187500001 0.9736520046875 0.67294834375 0.9909885125000001 0.577817221875 1 0.51629630625 1 0.41289566562499996
15 0.71937013125 0.3952083625 0.7222582390625 0.4201669203125 0.7308469171875001 0.400242371875 0.74462481875 0.3858483078125 0.774398915625 0.372092034375 0.840695621875 0.3687579984375 0.902807821875 0.3747835390625 0.9002546203125 0.3547883375 0.8956199734375 0.3530158109375 0.8979210890625 0.3335877390625 0.8857744921874999 0.3186270234375 0.8544303015624999 0.30019238125 0.7803911734375 0.2780007296875 0.7081310046875 0.2732517109375 0.6618061375 0.28261223750000003 0.6458207453125 0.2955173390625 0.640988040625 0.3220359859375 0.633497703125 0.33593356874999997 0.6691416390625 0.351177378125 0.704461471875 0.3750007234375 0.71937013125 0.3952083625
15 1 0.28369985625 0.972993725 0.26849509843749997 0.903589246875 0.24807596875 0.8499720984374999 0.2430429109375 0.81202705 0.24722717031250002 0.7957067515625 0.25516891875000003 0.788886228125 0.278993209375 0.86568741875 0.306431784375 0.8899698046875001 0.3228103328125 0.8977014203125 0.334793134375 0.8957244046874999 0.3456416703125 0.8736819234375 0.371380746875 0.961509759375 0.392721225 0.9683410890624999 0.3824398203125 0.9703073015625 0.358048396875 1 0.3360135078125 1 0.28369985625
15 0.7201443734375 0.39776093281249997 0.7208249921875 0.42123052968749997 0.724465728125 0.421655878125 0.7370192453125 0.3935771453125 0.767891684375 0.37379390625000003 0.8246994234375 0.3681202125 0.9038017328124999 0.3761307140625 0.90633331875 0.369040140625 0.8970532203125 0.3519522015625 0.8979210890625 0.3335877390625 0.8847805828125 0.3172798453125 0.832250971875 0.29267693281249996 0.7731097 0.2771500296875 0.7093445828125 0.27339349375 0.6603728906249999 0.28367584687499997 0.645601078125 0.2967227328125 0.634271946875 0.3384861375 0.6647266609375 0.348199459375 0.704461471875 0.3750007234375 0.7201443734375 0.39776093281249997
15 0.6179408453125 0.33288499531250004 0.5817531421875 0.3274261140625 0.5279163265625 0.323598446875 0.46173485625 0.3331012296875 0.4223673671875 0.351891990625 0.40396562343750003 0.37805641562500003 0.375415971875 0.8203635546875001 0.3782212578125 0.8797820281250001 0.38606811093750004 0.8979335781250001 0.39324515312499997 0.9061584171874999 0.5288747484375 0.9220040875000001 0.555184128125 0.9016877421875 0.5779792406250001 0.8514154578124999 0.671835309375 0.547230134375 0.7040977749999999 0.472211728125 0.7098091546874999 0.44087151249999995 0.7209294234375 0.4138563890625 0.7191504640625 0.396413753125 0.7064492953125 0.37769507343750003 0.66251916875 0.3467105015625 0.6179408453125 0.33288499531250004
15 0.46386670937499996 0.23978996874999997 0.4553824640625 0.25234037656249997 0.45439935781249996 0.26453608906250003 0.48906018749999997 0.29197561250000004 0.4839033796875 0.32707379062499997 0.543692853125 0.32544162656250003 0.6201483359375 0.33437395468750003 0.6501204890625 0.2923265109375 0.6766931859375 0.2757341 0.6773413875000001 0.2585750328125 0.6637615421875 0.2446779234375 0.6386004828125 0.233120946875 0.5858620109375 0.22326631406250003 0.551662128125 0.22050178125 0.5001480390624999 0.22433182343750002 0.4726858640625 0.23220291718750002 0.46386670937499996 0.23978996874999997
15 0.6984727765625001 0.1970288625 0.6499296140624999 0.1913575421875 0.6099967421875 0.19284745 0.588163125 0.20383824375 0.5863013453125 0.22085552968750002 0.662108625 0.2469469265625 0.673920315625 0.256944290625 0.6754796078124999 0.27559231562500003 0.75534535 0.27261250000000004 0.768881971875 0.23233805468750002 0.768212159375 0.2224113453125 0.7390754578125 0.20546566406250003 0.6984727765625001 0.1970288625
15 0.38991040312499997 0.1831383984375 0.382744165625 0.1884564484375 0.379553571875 0.1991632 0.3850776984375 0.20965704375 0.3800361296875 0.2509239703125 0.45439935781249996 0.26453608906250003 0.45846862499999996 0.2490077640625 0.471472284375 0.23206113281250002 0.53930666875 0.22028934531250002 0.5572798796875 0.2100785953125 0.5588175578125 0.20164084531249998 0.552854096875 0.1935577875 0.49227957343749995 0.179094496875 0.4285144609375 0.17533795937500002 0.38991040312499997 0.1831383984375
15 0.3151655515625 0.7973207265625 0.337009975 0.7998728203125001 0.3727475359375 0.7941996046875001 0.3784697203125 0.7764022734375 0.39337113281249997 0.5110038609374999 0.40826536406249997 0.37486558593749997 0.42049478125000006 0.3553663859375 0.46702851093750003 0.3312575765625 0.48610006562499997 0.3150198609375 0.4907239078125 0.3032494984375 0.48729203125 0.2880758671875 0.470291121875 0.2725480171875 0.41986456875 0.25680820312499997 0.34782406875 0.250853790625 0.283075846875 0.259292965625 0.24458702968749998 0.273262153125 0.23268171093749998 0.2841818171875 0.22717919531250003 0.300773753125 0.26085698125 0.75527518125 0.2733384859375 0.7751992546875 0.28857124375 0.7868273625 0.3151655515625 0.7973207265625
15 0.2495854390625 0.5926898609375 0.2278382015625 0.2971575734375 0.23344514843750003 0.2731914984375 0.22823431562500002 0.2405752328125 0.2064835203125 0.2171061109375 0.167314084375 0.2076057 0.11811191562500001 0.2055505578125 0.043172459375 0.2155036796875 0.0087312171875 0.40449411562500004 0.0511022421875 0.5596525203125 0.0759104078125 0.6819633953124999 0.08916615312500001 0.7044400375000001 0.09998393125 0.713090225 0.1267979078125 0.7223781984375 0.148862 0.7237249 0.1913264609375 0.7151444171875 0.22617454218750002 0.7007498796875 0.2459051015625 0.6808959875 0.2502984703125 0.656788128125 0.2495854390625 0.5926898609375
15 0.191365996875 0.211646753125 0.21376499531249998 0.217956809375 0.22877808437499997 0.23079030781249998 0.231122421875 0.26553379062500004 0.23885403906249997 0.27751659375000004 0.2580408296875 0.267447625 0.302377875 0.2553927453125 0.376395390625 0.250498621875 0.3783616015625 0.2261071953125 0.3727222375 0.20944460625 0.37623693281250004 0.19015831875 0.3626570890625 0.1762612109375 0.34268525156249996 0.1702347203125 0.2522213953125 0.16335895625000002 0.20346937187499997 0.1724359171875 0.1924427296875 0.178534009375 0.18803855625000002 0.1890989796875 0.1925687703125 0.198245646875 0.191365996875 0.211646753125
15 0.105317121875 0.20774890468749999 0.15131788906250002 0.2069679125 0.18165736562499998 0.2105124890625 0.178005821875 0.19654425 0.1784343546875 0.1805905765625 0.1644151734375 0.169104253125 0.0925943421875 0.1619444484375 0.05249812499999999 0.16433067343750002 0.0427763921875 0.21767703906250002 0.105317121875 0.20774890468749999