15 0.06699034375 0.4484231171875 0.07126761875 0.455329653125 0.08424504375 0.46704261875 0.08493772968749999 0.4707355875 0.090186940625 0.4718181140625 0.1040874078125 0.4652177828125 0.1431038953125 0.46411978749999994 0.16334720625000002 0.46076395156250005 0.1965798921875 0.46062477187499995 0.22975173125 0.4564926015625 0.24434488437500002 0.45358523906250003 0.2605054171875 0.44680551562500004 0.2694120125 0.4465982890625 0.2986711234375 0.4362802421875 0.30429683281250003 0.42958711875000005 0.30526876718749996 0.4237631125 0.3058267296875 0.3814919015625 0.2995561515625 0.3505068296875 0.2906490140625 0.3274767984375 0.283309253125 0.300574409375 0.2791656265625 0.2931575375 0.270465478125 0.288351109375 0.2566742109375 0.288196459375 0.2512549515625 0.2898759265625 0.2140367328125 0.2883325484375 0.1664417890625 0.292610084375 0.09736376249999999 0.2838508734375 0.0664155828125 0.2900553125 0.0447624578125 0.279780565625 0.0396327234375 0.27964954531249997 0.035698503124999996 0.2954288453125 0.0370592265625 0.298632034375 0.036646328125 0.30865934375 0.0474500609375 0.377263846875 0.054534479687500005 0.39669060312500004 0.057499721875 0.4149451359375 0.06699034375 0.4484231171875
15 0.10935718593749999 0 0.0542832890625 0.22088933593750001 0.0547735640625 0.22676448124999998 0.060047759374999995 0.2573289125 0.0667556828125 0.2845313203125 0.0698420765625 0.287534565625 0.0820051203125 0.2875685875 0.1035485078125 0.28136105625 0.1414594125 0.28659740624999996 0.2665771921875 0.2884098734375 0.27381916875 0.29033368125000003 0.2814865375 0.29697113124999996 0.28857095625 0.31639788593749996 0.29301827812500003 0.320542428125 0.31821905625 0.313045140625 0.3303576515625 0.3068345171875 0.33697974375 0.30056203593749997 0.3391181109375 0.292396675 0.3382309296875 0.285221053125 0.32356335937499997 0.2229199640625 0.3201846828125 0.1914554859375 0.3116784890625 0.166894446875 0.30083943281250003 0.14701612343749998 0.266378928125 0.1222664171875 0.24428791875 0.0925370765625 0.2388311828125 0.0499936875 0.23975925625 0 0.10935718593749999 0
15 0.24076058437499998 0 0.2408353625 0.019101401562500002 0.23782284374999998 0.058069353125 0.243461584375 0.089354440625 0.2524779234375 0.1056294921875 0.2672416640625 0.1231973921875 0.2817136609375 0.1355413140625 0.3076804640625 0.1504709375 0.3392365734375 0.1609590984375 0.3741583328125 0.1649335265625 0.4028100453125 0.161160140625 0.42059879999999994 0.1545010421875 0.4401249734375 0.1412075875 0.4470143609375 0.13391443281249998 0.45424384531250006 0.121097290625 0.4607806421875 0.10458717656250001 0.45896526406250004 0.0805837546875 0.2680839890625 0 0.24076058437499998 0
15 0 0.533677440625 0.0022645499999999997 0.5350161578125 0.0020810390625 0.5394727375 0.0035202593749999998 0.54008033125 0.006444574999999999 0.540181365625 0.006675470312499999 0.5414123562500001 0.0141483421875 0.5445671562500001 0.0177693296875 0.5455290609375 0.0219249109375 0.544449625 0.026019643749999998 0.539377203125 0.03462200625 0.519205046875 0.0503082546875 0.49522239062500006 0.0542693390625 0.49066030468750005 0.064609665625 0.4870910515625 0.0771611625 0.47085311875 0.07646847500000001 0.4671601484375 0.0700647875 0.45992266875 0.0617291796875 0.45583689375 0.059177375 0.45079230781249996 0.04809493125 0.41494204218749997 0.04708605625 0.39978045 0.0429549234375 0.40710453125 0.030719078125 0.411573828125 0.0151784328125 0.42654984375 0.007365465625 0.42891903437499995 0 0.44686825625 0 0.471670571875 0.00025821093750000003 0.47295940937500003 0 0.4734777125 0 0.533677440625
15 0.015144726562499999 0.544987796875 0.32753609687499996 0.6768690875 0.34297753124999997 0.6199111828125 0.3432931828125 0.6081425453125 0.3393071125 0.583222728125 0.333948159375 0.5656579234375 0.3262927484375 0.5505241671875 0.3162072265625 0.538331796875 0.304821625 0.5289911171874999 0.2905441203125 0.52012984375 0.27596292031249997 0.514540903125 0.152096328125 0.4973874546875 0.07656626093749999 0.49213873125 0.071377896875 0.4950491890625 0.06318843125 0.5051940296875 0.050697243749999996 0.5021876921875 0.0429815234375 0.5062982109374999 0.036821221875 0.515032671875 0.0330062765625 0.5338253734375 0.029409734375000003 0.5391081140625 0.017902978125 0.545018725 0.015144726562499999 0.544987796875
15 0.1473931234375 0.46253001875 0.1394465078125 0.46540954687499997 0.1327027234375 0.46369605625 0.1119976234375 0.46458991562499996 0.1101021046875 0.46548996093749995 0.105728121875 0.480079359375 0.1067125515625 0.4889963046875 0.10916710781250001 0.49229956562500005 0.12315286875 0.4959368609375 0.15422274375 0.49771839843750004 0.167212121875 0.50093505625 0.2719773875 0.5128583421874999 0.2874577234375 0.5171266015625 0.2917713984375 0.5217814765625 0.3116626546875 0.5324459312500001 0.31559929375 0.5216392015625 0.31522225625 0.50617759375 0.3217460234375 0.4516892671875 0.32186718124999997 0.4364379828125 0.3101778796875 0.43036963437500003 0.2919517859375 0.4408114 0.27952144687499997 0.44179804687499996 0.27280210625 0.446329203125 0.2626318296875 0.4471364609375 0.23653191875 0.4559544328125 0.1473931234375 0.46253001875
15 0.668879065625 0.20150754843750002 0.6886725390625 0.187193425 0.6902399124999999 0.18332106406249998 0.6889517875 0.177676446875 0.571826978125 0.12823023125 0.5683411015625001 0.137526990625 0.568329146875 0.1460232953125 0.5752924125 0.180701340625 0.580833365625 0.18700784374999999 0.6085620375 0.2015477578125 0.6372262453124999 0.212515321875 0.6502884265625 0.21122866093749998 0.668879065625 0.20150754843750002
15 0.8000625687499999 0.4745235109375 0.7968186171875 0.48902321249999997 0.7962601171875 0.5080571671875 0.7975362890625 0.5221980859375 0.8025670953124999 0.536790578125 0.811583434375 0.5530656296875 0.8257517359375001 0.568681884375 0.851220346875 0.5834011859375 0.8824119156249999 0.593168690625 0.893675821875 0.5945233984375 0.9029833640625 0.5927851671875 0.9241377640625 0.5796123375 0.944866771875 0.5617258671875 0.95537714375 0.5553946187500001 0.9623393328125 0.5435981437499999 0.9654132375 0.5318604375 0.9658625375 0.519581465625 0.9579273359375 0.49072742812500003 0.9471855250000001 0.472590428125 0.92544710625 0.4520780484375 0.9101607265625 0.42805518437499995 0.8937084546875 0.42961093281249996 0.87488691875 0.4381010515625 0.850087084375 0.44406733281250005 0.80635651875 0.46527871562499995 0.8000625687499999 0.4745235109375
15 0.70303145625 0.5633475078125 0.706932234375 0.5780296921875 0.7137368640624999 0.5837361671875 0.7935811453125 0.6168770218749999 0.8126096687500001 0.626610503125 0.8322091828125 0.6320509875 0.8451377125 0.63127465625 0.8599737171875 0.621101978125 0.8792809500000001 0.5980812265625 0.873108159375 0.5920747390625001 0.8401302765625 0.5764522984375 0.8210773046875 0.56047416875 0.8083427328124999 0.5414958875 0.7992775 0.5127315453125 0.7862392296875 0.4970255984375 0.7594824921875001 0.47666167968749995 0.7404539703124999 0.4669281953125 0.7104657750000001 0.475804934375 0.7032971359375 0.4926150625 0.6930426421875 0.5296592046875 0.6896894875 0.550913884375 0.6909776140624999 0.5565585015625001 0.70303145625 0.5633475078125
15 0.93864456875 0.354499834375 0.90172950625 0.3264468671875 0.8232939671875 0.2604620828125 0.798870096875 0.23541545312499998 0.7858856125 0.2185986984375 0.7039151140625 0.18399346875 0.6523175921875 0.20981827968750003 0.6364243593750001 0.2155773328125 0.6258411859375 0.22641190312499998 0.6396574359375 0.2560484515625 0.7035351421875 0.276214421875 0.7293074484375001 0.28766139375 0.7292226937499999 0.3006610234375 0.7197097765625 0.3538874234375 0.7154699812499999 0.391203746875 0.7417171125 0.44309090624999997 0.7530663125 0.45468324843749997 0.77143855 0.4584721 0.797793803125 0.45712976562499996 0.8269801125 0.4513150375 0.87259424375 0.437699915625 0.896506896875 0.424558015625 0.9311727718749999 0.397819553125 0.93859675 0.3884850578125 0.9445136625 0.363778653125 0.93864456875 0.354499834375
15 0.6916969015625 0.6594451515624999 0.6858033578125 0.643921684375 0.6730443390625 0.618698759375 0.66763703125 0.61188191875 0.6509310328125 0.6756738046875 0.6233164375 0.8017377515625 0.6261618859375 0.8029390062499999 0.6298885265624999 0.7982779468750001 0.639487275 0.77852643125 0.684906375 0.738191403125 0.6913703703125 0.726184609375 0.6960480515625 0.7083228828125 0.6966429515625 0.6870372687499999 0.6916969015625 0.6594451515624999
15 0.7056728609375 0.7645277859374999 0.710229384375 0.7619173484374999 0.764105246875 0.7104168046875 0.784676159375 0.6867960203125001 0.77467539375 0.661604025 0.7638607828125 0.647970346875 0.7189138109375001 0.612559275 0.70327538125 0.6025567046875 0.6880139890625 0.6080157453125 0.6716953640625001 0.6090611609375001 0.6677706796875 0.6113715859375 0.6807969984375 0.6355738390625 0.6907005171875 0.6590245109375 0.69620560625 0.690819934375 0.6920750109375 0.7213812749999999 0.6781142359375 0.74722588125 0.6986981812499999 0.7615833078125 0.7056728609375 0.7645277859374999