27 0.149213440625 0.7218205671875 0.16943119375 0.7019931265625 0.296421090625 0.6901488796875 0.3710366359375 0.6927800296875 0.4381793125 0.6773582328125001 0.449779428125 0.5932216359375 0.4503193625 0.47458332968750006 0.428658590625 0.46299913437500007 0.42788469375 0.4556359953125 0.4036926828125 0.45533310781249997 0.3648371171875 0.4392912578125 0.287690334375 0.44794141249999997 0.24999561250000002 0.44294426875 0.20996312968750003 0.45106921718750004 0.12448922343749999 0.6103608125 0.1063836171875 0.6856483875 0.10977745312500001 0.700256365625 0.1266739984375 0.7195585953125 0.149213440625 0.7218205671875
27 0.21658946874999999 0.408021375 0.03886171875 0.46759344062499997 0.0320579765625 0.47358899218749995 0.0337992453125 0.49015605156250003 0.0810950484375 0.5334547734374999 0.0946864625 0.5566751734375 0.1324859546875 0.544986959375 0.16785898593749998 0.5278946875 0.21434040625 0.439669609375 0.23629942812500002 0.43640922812499994 0.29857310625 0.44539083125 0.285666890625 0.41100742187500006 0.25351029375 0.40565538125 0.21658946874999999 0.408021375
27 0.1705033375 0.6945116890625 0.1559284828125 0.6972988734375 0.1397897625 0.720571284375 0.116282946875 0.7091053890625 0.08878580312499999 0.7127206687500001 0.03572625625 0.7383590718749999 0.05030131718750001 0.8770315046875 0.0580079390625 0.8796262796875001 0.056742321875 0.88526693125 0.27845187031249996 0.871059140625 0.387409315625 0.7955090625000001 0.378017778125 0.7238367671875 0.3675380265625 0.6948574140625 0.29807365625000004 0.6881897968749999 0.1705033375 0.6945116890625
27 0.8690159156249999 0.37362471875000003 0.699567071875 0.38818986093749996 0.6978823625 0.460571953125 0.70581480625 0.53604411875 0.722324403125 0.55166478125 0.7836307109375 0.5514424609375 0.8370611328124999 0.5646971296875 0.868919484375 0.5848937484375 0.8694838359375 0.6256276062499999 0.9034864734375001 0.63086135 0.8867911296875001 0.3836047296875 0.8841711921875 0.37635989062499997 0.8690159156249999 0.37362471875000003
27 0.85199079375 0.636014525 0.8286613828125 0.6616009203125001 0.7586005171875 0.684622453125 0.75587580625 0.6940629765625 0.8122083437500001 0.7349294125 0.84125328125 0.746040409375 0.8433975703125001 0.73107753125 0.899270528125 0.7145247515625 0.9392143093750001 0.687873659375 0.9350465765625 0.6659025453125 0.9254294218749999 0.6628124734374999 0.9134905765625 0.6376329890625 0.8831800218750001 0.6321626484375 0.85199079375 0.636014525
27 0.7094007062500001 0.6507116625 0.666183934375 0.6108579140625 0.6282957390624999 0.6040199859375 0.5752361953125 0.6296583906250001 0.5881102671875 0.73446480625 0.5605809796875 0.8085030953125001 0.545127453125 0.8206125015625 0.5231684343749999 0.8238728796875 0.5254901265624999 0.8459622953125001 0.535687703125 0.85457471875 0.6974169671875 0.8442106375 0.837503234375 0.7555466359375 0.8363423890625 0.7445019296875001 0.766507140625 0.6989412390624999 0.7206704296875001 0.6518426500000001 0.7094007062500001 0.6507116625
27 0.70447655625 0.487947121875 0.699567071875 0.38818986093749996 0.64420190625 0.35652734375 0.5384697640625 0.411485725 0.47909819843749996 0.4301158890625 0.47277010625000004 0.4583191578125 0.568167753125 0.481856725 0.63093315625 0.477834534375 0.646370609375 0.5009366359375 0.6953350515625 0.507064765625 0.70447655625 0.487947121875
27 0.4814681046875 0.3465707890625 0.4527053421875 0.35582672187500003 0.45130280625 0.448575746875 0.46353989999999995 0.4589106546875 0.4744226734375 0.4563600734375 0.4754061140625 0.4303524890625 0.5738427953125 0.3943934546875 0.6121340109375 0.36970144843749997 0.6111666390625 0.360497525 0.59950996875 0.35568496875 0.541121846875 0.34830755468749997 0.5082800515625 0.3541185171875 0.4814681046875 0.3465707890625
27 0.116315090625 0.6386823781250001 0.163094759375 0.5356127234375 0.096145553125 0.55287530625 0.04992189375 0.5020951484375 0.012614121875 0.5007795703125 0.0107680796875 0.500897871875 0.0349818015625 0.7312760546875 0.11201044062500001 0.7038196343750001 0.1085279046875 0.6706855125 0.116315090625 0.6386823781250001
27 0.4499729015625 0.5950624203125 0.455108003125 0.6262374562499999 0.467925521875 0.6420947171875 0.475309684375 0.64162151875 0.486684178125 0.626067146875 0.5132139515625 0.6132479421875 0.5409045703124999 0.611473446875 0.5664509 0.624661828125 0.675665578125 0.6028375687499999 0.6806232796875 0.596960315625 0.676173371875 0.5546222734375 0.68434750625 0.5263007078124999 0.6798815265625 0.51917416875 0.5592036499999999 0.53802665625 0.4659181484375 0.5699492234375 0.4499729015625 0.5950624203125
27 0.4852250859375 0.6298670140625 0.46238739687499997 0.64244961875 0.44557955156249995 0.6416735296875 0.4283686859375 0.672427378125 0.371617059375 0.69830238125 0.377139109375 0.7331589890625 0.4074496671875 0.7386293312500001 0.41414863437499994 0.7493191390625 0.4317869359375 0.846407521875 0.42393670156249996 0.8617360484375001 0.53433955625 0.8546611109375 0.5230168515625 0.8479739734375 0.5164226546874999 0.8205988046874999 0.528764521875 0.8142483515625001 0.5481923046875 0.8222692781250001 0.5698691484375 0.7986419687499999 0.591949015625 0.7434847234374999 0.5947785 0.717358840625 0.5796553640625 0.6442006578125 0.57111035625 0.6336291515625 0.5461444453125 0.625963125 0.4852250859375 0.6298670140625
27 0.6559395484375 0.6096612203125 0.7491768390625 0.68337316875 0.7820186312499999 0.6775622046875001 0.7863959078125 0.6661625984375 0.8288548578125001 0.66344170625 0.838488084375 0.6313202703125 0.8587945359375 0.630018975 0.8802779078125 0.6045508796875 0.87999573125 0.58418395 0.8225910515624999 0.5507989515625 0.78470285625 0.5439610218750001 0.7350532171874999 0.5489959 0.6998897328125 0.5327174484375 0.6853148765625 0.5355046296875 0.67452080625 0.5565813578125 0.6787772390625 0.5970786171875 0.6559395484375 0.6096612203125
27 0.40291878593749997 0.44796996875 0.44935199375 0.46537940625 0.4522219640625 0.563414184375 0.47272189062500003 0.563953671875 0.49575305625 0.553211853125 0.6486923015625 0.5230260484375 0.6985354140625 0.5198319578125 0.677753309375 0.4989255390625 0.6541417218750001 0.5041450046875 0.6512235375000001 0.51174474375 0.6325857218750001 0.4758754515625 0.5362046312500001 0.4783454671875 0.341136828125 0.425984578125 0.328214540625 0.42681267343749996 0.32937538437499997 0.43785738125 0.40291878593749997 0.44796996875