10 0.5824992609375 0.9028142875 0.5890982328125001 0.9184942890625001 0.6035804437500001 0.9404880062500001 0.6117626046875 0.949123725 0.635193503125 0.9666038453124999 0.6539462109375 0.9756830390625 0.6711571546874999 0.9806661265625 0.6969063296875 0.9829619125000001 0.7288253203124999 0.9785003812499999 0.7515066874999999 0.970099321875 0.7643483437499999 0.9628723546875 0.7791893859375 0.950401309375 0.7850445625 0.943826625 0.7913902875 0.9362866109375 0.8003432234375 0.9220153906249999 0.8046995515625 0.91358833125 0.8120406140625 0.8882289078125 0.8129658421875 0.86341740625 0.809960921875 0.8427020375 0.8028442078125 0.8232390046875 0.7924423468749999 0.8050022125 0.7636438515624999 0.76636320625 0.75417019375 0.7500831531250001 0.748020346875 0.7445782140625 0.7453372921875 0.7406908328124999 0.740729209375 0.7392819984375001 0.73195069375 0.7393864031249999 0.7171238859375 0.7359686984375 0.6963660593750001 0.7285070874999999 0.6741737546875 0.722558696875 0.6627493640625 0.717392953125 0.6548875796875 0.7122011015624999 0.651500884375 0.7114445093749999 0.6334962187500001 0.7148623749999999 0.6275552125 0.7169495984375 0.608270528125 0.7199761203125 0.597156528125 0.7243853687499999 0.5837170328125 0.7269683359375 0.5751730640625 0.7260291421875 0.569839884375 0.7266292359375 0.5637229687499999 0.72949915625 0.56162203125 0.7327604015625 0.5571227249999999 0.7503450203125 0.5566122015625 0.763572603125 0.557504715625 0.7802962250000001 0.5622974171874999 0.8113170984375 0.5783430625 0.888438771875 0.5824992609375 0.9028142875
11 0.5864288281250001 1 0.5862110109375 0.9970770921875 0.5871319921875 0.9820232140625 0.5857045249999999 0.9506370687500001 0.5831429906250001 0.9364702609375 0.5785548781250001 0.9227991734375 0.571849896875 0.86498398125 0.563860640625 0.8165350703125 0.5604509984375 0.80127249375 0.55524635 0.758693796875 0.5504007468750001 0.731560321875 0.5500159953125 0.7247508578125 0.5551875 0.7090447125 0.556413134375 0.6999393281249999 0.5516648328125 0.684546309375 0.5457595203125 0.6718666453125001 0.5417792328125 0.65670843125 0.535549290625 0.650342525 0.531079940625 0.649533759375 0.52183233125 0.6517253578125 0.5213632359375 0.6538125515625001 0.5282496546875 0.6645615593749999 0.52907928125 0.691303703125 0.5315921640625 0.6996002828125001 0.5339605765625 0.703670296875 0.5339949953125 0.725429275 0.5298532453125 0.7450749937500001 0.52599320625 0.7561632203124999 0.521418053125 0.7631292484375 0.513243115625 0.771504146875 0.497084871875 0.7849666140625 0.47492698437499997 0.8007772046875001 0.44225867812499997 0.8292675390625 0.4225979515625 0.8558793375 0.4058662984375 0.8925879140624999 0.39859959375 0.9151818046875 0.39088673906250004 0.9543688781249999 0.386863059375 0.9870986078125 0.43860771718749997 1 0.5864288281250001 1
11 0.41393840312499997 0.5827702734375 0.4170977765625 0.601581078125 0.41679460781250005 0.6090167015625 0.41497686875 0.6171045796875 0.40953788593749996 0.625479465625 0.4069521359375 0.6333325390625 0.4071023375 0.6411855984375 0.4098068515625 0.6461948453125 0.4120322859375 0.659422415625 0.4066264484375 0.726082146875 0.40631478125 0.7530330171874999 0.41200849531249994 0.7812622671875 0.41621185625 0.7881238921875 0.4227521890625 0.8040647890624999 0.42600589062500005 0.8078478078125 0.43134480937499997 0.8108742124999999 0.43317975625000005 0.813665821875 0.43423096875 0.8187272578125 0.4335230796875 0.8316156734375 0.43433400781250003 0.8340942109375 0.43561403125 0.834485553125 0.484680865625 0.795115646875 0.49108522656250003 0.7873147359375 0.49582481874999995 0.7723130171875 0.5007303328125 0.7626597296875001 0.5111978406250001 0.747736253125 0.5235803890625 0.7364653546875 0.527467621875 0.7301254890625 0.5304266531249999 0.7218288859374999 0.530942909375 0.7122278 0.5292452046875 0.6966521343750001 0.5296155078125 0.6694403624999999 0.5272041796875 0.66312661875 0.5227290906250001 0.6586913562500001 0.52484575 0.652925478125 0.531021303125 0.6497946578125 0.534161978125 0.644341853125 0.5385325390625 0.62002604375 0.5405933234375 0.5913793203125 0.539049859375 0.52398910625 0.5376081593750001 0.5084917109375 0.5363022171875 0.466826140625 0.5333329890625 0.4313438890625 0.53468290625 0.3888173390625 0.532099915625 0.3735286671875 0.5304995156250001 0.3696934609375 0.52811538125 0.368128078125 0.513054025 0.365753971875 0.4652455390625 0.3544833671875 0.447534059375 0.356596734375 0.4345322140625 0.36210176875 0.427045196875 0.3698505078125 0.41805508125 0.3855044921875 0.41336414218749995 0.40637643749999997 0.396937146875 0.44903351249999995 0.39051706406250003 0.45933905468749997 0.386112084375 0.4618958859375 0.38124375 0.470166409375 0.3878469671875 0.4760887859375 0.38995937812500003 0.4800805296875 0.392899925 0.4974303 0.406122296875 0.5566804078125 0.41393840312499997 0.5827702734375
27 0.5621389234375 0.536903496875 0.5564883375 0.5608279640625 0.5509221 0.575855775 0.546919078125 0.5961015609375 0.5310427609375 0.650916525 0.5320725140625 0.6548560953125 0.5363345140625 0.6614568203125 0.539648340625 0.6783630625 0.5393666296874999 0.68692055 0.5411429390625 0.6899730609375 0.5416606859375 0.69375609375 0.5441463734374999 0.697304309375 0.5447442125 0.701948309375 0.54841984375 0.7111580265625 0.5470182968749999 0.721046109375 0.5441121671875 0.725455315625 0.5453550109374999 0.7272294234375 0.5477391484374999 0.7287948046875 0.554315171875 0.72996881875 0.581551721875 0.7268639859375 0.6013855968749999 0.7226112359375 0.6152999234375 0.7215675703125 0.6278541343749999 0.719271596875 0.6532342796874999 0.7122532890625 0.6614206890625 0.7111313828125 0.7030077296874999 0.6965208328125 0.73424305 0.682927840625 0.76143095 0.6739527828125 0.7700263296875 0.6576204578125 0.773075440625 0.64405369375 0.7744225953125 0.6246688890625001 0.7742751546875 0.5936740859375 0.7755307421875 0.5661753203125001 0.774792684375 0.54754713125 0.7767946171875 0.469251325 0.776006421875 0.4313687875 0.775392859375 0.42922941875 0.7728113578125 0.42732486875 0.7710407828125 0.42789885468750005 0.760786365625 0.44065686875 0.7548296375 0.445248721875 0.7328047453125001 0.45803288125 0.7157240375 0.473165109375 0.7078265609375001 0.48274014374999996 0.7010431828125 0.4873580875 0.6546349703125001 0.50272526875 0.6297239171875 0.5076563828125 0.61226844375 0.509848021875 0.5967494671875 0.5168141 0.587283034375 0.5175446640625 0.57928825625 0.5153792421875 0.5754382015624999 0.52033634375 0.5650979515625 0.5286068921875 0.5621389234375 0.536903496875
27 0.7260840468749999 0.7387080921875 0.741593040625 0.7378731421875 0.764456053125 0.7323158796875 0.7780871828125 0.7264455843750001 0.7938192468749999 0.7173140421875 0.8099188546875 0.7041124703125 0.8236128687500001 0.6882236546875 0.8360583015625 0.6669342296874999 0.8431920140625 0.64736676875 0.846688759375 0.63059094375 0.8479029203125 0.61423256875 0.8465513015624999 0.5934650125 0.8405701421874999 0.57016675625 0.8359663093749999 0.5590003 0.829965178125 0.5479643015625 0.8159206187500001 0.5288926515625 0.802180715625 0.5157694984375001 0.7891931015625 0.505385778125 0.77739543125 0.5006635640625 0.7755075859375 0.50175935 0.7743248656249999 0.5131084640625 0.7746125265625 0.55808745625 0.773149584375 0.5913781796875 0.773148309375 0.62790404375 0.7701378671875 0.6534721640625001 0.7669071109375001 0.66419513125 0.7622733203125 0.6714220562500001 0.7588122671875001 0.6734309953125 0.7328242953124999 0.68193643125 0.6965918953125 0.697068753125 0.6556341375 0.711314040625 0.656445065625 0.7137925765625 0.6735873875 0.725167690625 0.6928892828125 0.73302065625 0.7260840468749999 0.7387080921875
27 0.6514989640625 0.2622546453125 0.6410142484375 0.26629863125000003 0.6332497671875 0.272847234375 0.6231597875 0.27756955625 0.6150063046875001 0.2870663234375 0.6065282 0.302876846875 0.6016970421875001 0.3097646046875 0.596076415625 0.315295690625 0.5871391984375001 0.32706228125000003 0.5733593546875 0.3384636359375 0.5579204734375 0.3462906828125 0.5393022484375 0.3475691796875 0.5314948515625 0.35187405 0.5274803609375 0.36486684375 0.531835415625 0.39296564843750004 0.530605528125 0.411828653125 0.53049123125 0.4391186921875 0.5316769265625 0.45453781875 0.534238459375 0.468704625 0.5352297609375001 0.510552825 0.5382389296875 0.5215105703125 0.539477525 0.5330423 0.5414726609375 0.53755584375 0.5451310828125 0.535886071875 0.558885221875 0.533120475 0.5717268796874999 0.525893509375 0.5781212578125 0.5242237234375 0.5870484874999999 0.5185882625 0.5958112796874999 0.5209884890625001 0.606471903125 0.51616180625 0.61901039375 0.5163704640625 0.6449611828124999 0.509247790625 0.661590009375 0.5070822484375 0.6680802015625 0.5037687984375 0.67795709375 0.5012119390625001 0.699768896875 0.49059324374999996 0.7052136140624999 0.485844853125 0.710818521875 0.4828183984375 0.7188175484375 0.475226196875 0.7261715718749999 0.47050388906249996 0.74331091875 0.4551107609375 0.7525156109375 0.4506754328125 0.7660237296875 0.4417004390625 0.773782475 0.4315253390625 0.78198311875 0.41451468125 0.7954525703125 0.3935383328125 0.8038877624999999 0.375484078125 0.8155280015624999 0.355342615625 0.8214303421875 0.34125403906249996 0.8295194484374999 0.3283916765625 0.8382049109375 0.30678919375 0.8412325624999999 0.29210056562500003 0.8390557781249999 0.284743221875 0.8368475515625 0.28239514374999997 0.83030870625 0.2798383640625 0.8178660343749999 0.2779860421875 0.8137055875 0.2733681484375 0.812750190625 0.2666630484375 0.8157034859375001 0.25473994843750003 0.8139428953125 0.24918280781250002 0.8031535249999999 0.24727829687499997 0.79296773125 0.25364428437500003 0.783821675 0.2578187125 0.7800245203125 0.25888841875 0.7711072765625 0.258392753125 0.7470900109375 0.24352162656249998 0.733852128125 0.23668613593750001 0.7213665421875 0.23259008125 0.712507934375 0.2318335203125 0.7070574781250001 0.23295541250000001 0.694684915625 0.23809518281250003 0.6829845515625 0.2451134234375 0.673502396875 0.24834861875 0.6667404765625 0.2540884296875 0.65959954375 0.25664527656249997 0.6514989640625 0.2622546453125
10 0.30381096875 0.6199228328124999 0.305075271875 0.6228188078125 0.30990218125 0.625688671875 0.31232923125 0.6294977859374999 0.319518815625 0.6328111671875 0.3227725171875 0.6365941890625 0.33175413593749997 0.6404554515624999 0.3431356125 0.643377465625 0.35870324062500003 0.6422816124999999 0.3670655609375 0.6403770062499999 0.392226878125 0.631897665625 0.40912169374999996 0.6236792640625 0.413585309375 0.62086153125 0.41688617343749995 0.617130659375 0.419034275 0.6063555203125001 0.41795013281250004 0.5929192249999999 0.40857505468750005 0.5518537640625001 0.40552721875 0.5288946625000001 0.4021390359375 0.5147539515624999 0.393576371875 0.48955114687499995 0.3872877953125 0.483446140625 0.37259398125 0.4770020078125 0.36670587499999996 0.47520183281249995 0.35511131093750004 0.47444527968749994 0.3241147859375 0.4772370546875 0.30969418593750003 0.4817506765625 0.3001963125 0.487490503125 0.291392090625 0.4962306640625 0.28243915468749997 0.510501884375 0.27849901875 0.5207291484375001 0.2750881046875 0.541992434375 0.27552150625 0.554672125 0.27864370156249996 0.57486569375 0.2828957140625 0.5875975453125 0.2926096546875 0.606460496875 0.2953298890625 0.608965115625 0.29992798593750003 0.6165050734374999 0.30381096875 0.6199228328124999
11 0.3505676015625 0.476402046875 0.36881255 0.47556708125 0.37353216875 0.47282761874999996 0.3941325703125 0.4554255515625 0.3998490125 0.4482508 0.4158226375 0.4051762890625 0.419063378125 0.3883221984375 0.42094549062500003 0.38359991718750003 0.43504422343750004 0.36225830625 0.445207075 0.341386334375 0.44373966875 0.3345246953125 0.4223495828125 0.30066010625 0.41891423593750005 0.2940332875 0.4175855609375 0.2877717171875 0.41553178749999997 0.2835190734375 0.4135638453125 0.28375389218749997 0.4088714203125 0.291241715625 0.4036412796875 0.3072087640625 0.396817959375 0.3363512203125 0.394093478125 0.3436042265625 0.38965705625 0.3511703203125 0.377450415625 0.3616585203125 0.35456169531250004 0.375851540625 0.3270763671875 0.3958887203125 0.32390849374999997 0.3965931625 0.32203636874999997 0.39518431718749997 0.3214485125 0.3844091890625 0.31942618437500003 0.375147284375 0.30971224375 0.3562843328125 0.30158298125 0.34376121875 0.2952514890625 0.33541248125 0.2819434984375 0.321584896875 0.27212949375 0.31412323125 0.26689212812499996 0.31307966249999997 0.25212544531250003 0.322785178125 0.22424113124999998 0.351901646875 0.21801267656249998 0.3589198609375 0.20972620156250002 0.3714430546875 0.196933196875 0.3845402515625 0.175468965625 0.40335117656249997 0.16856831562500002 0.408490921875 0.16030754687499998 0.41237835624999997 0.1557598453125 0.41678757343750006 0.153461284375 0.427014825 0.153482740625 0.42813669218749995 0.1650473484375 0.447286625 0.205750803125 0.49625717343750003 0.221470121875 0.5163985015625 0.23090086406250002 0.530434821875 0.2392217578125 0.539670609375 0.25903290156250003 0.5708218546875 0.26359806875 0.56998695625 0.2761408046875 0.5604379921875 0.2772419421875 0.5348437890625 0.2802695953125 0.520155159375 0.289648709375 0.5015530125 0.29705563281249997 0.49294330625000005 0.3085371734375 0.4844640328125 0.32016318125 0.480211321875 0.329922796875 0.4781762609375 0.340295975 0.47828056874999997 0.3505676015625 0.476402046875
10 0.41760701874999995 0.2888935828125 0.42185903125 0.3016254359375 0.42890563750000005 0.3140963734375 0.43904575625 0.32862840000000004 0.4439427734375 0.338490359375 0.44339932187500003 0.343343084375 0.4371608828125 0.3564924265625 0.4366760671875 0.361084253125 0.44849944375 0.35717070781250004 0.46324041875 0.3561009515625 0.48749648125 0.36017085625 0.527624828125 0.3690934078125 0.529698571875 0.3610837953125 0.536102934375 0.353282884375 0.5400759984375 0.35143048125 0.54716403125 0.35276103124999997 0.55981979375 0.3524478890625 0.5808907765625 0.34634275 0.591567121875 0.3390114359375 0.6049250359375 0.32218338125 0.6078683453125 0.31639140781249997 0.610432640625 0.3074164703125 0.61431265 0.2840659875 0.6127693984375 0.2665857578125 0.6076792640625001 0.2466270078125 0.6003709171875 0.2304513046875 0.5898146046875 0.2141190765625 0.5809602468749999 0.2036048875 0.5737062859375001 0.196925909375 0.5566226015625 0.1852898953125 0.5532573640625 0.1856551703125 0.5440955875 0.19233423125 0.53898123125 0.19439535937500002 0.53549871875 0.19528243125 0.5257548234375 0.19481286250000002 0.5191144234375 0.19027325 0.5155403453125 0.183046365625 0.511305540625 0.181194003125 0.5088255890625 0.181272284375 0.4790519390625 0.1981004171875 0.45801388750000005 0.2125804171875 0.4383631453125 0.2330610890625 0.42290429375 0.253150390625 0.41578056874999997 0.26658672499999997 0.41473084374999997 0.2749094109375 0.41760701874999995 0.2888935828125
10 0.207842825 0.748676978125 0.20604229375 0.7676443453124999 0.207132175 0.7847071375 0.21338080937499998 0.8153366546875 0.21374410312499997 0.82102425 0.22407160468749998 0.8420265718750001 0.23417454375000002 0.8579413625000001 0.24478375468750002 0.8703861953124999 0.26449759375 0.8897969874999999 0.2918214640625 0.9045637375 0.31041398125 0.9119210000000001 0.3337046625 0.91541693125 0.3525359765625 0.911972975 0.366561840625 0.9067810140624999 0.3784967546875 0.8987191765625001 0.41905680156249997 0.857027309375 0.42803119531249995 0.8438779562500001 0.432307428125 0.8345899296875 0.434103709375 0.825380184375 0.43471578437499997 0.814135434375 0.4330352875 0.8094392593749999 0.42588288125 0.8047431109375 0.4222129875 0.799159890625 0.4175018640625 0.78238410625 0.41529215312499995 0.766651903125 0.41217271718750004 0.7233165890625 0.4127546234375 0.6805552359375 0.4178043921875 0.625218525 0.40833222343750003 0.6223225921875 0.3964931265625 0.6287407671875 0.368500034375 0.638863784375 0.34213305 0.64418625625 0.321382446875 0.6537352640625 0.3125295734375 0.6566051953125001 0.30151712656249996 0.6629972765625001 0.285662053125 0.6690241218749999 0.2709911859375 0.6770859734375 0.25228287968749996 0.6836346296875 0.24138770625 0.6895049109375 0.23668954687500002 0.693366240625 0.2259817578125 0.7057068171875 0.21812719687499998 0.7175255828125 0.21100920781250002 0.7345884140625001 0.207842825 0.748676978125
11 0.47265536875 0 0.471712784375 0.00067815625 0.4387340828125 0.019593498437500002 0.42247428593749997 0.031073134375 0.3847387875 0.0541107046875 0.34319615 0.08434910625 0.3242061328125 0.099455253125 0.29250320625000004 0.12851955937499998 0.2289543734375 0.1958057328125 0.21665765625 0.21156409531249998 0.19765340781250001 0.2425589921875 0.1938717609375 0.2472117109375 0.1895932359375 0.26624866406250003 0.190744259375 0.2672139859375 0.20619036406250002 0.27639755625 0.21819113437499998 0.2850854359375 0.25511018281250003 0.3058528171875 0.26819360937500003 0.314592871875 0.28055193906250003 0.32534185 0.3004102484375 0.34897920625 0.305995184375 0.358215003125 0.3123967875 0.3735558359375 0.31677754375 0.39301888125 0.320138534375 0.4024112296875 0.32501834375 0.4013937 0.346130753125 0.3841481703125 0.3814077578125 0.36231075 0.38854295781250003 0.35612740625 0.3948886859375 0.34858739375000003 0.3980450828125 0.3406299578125 0.406846328125 0.30512155625 0.4166344125 0.27130899375 0.4208305515625 0.26116 0.4347533765625 0.24060108750000003 0.4561317765625 0.2173027 0.46947970625 0.20660577343750003 0.5064100125000001 0.1847161640625 0.5118018296875 0.1838551703125 0.5205017359374999 0.19627392187499998 0.5264699359375 0.1989350640625 0.533104596875 0.1998481765625 0.5391843359374999 0.1983610234375 0.544847878125 0.19507366718750002 0.5580570781249999 0.18377667343749998 0.5616296703125 0.17761944062499999 0.5662405125000001 0.15588652812499998 0.5655196625000001 0.1481378296875 0.5629481453125 0.1401021515625 0.559870353125 0.1355364328125 0.5584458625 0.1309185296875 0.5527279328125 0.124709159375 0.5385818171875 0.1036546765625 0.5191195203125 0.044169793750000005 0.5080983640625 0.020167134375 0.500268471875 0 0.47265536875 0