15 0.46832820625 0.30746844218749997 0.45391569374999996 0.2880033015625 0.44741925781249997 0.28392074843750004 0.44163213125 0.2830827 0.4261629078125 0.29242791874999996 0.4190791890625 0.3032820015625 0.40738809062500003 0.307479840625 0.40337422343749996 0.3147530578125 0.40260908906250004 0.32647306249999997 0.4061556140625 0.3426955921875 0.4128898625 0.35427433750000004 0.4215721125 0.3627479359375 0.4183275203125 0.377545215625 0.4212826109375 0.38946031875 0.4260667921875 0.39452218125 0.4371695640625 0.40044995937500005 0.452526090625 0.4162227484375 0.48134697187500003 0.43590895625000003 0.49032493749999995 0.44653626874999996 0.5213885015625 0.4604600296875 0.542177503125 0.475448609375 0.5470195859375 0.4751679953125 0.5629023921874999 0.46691357031249997 0.567860271875 0.4559480015625 0.5757122375 0.4478069609375 0.596314075 0.41627976406249995 0.6041050296875 0.39904815312499997 0.604280803125 0.39264275625 0.524315621875 0.3424776953125 0.5191767859375 0.3357935796875 0.5104955765625 0.332131 0.504707409375 0.3264819359375 0.47860379999999997 0.3112146359375 0.46832820625 0.30746844218749997
15 0.5264673609375 0.4628645859375 0.48636793437500003 0.4436559921875 0.454832884375 0.4339839171875 0.437353621875 0.4325326921875 0.41532799843749996 0.4335158 0.39856115000000003 0.44974213125 0.39265821875 0.4595890359375 0.3832170546875 0.491701540625 0.383990471875 0.5184696671875 0.3896039046875 0.5353351453124999 0.402303125 0.5509685734375 0.42226391874999997 0.5589645515624999 0.434430646875 0.5697590921875 0.46939020468750003 0.5774725578125001 0.5110240390625 0.5924852078125 0.52419268125 0.594244921875 0.535411253125 0.5894877484375 0.55430290625 0.5685618875 0.574902671875 0.5274126546875 0.58251060625 0.48290932968750006 0.5800880109375 0.47583311406249995 0.5700481578125001 0.46996107656249997 0.5495579796875 0.47155925625000006 0.5368618640625 0.470358878125 0.5264673609375 0.4628645859375
15 0.7937547078125 0.3036874203125 0.8073234703125 0.24399471250000002 0.803720084375 0.23792567656250002 0.7965153796875 0.23540962968749998 0.7055798046875 0.24560809374999998 0.6684385749999999 0.2527476546875 0.6527915125 0.2588762359375 0.6487786796874999 0.2709604671875 0.64524044375 0.29322606875 0.632195890625 0.319269534375 0.629541696875 0.3335632234375 0.6312570562500001 0.34701696718749997 0.6411221734375 0.36410541875 0.6606714453125 0.3806326375 0.68630149375 0.3905295859375 0.7314177359375 0.3982411484375 0.742164821875 0.39773566250000003 0.7555681703125 0.3925585140625 0.7782348406249999 0.352052228125 0.78838841875 0.3376172796875 0.7914572375 0.3292253984375 0.7937547078125 0.3036874203125
15 0.279287571875 0.48892387656249997 0.29168071875 0.454293428125 0.3216068859375 0.3965276640625 0.319657853125 0.3948217953125 0.294032984375 0.40897992656250004 0.2691143109375 0.4119495171875 0.2590175953125 0.41623097343750004 0.2501027125 0.42431626875 0.24296108749999998 0.44051282656249996 0.2313899375 0.45326977968750004 0.23410721250000002 0.45768869375000004 0.24792725781249997 0.4680353890625 0.2599781859375 0.48951488125 0.269487609375 0.5001700625 0.2720859765625 0.50084088125 0.279287571875 0.48892387656249997
15 0.44934147031249994 0.43529958124999996 0.4176192515625 0.379111725 0.413307596875 0.374609196875 0.4053946234375 0.3736596625 0.313404415625 0.42229050937499996 0.2844222609375 0.4763639265625 0.28300675937499997 0.48430796249999997 0.2782835859375 0.48833667500000005 0.2760409078125 0.49409912343749995 0.27645553437500003 0.5000009328125 0.28242050625 0.5040556140625 0.282125825 0.5067129203125 0.276989065625 0.5096508375 0.283191853125 0.521201709375 0.2937642015625 0.5319126359374999 0.296955034375 0.5417019 0.30581409375 0.548581115625 0.326900884375 0.5753454421875001 0.3312735484375 0.5889385421875 0.3639842125 0.5735483593749999 0.383527275 0.5612094812499999 0.3962812890625 0.5570673828125 0.40442896875 0.5510800609375 0.3914929625 0.532761459375 0.3854070125 0.515336646875 0.38776134687499997 0.479645178125 0.3901808328125 0.4722883453125 0.40428830624999995 0.44630062343750004 0.4133799984375 0.436620946875 0.42282738125 0.43337454218750004 0.44934147031249994 0.43529958124999996
15 0.63013209375 0.33305963437499997 0.6370369359375 0.31417790156250003 0.6362097578125 0.3119963140625 0.6261120078125 0.31146675625000003 0.6105249171875 0.3218748921875 0.5976551 0.33670194375 0.58059564375 0.3652076078125 0.579771575 0.37745907343749996 0.5937094921875 0.386742846875 0.60144565625 0.3892867640625 0.6035725328125 0.3942092671875 0.6013898281250001 0.4042512734375 0.602453784375 0.4091180328125 0.621589471875 0.42455445625 0.6610385296875 0.43998708750000004 0.7032048625 0.459838628125 0.7141887234375 0.46201831406249994 0.7245790828125 0.45026853750000007 0.7437054453124999 0.4224058171875 0.7567499984375 0.3963623515625 0.757161515625 0.3878311125 0.7541495625 0.38606950156250003 0.7457061640625 0.3899031125 0.7315345765625 0.39236721406249997 0.7103350890625 0.3907208859375 0.6900206812499999 0.3859136703125 0.6650399671875 0.374981671875 0.644605615625 0.3616153453125 0.6317885171875 0.3470448390625 0.63013209375 0.33305963437499997
15 0.6549163203125 0.2541767046875 0.641866584375 0.25616509062500004 0.640035425 0.2533963015625 0.6363151984375001 0.253201196875 0.6038392453125 0.261654521875 0.5610866578125 0.2615506359375 0.5050485953125 0.265560975 0.5037530375 0.2820641234375 0.5130318984375 0.318900228125 0.5129739984375 0.32424270625 0.5103177328124999 0.328914365625 0.5115584984375 0.332186740625 0.5376631421875 0.35226505625 0.5545520078124999 0.3542198671875 0.5817722937500001 0.3449563671875 0.5892706390625 0.3400040921875 0.5957660390624999 0.33927563125 0.6053891921875 0.329623825 0.6206226671875 0.322404453125 0.625995175 0.317340690625 0.6363286687499999 0.31574440937500003 0.651203346875 0.28765871875000004 0.6576346296875 0.263406634375 0.6549163203125 0.2541767046875
15 0.854923428125 0.542632453125 0.8488354031249999 0.5155856109375 0.83915020625 0.5113358265625 0.8067900531250001 0.5091042 0.7955115078125 0.509581815625 0.77626209375 0.5144523734375 0.7626819359375 0.5212239015625 0.758490225 0.5252804859375 0.725671009375 0.5850327359375 0.72295684375 0.5950468718749999 0.72526053125 0.59837499375 0.7227852140625 0.6206963359375 0.72368065 0.6656456046875 0.7216809703125 0.7029593281250001 0.7247528937500001 0.709000496875 0.762664434375 0.7141960171874999 0.779552265625 0.7113398140625 0.828387696875 0.7144354609375 0.8558995546875 0.68808160625 0.8966379578125 0.6581449890625 0.8979355859375 0.6512638749999999 0.8962750171874999 0.61803460625 0.891015203125 0.597980365625 0.860300078125 0.5568127578125 0.854923428125 0.542632453125
15 0.307033215625 0.7255815375 0.334671234375 0.7366528953125 0.345183609375 0.7430842640625 0.3709346375 0.7663513421875 0.3957985171875 0.783157278125 0.4286341828125 0.8169523734374999 0.46746401562499995 0.8189887390624999 0.4690284125 0.8169325781250001 0.47516915937500004 0.8145818640625 0.49358828906249996 0.7930966703125 0.511590721875 0.7560876359375001 0.5217308328125 0.679109475 0.518715771875 0.6629148140625001 0.5213699640625 0.6486211234375 0.5207774984375 0.6395026796875001 0.516285925 0.6221614843750001 0.51486524375 0.6060504390625 0.510021090625 0.5967090234375 0.50086631875 0.5876760937500001 0.485098275 0.5804345484375 0.4282288921875 0.5630192375 0.3864244625 0.5784670625 0.3757383890625 0.588063121875 0.3507680296875 0.6252412859375001 0.3521866421875 0.6317303 0.349118859375 0.6449331984375 0.3115744 0.699092128125 0.30319408281250004 0.72163834375 0.307033215625 0.7255815375
15 0.7421234953125 0.48005439843750003 0.6849563234375 0.4508633390625 0.6456840749999999 0.4338363328125 0.6212358546875001 0.42774322187499997 0.6154497609375 0.431716190625 0.591484425 0.47429257500000005 0.5795617281250001 0.49986032031249994 0.5678189515625001 0.5382667359375 0.5553058578125001 0.5643380734375001 0.5442672015625 0.5819339140625 0.5254334468749999 0.5975172984375 0.519767296875 0.6100493796875 0.5246703859374999 0.6188593359375 0.5334115703125 0.6268014703125 0.5865049 0.6589861890625001 0.624537421875 0.6775518375 0.6505210859375 0.6842600234375 0.6685318078125 0.6857391203125001 0.6764427078125 0.67706661875 0.6859448828125 0.6540446906249999 0.6941504609375 0.6427148890625001 0.7022360984375 0.6228259765625 0.7205952578125 0.5970612281250001 0.7283862125 0.579829615625 0.7720672734375 0.504075909375 0.7720073000000001 0.4997963546875 0.7421234953125 0.48005439843750003
15 0.427224909375 0.5624320296875001 0.4374384578125 0.5522766390625 0.438323534375 0.54911575 0.43672915156250003 0.5490321328125 0.41984132656249995 0.5518883359375 0.39935010625 0.548675503125 0.373784175 0.5623021734375 0.3403073421875 0.5846013421875 0.3308010234375 0.5883792109375 0.3312797625 0.617804640625 0.3426823953125 0.6451301984375 0.3453396984375 0.6452695578125 0.35100688281250003 0.6375484953125 0.379104996875 0.5914469875 0.4031933828125 0.5718627625 0.427224909375 0.5624320296875001
15 0.8184688250000001 0.7219335515624999 0.8179363296875 0.7170946625 0.8139793265625 0.7142143859375001 0.7807919937500001 0.7098011750000001 0.7709899609375 0.7114253265625 0.7199108140625 0.7092811109375 0.7011928593750001 0.7141795421875 0.69528889375 0.71921543125 0.6858415140624999 0.7224618375 0.653605446875 0.748033384375 0.6479382593749999 0.7557544484375 0.6256210609374999 0.7738279078125 0.618300559375 0.7819968171875 0.616589340625 0.7877871375 0.62001488125 0.790639540625 0.6279867921875 0.791057615625 0.637965634375 0.78783908125 0.649244175 0.7873614640625 0.7391199421875 0.7915403078125001 0.752051803125 0.79061484375 0.760967721875 0.787340565625 0.777263084375 0.77536591875 0.7881259640625 0.7641754765625 0.8035931109375 0.745208228125 0.8082552749999999 0.73208894375 0.813982434375 0.7286474359375 0.8184688250000001 0.7219335515624999
15 0.5203825578125 0.7250101812499999 0.5118802234375 0.7293752515625 0.5074579453125 0.7596127593750001 0.4789462453125 0.804623471875 0.4763499515625 0.8135746875000001 0.4795990328125 0.8196251421875 0.5488194359375 0.8232552984374999 0.5760256781249999 0.8065073406250001 0.59019623125 0.799232225 0.60401316875 0.7951458703125 0.6155853546875 0.7871999359374999 0.6204822296875 0.7671437937500001 0.6178238921875 0.7621934203125 0.6012896796875 0.7618608578125 0.5928442109375001 0.7560724343749999 0.562253171875 0.74270800625 0.542940678125 0.7288659609375 0.5203825578125 0.7250101812499999
15 0.6160919546875 0.6717634125 0.5736299046875 0.6497581593749999 0.5376632546875 0.62702444375 0.5308132015625 0.6261306546875 0.5256175046875 0.6296000328125 0.522961240625 0.6342716890625 0.51930616875 0.6624112249999999 0.521494053125 0.6764243015625 0.5152426890624999 0.71351505 0.5164844875 0.72159844375 0.5249888921875 0.7268554078125 0.5519765421875 0.7341507968750001 0.5812658078124999 0.735152275 0.5977989828125 0.7306738187499999 0.6085439953125 0.72054629375 0.620114109375 0.7029783296875001 0.6234776109375 0.6919291421875 0.6236523453125 0.6807127296875 0.6160919546875 0.6717634125
15 0.7243330921875 0.6790436046874999 0.7236144624999999 0.632499953125 0.72042155625 0.6130886578125 0.7146933640625 0.61171915 0.7071350437499999 0.61239186875 0.6910806078125 0.64629575625 0.6813395828125001 0.657010478125 0.6724236625 0.6602847578125 0.6737854078125001 0.6769272609375 0.668827525 0.6878928328125 0.6557188578125001 0.6904126765624999 0.6501674703125 0.6874487859375 0.623476571875 0.6871181265625 0.6150373203124999 0.7101958015625 0.6156897609375 0.7235938 0.6266736234375 0.7257734859375 0.6360620671875 0.7230585390625001 0.6462187562499999 0.7230566406250001 0.657675140625 0.7257956578125 0.6628708390625 0.7223262796875 0.6889113671875 0.7188809734375 0.697590509375 0.7129215203125 0.7215041609374999 0.7045537093750001 0.7243330921875 0.6790436046874999
15 0.79914896875 0.399655003125 0.7849732359375 0.38287503906250003 0.771802521875 0.37149329531249997 0.7680822984375 0.37129819375 0.7581634296875001 0.378796284375 0.73862555 0.41519024375 0.721210403125 0.4372626421875 0.714542340625 0.45882955000000003 0.7190318437500001 0.4665487125 0.7833458156249999 0.5035982906250001 0.8059039374999999 0.507454075 0.8392081078125001 0.50599335 0.842219025 0.5029439453125 0.84339878125 0.49712575000000003 0.8432736593750001 0.464511559375 0.839371446875 0.4418557578125 0.8354134078125 0.434164465625 0.79914896875 0.399655003125