4 0.1801376546875 0.15059854687500002 0.1873439640625 0.1646291578125 0.23602413281249998 0.2212134421875 0.24744509531249997 0.22645385 0.2519713171875 0.22576317031249998 0.2634976890625 0.23797069375 0.2692608734375 0.244074459375 0.29044885468750004 0.23269419687499998 0.28653645625 0.223980278125 0.27676012499999997 0.2149973046875 0.2770670375 0.21029500625000003 0.2772685375 0.19862559062500001 0.2738692140625 0.186341778125 0.24649175156249997 0.1509479953125 0.2239520796875 0.12296305156250001 0.2105749171875 0.1133656828125 0.2054348734375 0.12346096718749999 0.2025579375 0.1332109078125 0.1931939265625 0.12649275 0.18918543593749998 0.1364153578125 0.1801376546875 0.15059854687500002
4 0.6506805890625 0.7037921140625001 0.6579829953125 0.6991861984375001 0.6769078640624999 0.688151278125 0.669802303125 0.6682859578125 0.6218413671875 0.609264190625 0.6118588734375 0.599148809375 0.6000255890624999 0.5916435859375 0.5654557890625 0.5806246515625 0.540043840625 0.575191475 0.5308859890625001 0.569605721875 0.5197719375000001 0.5596630109375 0.51359643125 0.5512944359375 0.501556984375 0.5426568015625 0.48225257343749994 0.5525857703125 0.48510604687500003 0.567280609375 0.4904569109375 0.5711195578125 0.4915931234375 0.5837487125 0.4928300890625 0.5905431546875 0.4880016140625 0.608737959375 0.48719094375000005 0.6426137953125 0.491927984375 0.6558573437499999 0.5079898953125 0.6929778328125 0.526621825 0.72505068125 0.585155790625 0.720774115625 0.6185893765625 0.719163896875 0.630418003125 0.713867296875 0.6446104906250001 0.7023906515625 0.6506805890625 0.7037921140625001
4 0.5391044703125 0.5380910828125 0.51178100625 0.542260528125 0.5207980859375 0.5525232250000001 0.530780578125 0.56263860625 0.542306953125 0.5748461328125 0.5576356515625001 0.5759986406250001 0.5391044703125 0.5380910828125
4 0.7440912875000001 0.6015465343749999 0.7587646921875 0.5499419875 0.7646063328125 0.5093174109375 0.7596007421875 0.5016529953125 0.7375671796875001 0.5062192578125 0.7212835390625 0.5159282828125 0.7068106171874999 0.5289731078125001 0.697238778125 0.5557184703125 0.7081073265625 0.5889770015625 0.7367481859375 0.6074832015625 0.7440912875000001 0.6015465343749999
4 0.46823346718750003 0.5640359609375001 0.47512355156249997 0.5571652328125001 0.48407058125 0.5488167515625 0.49321911875 0.52879885625 0.4981530046875 0.5175711703125 0.497731365625 0.4897027109375 0.48630574531250004 0.4716604765625 0.4636699828125 0.46231206093750005 0.43507884375000005 0.4841329484375 0.421001084375 0.5281803515625 0.4232688515625 0.5406368328125 0.42738740937499997 0.5504831609374999 0.433668325 0.5658188515625 0.44645066718750004 0.5731792546875 0.45949259375 0.5735168453124999 0.46823346718750003 0.5640359609375001
4 0.685051815625 0.45180748125000003 0.67126233125 0.4399452984375 0.66169215625 0.43209473281250005 0.6418372359375 0.43163290937500004 0.6374164234374999 0.43929070625 0.6252808859375001 0.449289603125 0.6214738984375 0.4475428 0.6121098859375 0.4408246421875 0.5949303953125 0.44228228906249994 0.5898911015625 0.446542865625 0.578277953125 0.4785755171875 0.5824011687499999 0.501223665625 0.5934144671875 0.5170010781250001 0.60520901875 0.531495415625 0.6050509078124999 0.5489775421875 0.604437084375 0.5583821437500001 0.6083541390625 0.5798978828125 0.6116527109375001 0.5980164015625 0.6312053796875 0.6159823484375 0.6505565468750001 0.6456177078125 0.6780347625 0.6751767875 0.6881180046875001 0.6794574578125 0.713726796875 0.6604194015625 0.7361424265625 0.630229940625 0.736032359375 0.610461003125 0.7267690984375 0.5979081374999999 0.70639644375 0.5882143828124999 0.6959923140625001 0.5502305421875 0.69053138125 0.52662265625 0.692065940625 0.5031111578125 0.69586826875 0.4920561390625 0.6898942625 0.472018146875 0.685051815625 0.45180748125000003
4 0.46339102812500005 0.5679239375 0.44777921093749995 0.570306234375 0.44414818125 0.58892084375 0.42357058125 0.5970777109375 0.41107081875 0.6220624640625 0.40806006874999995 0.638575696875 0.3848236265625 0.6541618296875 0.3611481859375 0.6838620343749999 0.33437135625000003 0.724069121875 0.37154006562499997 0.7244175140625 0.41642759218750003 0.7286048609375 0.440556240625 0.7289363843750001 0.44179324218750005 0.7136971828124999 0.4495049578125 0.6954632421875 0.4540246375 0.681729840625 0.46049579218750003 0.6676986546875 0.47131245312500003 0.649994275 0.4840805890625 0.6319921078124999 0.48354029218749994 0.6069904859374999 0.4861084953125 0.5935548734375 0.48734549843749997 0.5783156703125 0.4772291 0.5668156718749999 0.46339102812500005 0.5679239375
4 0.19038362343749998 0.7329973140625 0.19272539375 0.7326399703125 0.20261927968750001 0.714273709375 0.1996291515625 0.6846291078125 0.20452170781249998 0.6718421718750001 0.24282185312500001 0.60459193125 0.2060125453125 0.34291303125 0.188014171875 0.31676265625 0.149261890625 0.3022074890625 0.11372002187500001 0.31189675 0.19038362343749998 0.7329973140625
4 0.3026735796875 0.35826385781250003 0.292670925 0.3694225015625 0.2708676953125 0.4281352078125 0.278537103125 0.44382138125 0.27939447031250003 0.46175108125 0.2964309734375 0.47600787968749997 0.3172936484375 0.47162028749999996 0.32899825 0.45658983124999997 0.350709765625 0.4436444625 0.353778815625 0.387790515625 0.3506884453125 0.3774257734375 0.33588494999999996 0.3556040171875 0.3120406703125 0.3568344765625 0.3026735796875 0.35826385781250003
4 0.33679774687499997 0.545702309375 0.3210451703125 0.551718190625 0.32083615625 0.5637904375 0.33052529375 0.5707401671875 0.3290408890625 0.5890272078125001 0.347461553125 0.604276825 0.350551921875 0.61464156875 0.410911215625 0.6222874921875 0.4267640390625 0.5969917484375 0.44209006874999995 0.5886328859375001 0.43846437343750005 0.56871755 0.43005062812499995 0.5555530281250001 0.35616749531249997 0.5331142859375 0.3397750859375 0.5356156984375 0.33679774687499997 0.545702309375
4 0.293875925 0.475193734375 0.28664585625 0.5015817499999999 0.28856534375 0.512125165625 0.31038989375 0.51963115 0.3164618640625 0.5331530171875001 0.35658978124999996 0.5222135296875 0.40608052499999997 0.4966009234375 0.4106510375 0.475434884375 0.4333201640625 0.46113935625 0.4347000625 0.448888434375 0.42096294375000004 0.43292413124999995 0.3979717734375 0.4388405546875 0.38498325312500004 0.43359833593749997 0.3287849734375 0.4554183390625 0.31590948750000003 0.47062747031249996 0.293875925 0.475193734375
4 0.5012486265625 0.5037513171875 0.5122131546875 0.5044862484375 0.5155082734375 0.48953500625 0.5355178453125 0.48046145625000003 0.587233065625 0.4207964171875 0.6070293609374999 0.4105513765625 0.6384214890625 0.378068259375 0.6688432140625 0.3072040921875 0.6676680625 0.2941390265625 0.658187940625 0.2751170515625 0.6351882343749999 0.25454600156249996 0.612297303125 0.2411825625 0.556299509375 0.2244428421875 0.5302222296875 0.233238265625 0.5063864765625 0.26095620625 0.502347025 0.278429103125 0.50683435 0.32951787499999996 0.5005576296875 0.341311990625 0.49918626093749996 0.380050390625 0.4519199921875 0.3716105578125 0.4431884640625 0.36331067031250003 0.4230701203125 0.36517660625000004 0.4138118015625 0.3738135984375 0.408927771875 0.413088009375 0.399778221875 0.42893261718750003 0.402442040625 0.436954375 0.41883444843750006 0.43445296562499996 0.42831031093750005 0.440231203125 0.44194292187500006 0.46223163125 0.4713238515625 0.464972440625 0.4851654734375 0.474900621875 0.5012486265625 0.5037513171875
4 0.733815659375 0.4261213578125 0.694432075 0.43453919374999994 0.679959153125 0.4475840171875 0.6924251406249999 0.48300685625 0.68647899375 0.5296675546875 0.697238778125 0.5557184703125 0.708408053125 0.5311374140625 0.724265140625 0.5190854109374999 0.76439305625 0.5081459234375 0.77950794375 0.465576515625 0.7673328015624999 0.3987004453125 0.733815659375 0.4261213578125
4 0.37877692500000004 0.33340642656249997 0.360682571875 0.339779653125 0.350153125 0.3678751796875 0.3535655421875 0.3866190234375 0.346339740625 0.42625078125 0.350709765625 0.4436444625 0.3875383015625 0.43441248125 0.40265531875000005 0.438125865625 0.41084725625 0.42363142187499997 0.415513746875 0.369941784375 0.41210132968749996 0.3511979375 0.398790765625 0.3375766140625 0.37877692500000004 0.33340642656249997
4 0.451760053125 0.20547808750000002 0.4354806796875 0.22843085156249998 0.38599420156250003 0.2672871921875 0.38152819375 0.2824171125 0.402817425 0.2803725015625 0.4400810375 0.2999709765625 0.45529403281249997 0.2711607625 0.48243343125000004 0.25497905468750004 0.4970108609375 0.23589810781249998 0.497646425 0.2261688390625 0.49232305 0.22336905625 0.48869735625 0.20345372031250003 0.48294743125000006 0.198310959375 0.451760053125 0.20547808750000002
4 0.35735760625 0.2620247328125 0.3441472828125 0.229123546875 0.3162592890625 0.23458316875000002 0.258785615625 0.2626179703125 0.25069818125 0.2710762859375 0.248147396875 0.283505878125 0.2731668265625 0.2953404828125 0.2936114796875 0.3150973890625 0.319262209375 0.3039589859375 0.3372520546875 0.3036218828125 0.35672630625 0.2849977359375 0.35735760625 0.2620247328125
4 0.6005799140625 0.216481809375 0.5934543531250001 0.23683370468749998 0.6187915640625 0.24380367343749998 0.648285525 0.26699583437499996 0.6602119281250001 0.2796243421875 0.6700140984375 0.3070254203125 0.7007749249999999 0.2975153078125 0.7280273562499999 0.301784953125 0.74325314375 0.312705953125 0.75202355 0.314609259375 0.7403753984375 0.250627865625 0.7141686765624999 0.2388818203125 0.6385750703124999 0.19382741875 0.6005799140625 0.216481809375
4 0.4147886359375 0.101552553125 0.41491872812499997 0.17497885468750002 0.4511116984375 0.17547614375 0.4703769359375 0.16892424374999998 0.49560537812499994 0.1686866 0.5043283749999999 0.1504990109375 0.5095344515625 0.11960370468749999 0.5197503828125 0.10961655 0.510475003125 0.0652785875 0.4890770046875 0.06011558593750001 0.4773638796875 0.04865856875 0.46586829218750003 0.0516167828125 0.44808745781250003 0.039881634375 0.43531647500000004 0.0490546453125 0.4147886359375 0.101552553125
4 0.422370596875 0.1762498046875 0.39469587968750003 0.1828809171875 0.3481867359375 0.21165065 0.3893980875 0.2595435640625 0.398765178125 0.258114184375 0.41281154999999997 0.24272638125 0.432394571875 0.23130984843750002 0.45410182499999996 0.20512074375 0.4866733640625 0.19894643125 0.49646274375 0.1866162984375 0.48389651406249995 0.170473321875 0.44611037031249995 0.1810554640625 0.422370596875 0.1762498046875
4 0.1614932828125 0.27024014687500003 0.17373746875 0.27800401875 0.184919534375 0.293154178125 0.1923714078125 0.29442512656250003 0.21695575625000002 0.2774292703125 0.24930549218750003 0.24359599375 0.2473860078125 0.23305257968749998 0.191588696875 0.1777531375 0.176049390625 0.184940509375 0.10745336093749999 0.2774750171875 0.1128844359375 0.3073070171875 0.11860556874999999 0.305681475 0.12040775468750001 0.2825298 0.1337097921875 0.269663646875 0.1614932828125 0.27024014687500003
4 0.5008882046875 0.37617857187500003 0.5045970843750001 0.3238390953125 0.486389696875 0.3097609703125 0.45881948437500003 0.310355959375 0.44285362812500007 0.31520035156250004 0.4365769078125 0.32699446875 0.4382873796875 0.34961012812500003 0.444572628125 0.3643034875 0.46448195937500003 0.3745098 0.5008882046875 0.37617857187500003
4 0.443698203125 0.2933988375 0.4441290171875 0.3089855546875 0.49032890625 0.311567934375 0.502568828125 0.3060880703125 0.503404878125 0.2577990765625 0.4920137953125 0.254721165625 0.4605086359375 0.26675293125 0.443698203125 0.2933988375
4 0.23449982343750003 0.545660071875 0.2655826953125 0.5445290671875 0.28303295624999997 0.5213976312499999 0.2911118625 0.48645183437500006 0.27394953437499997 0.41201247187499995 0.2469146484375 0.42215805624999997 0.225207390625 0.448347159375 0.22383175781250003 0.47384181875 0.23449982343750003 0.545660071875
4 0.2767562359375 0.5331917484375001 0.2629231421875 0.54975104375 0.277091075 0.581302065625 0.279550146875 0.6146398125 0.3363008046875 0.65534535625 0.3689811125 0.65637865625 0.38164332343749996 0.6399980359375 0.377804353125 0.618911209375 0.34724827343750003 0.603105334375 0.3307385671875 0.57191165625 0.3037996578125 0.549533640625 0.296343521875 0.5350189546874999 0.28963598749999997 0.531226353125 0.2767562359375 0.5331917484375001
4 0.50167735 0.1822084640625 0.48688664218750005 0.20011792343749998 0.491469946875 0.2186830953125 0.498921815625 0.21995404375 0.5050982921875 0.2274397875 0.49796847031249997 0.2345479421875 0.4927581296875 0.252199515625 0.5053200984374999 0.255098753125 0.54533498125 0.22370791250000002 0.554271253125 0.2066918171875 0.5337178328125 0.1797272953125 0.5316853125 0.1487325328125 0.516781575 0.1461906375 0.5054992625 0.1503203390625 0.50167735 0.1822084640625
4 0.2168555140625 0.2967091359375 0.1996185296875 0.321012059375 0.2086763671875 0.35093479375 0.21732470468749998 0.43148949375 0.2256296796875 0.43744640312499994 0.2404246515625 0.43278068437500006 0.2537266875 0.41991453125 0.27043687968749996 0.41254848906249997 0.294795159375 0.354649928125 0.2959617796875 0.34122751875 0.28786155468749997 0.3099546234375 0.2741244359375 0.293990321875 0.24857394843749997 0.2858488609375 0.2168555140625 0.2967091359375
4 0.360578065625 0.3458157765625 0.35460633750000004 0.313014046875 0.3460880875 0.3058856484375 0.32192176250000004 0.2987370078125 0.2876482765625 0.3087831359375 0.2958572734375 0.3472636421875 0.304802078125 0.3567350234375 0.3323722890625 0.3561400359375 0.3495132984375 0.36436070468750004 0.360578065625 0.3458157765625
4 0.10955199687499999 0.28900248125 0.1138229875 0.3124623265625 0.158524475 0.306814234375 0.18577690468750002 0.3110838796875 0.18470625937500001 0.2919826890625 0.1765057921875 0.27998965625 0.16266416875 0.270061475 0.14403449375 0.2668841078125 0.1280686390625 0.271728496875 0.10955199687499999 0.28900248125