27 0.6063974921875 0.669880034375 0.621925746875 0.6869331843750001 0.626667528125 0.693648184375 0.6328135265625 0.706540284375 0.6391888078125 0.72443143125 0.6427919515625 0.7302167453124999 0.6749259796875 0.7682649078125 0.6954921609375 0.7957743796875001 0.7025723312500001 0.8013365828125 0.7073331859375 0.8030366000000001 0.715783128125 0.8042492140625 0.7237841328125 0.8092509578125 0.7266727609375 0.8135779890625001 0.7300523671875 0.8161187 0.732371678125 0.8199808859375001 0.74608308125 0.8348944218750001 0.75153938125 0.8430677062499999 0.763330771875 0.856851003125 0.7785628859375 0.8701628328125001 0.79114325 0.8756227984375 0.8020462171875 0.8781821390625 0.8151786781249999 0.8788436078125 0.830892140625 0.876581890625 0.8378041453125 0.8741328703125 0.844710409375 0.8699293984375001 0.86775036875 0.8509028484375 0.8719915437499999 0.8456169453125 0.9092814875 0.81088543125 0.9384768921875001 0.78594876875 0.9452322140625 0.7789974156249999 0.9517276984375 0.7685531046875 0.9551932390625 0.7648211 0.95656875 0.762225959375 0.94800195625 0.7036132796875 0.9059030171875 0.6677086562500001 0.884971984375 0.647993928125 0.848929221875 0.6192213421874999 0.8321649140625 0.6040023234375 0.778291803125 0.5595777484375 0.7655853171875 0.5481093609375 0.74548344375 0.5323524374999999 0.7343932343749999 0.5267968562500001 0.7303717109375001 0.5232945828125 0.7273378796875 0.5179741140624999 0.720735353125 0.5173950203125 0.70480983125 0.51992103125 0.6917366359375 0.526525715625 0.6532965796875 0.5568186453124999 0.630189759375 0.577102928125 0.6078337625 0.599093846875 0.6008052625 0.609321675 0.5954713765624999 0.6277134671875 0.5951237484375 0.64077155 0.5975806640625 0.65415105625 0.60129845 0.6624358906250001 0.6063974921875 0.669880034375
27 0.4786721734375 0.6570179015625001 0.4768325375 0.6804499328125 0.47934483125 0.6890628078125001 0.4821665984375 0.694647571875 0.49173035781249996 0.7000504140625 0.5019780734375 0.708417621875 0.5143826781249999 0.71439024375 0.5240553359375 0.7205381609375 0.5464420734375001 0.729630584375 0.5686663890625 0.7324662281250001 0.6098328328125 0.7328329859375 0.6252921953125 0.728832759375 0.6344088703125 0.7277464 0.6379470125 0.7245111140625 0.6391410234375 0.7206741796875 0.6382889031250001 0.7096985828125 0.632857421875 0.6982647625 0.6215875640624999 0.68118905625 0.6147500124999999 0.67385646875 0.6054116515625 0.6614199000000001 0.6015429234375 0.6503871796875 0.6001826015625 0.6359345609375 0.6013842078125 0.62357374375 0.6070142328125 0.60892326875 0.6183928078125 0.594154615625 0.6272381625000001 0.5860664 0.6314430390625 0.5805321421875 0.6465164375 0.567030534375 0.65586425 0.5606648937500001 0.682230290625 0.53866735 0.7015678296875001 0.5268976359375 0.7091886125 0.5241524453124999 0.723593425 0.5232281421875 0.732291721875 0.5244248203125 0.7510619796875 0.534501365625 0.7649376593749999 0.5453933531249999 0.770921234375 0.552028671875 0.781472684375 0.555613321875 0.782981915625 0.5505027218749999 0.7822138765625 0.543532734375 0.7681450328125 0.49530062499999994 0.75771193125 0.473658846875 0.7466178343750001 0.4560704859375 0.7377761875 0.44360204375 0.73026041875 0.43505953281250004 0.7260268375 0.431821553125 0.7154696421875 0.42648245781250005 0.7000197296875 0.411680475 0.6839030796875 0.399177465625 0.6496390140625 0.3825744609375 0.6244897703125 0.375163425 0.5916165828125 0.37150695312500004 0.5518734359375 0.3723023078125 0.516975225 0.37880329218750003 0.5017699609374999 0.3845420328125 0.4810511703125 0.39715244375 0.47447160312500003 0.403591140625 0.46285800468750005 0.41160629843749996 0.4583684703125 0.41690813281250005 0.45051081093749995 0.42317815625 0.428177775 0.45218686874999997 0.4160943078125 0.47928446406249997 0.4092989765625 0.506544115625 0.4084183265625 0.5193857140625 0.4091730328125 0.5331251296875 0.41368367656249994 0.545119409375 0.42781919999999996 0.5595043578125 0.43620228125000005 0.5619747015625001 0.4487711640625 0.5639257734374999 0.45552463281250005 0.567252746875 0.4714903421875 0.5770078734374999 0.4797148875 0.585254215625 0.48385105156249997 0.5912560140625 0.4870950828125 0.606590515625 0.48769884843750005 0.6175820453124999 0.48447980937499996 0.63157644375 0.4833145046875 0.64418561875 0.4786721734375 0.6570179015625001
27 0.30591150625 0.60016685625 0.31163709375000004 0.5930308921874999 0.31484279531250003 0.5858059265625 0.3212351203125 0.5763709875 0.337580871875 0.561283609375 0.34172463125 0.5587615265625 0.34987843125 0.556232825 0.36155129375 0.5554838203125 0.3716365875 0.55759425 0.38009226875 0.5605613140625 0.389499346875 0.5614618250000001 0.40283811875 0.5601045484375 0.40925340625000006 0.5576873984375 0.4116223546875 0.5550285140625 0.41155735 0.5460079140625 0.40813755625 0.531186065625 0.40926656406250006 0.5183285328125 0.4148143609375 0.489394115625 0.41780226249999997 0.480679 0.4212887328125 0.46165368124999995 0.4232220796875 0.4560144890625 0.42267757968749997 0.452289109375 0.41843825625 0.44729667968750003 0.4147262125 0.44076629062499995 0.409822009375 0.4277945109375 0.4036932328125 0.42016575468750006 0.3789201453125 0.37587944218749997 0.3699466359375 0.3556481296875 0.3638121171875 0.346264928125 0.357157921875 0.329895803125 0.3495275109375 0.3188537703125 0.344726465625 0.3048726171875 0.33709605625 0.29383058125 0.3325052171875 0.2898634625 0.31918551562499997 0.2862057546875 0.31046999531249997 0.27974573125 0.28884555624999997 0.2758688421875 0.271454696875 0.275229934375 0.25365120625 0.278628509375 0.2325636734375 0.2870008859375 0.22233706562500002 0.29592979218750004 0.21213527656250003 0.301598165625 0.20630653125 0.309743503125 0.1985883296875 0.31525251249999997 0.196230865625 0.321420296875 0.1897602 0.32860407187499996 0.1872938375 0.33402677812500003 0.181604546875 0.341411103125 0.17928338125 0.34782724374999996 0.1754720640625 0.3543390015625 0.17333814218750002 0.36375138749999997 0.170617675 0.3674355828125 0.1652323015625 0.40262677968749994 0.160129553125 0.4157392921875 0.1588744234375 0.42258840781250007 0.1591935296875 0.43334751718750003 0.16200010781250002 0.45598004062499997 0.16789996093749998 0.523788615625 0.167453059375 0.549888846875 0.17050225624999998 0.5707509875000001 0.1765547234375 0.5984396828125 0.17975097499999998 0.6100169296875 0.1845825796875 0.6224919921875001 0.19015926249999998 0.634919246875 0.1951073578125 0.63961550625 0.20000008125000002 0.64907839375 0.21732611406250002 0.6732861375 0.220990378125 0.676059271875 0.22857874687500002 0.6850984999999999 0.23846920468750002 0.6927365703125 0.2449857953125 0.699588378125 0.2504248703125 0.7024983171875 0.257686540625 0.709302315625 0.2716539 0.715676034375 0.27877036875 0.7214865984375 0.2821690515625 0.7190123234375 0.2847633921875 0.709319709375 0.2854166125 0.6812007343750001 0.2874129328125 0.6622710374999999 0.2921602765625 0.638151053125 0.29811885312499997 0.6154574765625 0.30591150625 0.60016685625
27 0.74865786875 0.39627583125 0.7443803921875001 0.40131337343749995 0.7322739609375 0.4213931765625 0.7301342953125001 0.4290511140625 0.7306176796875 0.43578867343749994 0.7511590375 0.466558678125 0.7651952890625 0.493985771875 0.7772485546875 0.5335731328125 0.7826113203125 0.5565430124999999 0.7849669312499999 0.56065355625 0.7898061328125 0.564604740625 0.7938696968750001 0.570109821875 0.8048624875 0.5784292234375 0.8261087375 0.596870284375 0.8319050734375001 0.600509365625 0.8371072703125 0.606944134375 0.8455323937499999 0.6114172875 0.8629328781250001 0.625843421875 0.8675657609374999 0.6318133484375 0.87542730625 0.6375761015625 0.880593203125 0.643762515625 0.8882732484375 0.6482834734375 0.8922642125 0.6532918375000001 0.9035722234374999 0.6603375734375 0.9120890218750001 0.660292459375 0.9249864578125001 0.654200428125 0.9329109765625001 0.6466726765625 0.9391447640624999 0.643013734375 0.8865461 0.283141828125 0.8751043734374999 0.2786115515625 0.8640084234375 0.27130151874999997 0.8432685187500001 0.2666158125 0.8310817140625 0.26213334375 0.8045263984375 0.258823540625 0.791963259375 0.2586269171875 0.78639620625 0.2599868890625 0.776780959375 0.2713834484375 0.768426584375 0.27768534375 0.7573995234375 0.29142868593750004 0.75748360625 0.29543430000000004 0.7615949515625 0.30469663593749996 0.76632525 0.30790274375000004 0.7766646453125 0.31175168593749997 0.781007125 0.3157347421875 0.78250690625 0.3294263484375 0.776938 0.3410646484375 0.772580328125 0.354129353125 0.7608617171875001 0.37343220781249997 0.757237640625 0.382940209375 0.7527118046875 0.3879936890625 0.74865786875 0.39627583125
11 0.30095766562500004 0.5937161515625 0.29794106249999996 0.593659028125 0.29548803281249997 0.5923123 0.293434303125 0.5936975203125 0.2931000078125 0.5999861703125 0.29521300156249997 0.6058671015625 0.295199665625 0.612636534375 0.29046565625 0.629987084375 0.2858635140625 0.655100503125 0.28239815468749996 0.691421940625 0.28301154687499996 0.716200696875 0.2873962484375 0.7547759921875 0.29012059843750004 0.7631245718749999 0.2950686984375 0.7678208343749999 0.3012834078125 0.769176875 0.3385850125 0.7705436875 0.348385646875 0.7724217 0.3663095203125 0.7732770953125 0.391768240625 0.777660015625 0.40024874062500004 0.777366540625 0.40697350468750004 0.7719212765625 0.4226658578125 0.7523634421875001 0.45990227656249993 0.7121202234374999 0.46520374843749995 0.705512846875 0.467845871875 0.6995774875 0.48341192343749995 0.6414217984375 0.4898385140625 0.6099241125 0.4876069921875 0.5895108812500001 0.4861359171875 0.5845915140625 0.4781539875 0.5745747875 0.46392678906249996 0.5647081078125 0.45195204375 0.5599613453125001 0.435506840625 0.5555014375 0.42642072343750004 0.5550817078125 0.42400399375 0.5539833421875 0.41450135625 0.545568321875 0.4108065328125 0.544301275 0.402018409375 0.5373445359375 0.39963798125 0.5364945265625 0.39314435 0.5366605109375 0.3925807765625 0.5379501125 0.3943250296875 0.53959300625 0.3955783046875 0.5430222203125 0.40044806250000003 0.5454673140625 0.4023012140625 0.5478552875 0.40756453125 0.5512778796875 0.40827905 0.5527361609375 0.406582578125 0.5548505203125 0.392582809375 0.56026121875 0.38768823124999996 0.5610766625 0.3846295875 0.5590167296875 0.3780576171875 0.5569315515625 0.3745691109375 0.5536457609375 0.3663675296875 0.5524172109375 0.351605459375 0.552612375 0.3424582234375 0.5552048234375 0.330554225 0.56123310625 0.3248897546875 0.5653568953125 0.3176567890625 0.5673251375 0.312756471875 0.56638613125 0.3062743265625 0.5700610125 0.305044015625 0.5736495890625 0.30698125 0.580043171875 0.30364183125 0.5897835953125 0.30095766562500004 0.5937161515625
11 0.434815046875 0.8646441796875 0.4488244453125 0.87302070625 0.456783409375 0.8760196406249999 0.462549184375 0.8811648078125 0.4743157578125 0.8982086421875 0.4772349453125 0.901029584375 0.48152390624999997 0.8995009375 0.4866553578125 0.8951606609375 0.4886383421875 0.8830003953125001 0.49195294062499995 0.8765205078125 0.4947154484375 0.8748391218749999 0.5040441828125 0.8734884656249999 0.5103868687500001 0.8705745984375 0.512962134375 0.8658969687500001 0.515938553125 0.85367295625 0.5198778468749999 0.842891290625 0.5230739203125 0.8218791031249999 0.5364162234375 0.7673757359375 0.5389990828125 0.7541742250000001 0.5396676734375 0.7415969234374999 0.5414443390625 0.7314554 0.541293396875 0.728707515625 0.53808955 0.72565415 0.5275323578125 0.7203150546875 0.5204158875 0.7145044890625 0.50541305625 0.706191709375 0.4849596640625 0.6914600937500001 0.47640082499999997 0.6895024000000001 0.47452285312500003 0.69037496875 0.468233690625 0.6988005390625001 0.45737090625 0.70852233125 0.44186579375 0.731076409375 0.43592240625 0.7367222250000001 0.426786653125 0.7428235671875 0.41151841874999995 0.7618528140625 0.40260046562499996 0.7694443093750001 0.3943072078125 0.7727340265625 0.3845543546875 0.7746132703125 0.3622631796875 0.7730353578125 0.3440966875 0.773950346875 0.3326531046875 0.7796984 0.330889775 0.783070490625 0.3301313640625 0.78988773125 0.330500103125 0.7941257687500001 0.3341930734375 0.8056711390625001 0.3488979125 0.8205209312499999 0.362943609375 0.829145815625 0.370690515625 0.8324090500000001 0.3813260484375 0.8399993109375 0.39355489375 0.8464845828125 0.4143731375 0.853421459375 0.42340961874999994 0.8603622609375 0.434815046875 0.8646441796875
11 0.699399040625 0.796777128125 0.6688277671875 0.7591300640624999 0.6593442031250001 0.7457000578125 0.645747440625 0.7332860484375 0.6355952890625 0.73243334375 0.6153387671874999 0.7344851953125 0.5967003734375 0.73217151875 0.5616340015625 0.7306612796875 0.5481748453125 0.7277645828125 0.5421531125 0.73115923125 0.53968675 0.7365819375 0.5339326343749999 0.7675350984375 0.5355776171875 0.782220140625 0.542988371875 0.8020503484375 0.551851128125 0.8318149125 0.5643131421875001 0.8553320109375001 0.5734088859375001 0.8695389640625001 0.5796045234375 0.8759099921875 0.58802964375 0.880383140625 0.6085574890625 0.885333146875 0.6188127984375 0.8851764781250001 0.644158734375 0.8767815453125 0.6609573078125 0.8699378171875001 0.692330715625 0.8599026875 0.701374790625 0.8583196093750001 0.7125872359375001 0.8578508359375 0.7399181859375 0.85960674375 0.74477071875 0.8567884921875001 0.746067890625 0.8519421859375 0.745148909375 0.8422243203124999 0.7329046953125 0.8201973734375001 0.7205860265624999 0.8079520375 0.7033842640625 0.80003104375 0.699399040625 0.796777128125
11 0.43160701562500003 0.44820650781250004 0.4385438375 0.4424969484375 0.45370891562500004 0.42447707343749996 0.4640023796875 0.41429043437499996 0.48367995468749997 0.39798651406249996 0.4891571859375 0.390866484375 0.49133889062499997 0.3852113546875 0.4695651859375 0.335718821875 0.46512140156250004 0.3224668109375 0.46183532656250004 0.3051295015625 0.45967251875 0.2731802125 0.4636708984375 0.23707526093750003 0.46595169687500004 0.18578855156250002 0.458359259375 0.1321271140625 0.4509007203125 0.1085396484375 0.4449362234375 0.09688934375 0.441054159375 0.0926260546875 0.43753509375000005 0.0908463578125 0.4345547890625 0.09103759375 0.41818607031250005 0.099107178125 0.387091584375 0.107620284375 0.363696221875 0.11563936718750001 0.32600495 0.12532783125 0.3158700203125 0.1297384734375 0.2896032484375 0.13869386718750001 0.28407823906249996 0.14205664375 0.2827084671875 0.146406234375 0.284874984375 0.157798865625 0.2962346640625 0.18063463125 0.30621883125 0.206065540625 0.3140059234375 0.2216099078125 0.3227177375 0.2486265859375 0.3284759203125 0.2622956359375 0.3331489859375 0.280546696875 0.3377322328125 0.29303769687500003 0.3458288015625 0.30555394687500004 0.35151438125 0.31872628125 0.35822395625 0.330328775 0.3795200203125 0.374838196875 0.39201259374999997 0.39684920468749996 0.41151273593750004 0.4239257046875 0.42048050468750003 0.442402565625 0.4288387703125 0.4481334453125 0.43160701562500003 0.44820650781250004
11 0.60191375625 0.3407636578125 0.6070755890624999 0.3023278609375 0.6065251671875 0.26425859687500003 0.603015375 0.2110872546875 0.59913313125 0.174234534375 0.598768096875 0.1494398390625 0.594572671875 0.1361718921875 0.5855858265625 0.1227100140625 0.5786928953125 0.12014404999999999 0.556583221875 0.11980793125 0.5076507968749999 0.121192928125 0.49682042812500005 0.11913030312499999 0.4896065390625 0.11608356093750001 0.4702115875 0.11030879687499999 0.4643904375 0.10993025468749999 0.4574784328125 0.112379278125 0.455145784375 0.115286525 0.453951771875 0.1191234609375 0.46083357812500003 0.1833593953125 0.45967789843749995 0.20975579375 0.4597086390625 0.24083913906249999 0.4549537015625 0.2734830015625 0.45549060468749997 0.2857322640625 0.45732282656249995 0.3034135484375 0.4607598421875 0.3234987375 0.47092550937500005 0.3501714421875 0.4815343703125 0.37130056875 0.486553215625 0.386771875 0.48869102656249996 0.38939226875 0.49298572656250006 0.38961806875 0.5026659765625 0.38724210625 0.517301925 0.381038521875 0.5449614296874999 0.37475132968749997 0.5532967281250001 0.3734644203125 0.593603453125 0.3713794640625 0.5986680484375 0.3682969171875 0.6002556203125 0.36543748125 0.5974949671875 0.35684054062500004 0.5971625265625 0.3528508640625 0.60191375625 0.3407636578125
11 0.785456653125 0.330741203125 0.7856935296875001 0.3272163703125 0.7829271359375001 0.3168649828125 0.7766646453125 0.31175168593749997 0.7644721 0.305514771875 0.7342410375 0.2959229390625 0.7257796125 0.2912014265625 0.709116609375 0.2852513671875 0.6995165531249999 0.279600165625 0.682568890625 0.27341767968749997 0.663301915625 0.263373009375 0.6411865031249999 0.2612824421875 0.6337051781249999 0.26326661875 0.6262105203125 0.2720202296875 0.6082983078125 0.3072631640625 0.601443709375 0.3272566625 0.5974892265625 0.35508609375 0.5947191265625 0.365291359375 0.59561514375 0.3679914375 0.5987463890625 0.37054808281249996 0.6032951890625 0.37251239687500004 0.6110726546875 0.37426953749999997 0.6229996156250001 0.37525904374999997 0.6370338328125 0.3803750328125 0.6550417875 0.385236040625 0.6675247359375 0.393459828125 0.6782939859375 0.398534628125 0.69287844375 0.40913044843749996 0.7150570093749999 0.43051994374999997 0.7229433734375 0.4330221609375 0.726705053125 0.43303147500000005 0.73123663125 0.42973244375 0.7339933953125 0.42629660625000004 0.737726371875 0.41753368437500005 0.743131 0.4099169359375 0.774785 0.35549201406250003 0.785456653125 0.330741203125
11 0.63193036875 0.26312981406249997 0.634444515625 0.2614643640625 0.6595344937500001 0.2616092484375 0.6676444 0.2673560671875 0.7381536609375 0.2986801375 0.7473544171875 0.3015993890625 0.751182959375 0.3003509734375 0.7522375125 0.2972750515625 0.7566907484375001 0.2917248546875 0.77140115 0.275739659375 0.778962665625 0.26572831875 0.7853722125 0.261556721875 0.788413634375 0.258353309375 0.7847645625 0.23853241249999999 0.7831540265625 0.23437405781249998 0.776347034375 0.22553538125 0.7704512484375 0.20234901875000003 0.750553659375 0.1622622453125 0.7430951218749999 0.13867478125 0.7425085796875 0.1329465921875 0.7439815125 0.12758763125 0.745672240625 0.1237188234375 0.749846559375 0.11969065000000001 0.7520282640625 0.11403552187499999 0.7506603453125 0.10810678437500001 0.7481958359374999 0.1032511609375 0.7463923203125 0.09434211718749999 0.740899721875 0.085920475 0.7391630625000001 0.07575370000000001 0.7352522953125 0.0627181734375 0.7291062953125 0.049826075 0.72130586875 0.0410511421875 0.7166118671875 0.038093393749999996 0.711105934375 0.036441184375000005 0.7015231 0.036053328125 0.698403334375 0.0370055734375 0.6946531359375 0.04050515625 0.6918295109375 0.045198721875 0.6887747515625 0.055171567187500006 0.6893307328125 0.062405846875000004 0.6884882390625 0.065217475 0.67805716875 0.065886796875 0.6624813109375001 0.0776658296875 0.625032834375 0.1181733421875 0.6133332968749999 0.13246121093750002 0.6001015703125 0.14484189218750002 0.59610875 0.150111859375 0.5944409859374999 0.16099845937499999 0.594880471875 0.176011540625 0.603051853125 0.2439250453125 0.6043873578125 0.261638203125 0.6043779109375 0.2804404140625 0.6003795281250001 0.3165453625 0.6008629109375 0.323282925 0.6030981421875 0.323139496875 0.6039463765625 0.32208231718749997 0.6136971953125 0.297891965625 0.623459496875 0.2772105125 0.6312999328125 0.265677146875 0.63193036875 0.26312981406249997