7 0.48245119843750006 0.314378646875 0.472683490625 0.30390406406250003 0.48151023125 0.2998693765625 0.4660599953125 0.286301071875 0.43848733125 0.2882334953125 0.4333418390625 0.31121606874999996 0.4353752453125 0.335896975 0.4352742625 0.33878873125000003 0.456659484375 0.34822136718749996 0.4660232625 0.370262975 0.48370887187499995 0.4027286734375 0.497006353125 0.43648877812500003 0.5271173328125001 0.4447784828125 0.5497143437500001 0.41951004843749995 0.5414934953125 0.40619419843750004 0.5469924265625 0.3730904796875 0.5564250625 0.3517052578125 0.5554336046875 0.338641865625 0.5403872984375 0.3135065359375 0.5057367171875 0.310848871875 0.47202710468750003 0.3227004765625 0.48245119843750006 0.314378646875
7 0.4725549296875 0.597770721875 0.45137167187499994 0.582554575 0.4387443328125 0.61251408125 0.4217288703125 0.6437679921874999 0.3956342109375 0.68628598125 0.37339063906250003 0.701433271875 0.3603777375 0.7009788515625 0.34660746875 0.7222126 0.3502887171875 0.741160484375 0.3660136359375 0.7446810875 0.36566485625 0.7450063250000001 0.371774921875 0.747701365625 0.4197413484375 0.742138184375 0.40504847968749996 0.7068817109375 0.42333998125 0.721996875 0.4485579234375 0.7460397640624999 0.47463421875 0.7455027249999999 0.5222976984375001 0.7486148140625 0.5586466125 0.7440935796875 0.5616577171875 0.69932185625 0.5569850125 0.6673105765625 0.5489156375 0.6496570953125 0.527277959375 0.6474538484375 0.52636911875 0.6734796515625 0.5054704421875 0.6915691890625 0.51387949375 0.6165855 0.4896530078125 0.60560600625 0.4725549296875 0.597770721875
7 0.567978265625 0.725600115625 0.5637416140625 0.7225568859375 0.5542584890625 0.7453879859375 0.57016314375 0.7459433890625 0.61947446875 0.7433224546874999 0.6437698125 0.7108751203125 0.6490667765625 0.6835549125 0.6551211109375 0.6345465359375 0.641217734375 0.61813696875 0.6189925281249999 0.59130330625 0.601339046875 0.59937268125 0.6079120515625 0.6184215484375 0.6040609625 0.6457922468749999 0.5830108140625 0.66821941875 0.588876940625 0.707510578125 0.567978265625 0.725600115625
10 0.378132203125 0.6900177203125 0.3837137484375 0.6960031984375 0.3988289125 0.677711696875 0.4039239140625 0.6561750015625 0.385581921875 0.6425057125 0.361070853125 0.5982205359375 0.337349278125 0.5727822625 0.2983105734375 0.571419 0.2656429109375 0.5948881187499999 0.25659583750000003 0.6466872671874999 0.2563433828125 0.6539166578125 0.265050775 0.6947546765625 0.2906221578125 0.7086764203125 0.311015921875 0.7050456625 0.3476677828125 0.6918491625 0.378132203125 0.6900177203125
17 0.24887990312500002 0.618912640625 0.24812253593750003 0.640600809375 0.29982070312500003 0.6525396359375 0.304461284375 0.6440158421875 0.3075045140625 0.639779190625 0.24887990312500002 0.618912640625
23 0.6675006 0.48731944374999997 0.72056203125 0.4602195671875 0.74092366875 0.41605373593749995 0.7202958140625 0.38493293125 0.6628967515624999 0.411881334375 0.6283792796875 0.44686698593749996 0.663061984375 0.49005972656249996 0.6701399 0.494649815625 0.6675006 0.48731944374999997
5 0.4025973859375 0.6112518015624999 0.3927791859375 0.602223096875 0.376167653125 0.6219099859375 0.394004734375 0.65003805 0.4176941828125 0.6349412515624999 0.4205859390625 0.635042234375 0.48533374062499995 0.56347358125 0.4922096921875 0.5738471828125 0.5183364765625 0.5718642671875 0.5523490375 0.5513373953125 0.589606790625 0.5207903609375 0.632597565625 0.4918911671875 0.6392394265625 0.46751320625000004 0.6309175984375 0.457089115625 0.6056996531250001 0.433046225 0.593040190625 0.42247065937499995 0.5573797890625001 0.448730553125 0.46660618437499995 0.519390365625 0.45073365 0.5593700359375 0.4025973859375 0.6112518015624999
0 0.630812009375 0.5844778453125 0.705139309375 0.6116833125000001 0.7400239796875 0.6490925390625 0.75392735625 0.665502109375 0.7886284265625 0.6667138968749999 0.7604361109375 0.6034808296875 0.7227101765625 0.5645247437500001 0.696601759375 0.5245267078125 0.6688454968750001 0.49026169062499997 0.62962319375 0.4527009890625 0.6302107218749999 0.4773314046875 0.6035790234375 0.49377309843750006 0.6040265546875 0.5155033437500001 0.6013757796875 0.5154107765625 0.6075264890625001 0.588007621875 0.630812009375 0.5844778453125
21 0.477773884375 0.40686434374999997 0.478379778125 0.38951380625 0.4577519234375 0.358393003125 0.4282468375 0.332752765625 0.40625572187500003 0.340670665625 0.385962940625 0.34140966562499997 0.332699546875 0.37429305468749996 0.25962991406249997 0.435437615625 0.25186715 0.49191406562499995 0.2512019296875 0.5109635078125 0.2601302203125 0.5454758125 0.2806570921875 0.5794883734375 0.28504521718750003 0.5781939671874999 0.28295213750000003 0.5759494140625 0.307086825 0.5688301890624999 0.343031809375 0.5758759812500001 0.3568846953125 0.593731428125 0.391686746875 0.5920514609375 0.41781353125000004 0.5900685453125 0.44479866718750005 0.56350570625 0.466656675 0.5179444875 0.5129936265625 0.47613337656250004 0.4930726484375 0.42477028125 0.477773884375 0.40686434374999997
10 0.65417099375 0.413024265625 0.659821396875 0.3755829140625 0.6406394203125 0.3445126015625 0.593329378125 0.33127936875 0.5667986625 0.34482930624999997 0.5451931125 0.383161134375 0.546873078125 0.41796318593750004 0.567955353125 0.4360710890625 0.5693002500000001 0.43901333593749997 0.60026958125 0.42272311562500003 0.6286822265625001 0.43819171875 0.65417099375 0.413024265625
10 0.706117009375 0.54223068125 0.7383623781249999 0.5723095359375 0.7745093265625 0.5735718140625 0.79481083125 0.564292034375 0.7989059453125 0.44702330156250003 0.7471937265624999 0.44377787343749997 0.730885140625 0.45478949375 0.7177207640625001 0.45867270624999995 0.6807659593750001 0.480544475 0.706117009375 0.54223068125
7 0.5479340640625 0.6490660312500001 0.55474151875 0.6582123140625 0.558755371875 0.6708244671875 0.5627282703125001 0.671854059375 0.594936571875 0.6551616765625 0.5959661640625 0.6511887765625 0.6031620109375 0.649212921875 0.60557851875 0.6310347578125 0.6041407624999999 0.6211851359375 0.5920469421875 0.59760055 0.5879243375 0.588102596875 0.5812722406249999 0.5745074609375 0.5754011671875 0.5640575921875 0.5800985921875 0.55709478125 0.5704198640625 0.553638796875 0.572447978125 0.546582771875 0.5668042859375 0.5423768375 0.55132085625 0.5520809890625 0.5353614703125 0.562659375 0.5172864046875 0.570045884375 0.5002098625 0.57434926875 0.48258533437500006 0.5688340968750001 0.460961071875 0.5885686515625 0.47660409374999996 0.5998051906249999 0.4955166703125 0.6067016265625 0.5239215484375 0.6223926703125 0.5124632765625 0.6188745421874999 0.5122966156250001 0.6491578312499999 0.5059425156249999 0.690806175 0.525973665625 0.665670853125 0.528390171875 0.6474926875 0.5479340640625 0.6490660312500001
3 0.6800159125 0.66784304375 0.6618979109375001 0.6892144953125 0.64497700625 0.7094696359375 0.6390980140625 0.7451658343750001 0.674875003125 0.7487314234375 0.723375715625 0.7527413296875001 0.7187892984375 0.7514230562499999 0.7450850015625 0.72802095 0.75881855 0.699547715625 0.7478574203125 0.68179325 0.7124843640625 0.666660640625 0.6800159125 0.66784304375