7 0.1318462140625 0.9306949140624999 0.133619646875 0.9365016718750001 0.13536482968750002 0.9378917265625001 0.143175778125 0.9375219265625001 0.15758298125 0.9302256874999999 0.170983503125 0.9322265734374999 0.1969814796875 0.9416403578124999 0.2018890484375 0.9421572703125 0.2120717875 0.9411326125 0.22338447343749998 0.933414478125 0.2327630421875 0.9328671140625 0.24419899374999998 0.9277526296874999 0.2458344828125 0.926280028125 0.2471284203125 0.9214131812499999 0.242457475 0.8816911078125 0.23846448437499998 0.7646083203125 0.23930607343750002 0.7485498515625 0.23849419374999997 0.7144841203125 0.24064549531249999 0.7031692328125 0.2459775203125 0.650985446875 0.246174521875 0.6174920296875 0.24378731406249998 0.5490608390625 0.2416859015625 0.5396008265625001 0.2379490015625 0.5316134171875 0.2342674984375 0.5275246921875001 0.22949566875 0.5244177046875 0.22390499375 0.5171122968749999 0.22322298749999997 0.515258521875 0.2239706609375 0.5059478234375 0.22233406875 0.5024857078125 0.21377214531250002 0.49736205624999996 0.20577005937499998 0.4964232453125 0.19700562500000002 0.5001194250000001 0.18394665625 0.501512784375 0.161359803125 0.50630259375 0.1470600921875 0.5065920515625 0.130537903125 0.5046872859375 0.11394894687499998 0.509012275 0.11167327812500001 0.5127887953125 0.108446325 0.529761128125 0.09919396875 0.6071919140625 0.09802770625 0.63440128125 0.099898359375 0.648264421875 0.0993429265625 0.6638184500000001 0.098295525 0.673892596875 0.09474059375 0.687211675 0.0938854296875 0.7035291515625001 0.09355012968750001 0.7892188296875 0.09456561718749999 0.8193994453125001 0.09321372343749999 0.8699737890625 0.09425415937500001 0.8897669562500001 0.0962176296875 0.8919476078124999 0.101111625 0.89272353125 0.1246541640625 0.8944767796875001 0.1294259921875 0.8975837703125 0.13111798125000002 0.904944571875 0.1318462140625 0.9306949140624999
13 0.7713967187499999 0.626058275 0.7680285203125 0.6209470953125 0.76483678125 0.612468815625 0.7602549890625 0.605735721875 0.7325345734375001 0.5746749984374999 0.7225825921875 0.571296528125 0.7153439546875 0.5706574484375 0.702365328125 0.5655620453125 0.6841251046875 0.5617492078125 0.6722503765625001 0.5554130609375 0.648079028125 0.5458352890625 0.6397772125000001 0.545659928125 0.63144935 0.5509373015625 0.6299642765625 0.5544955359375 0.635908978125 0.5600014640625 0.6394818875 0.566162246875 0.64448778125 0.5796702625 0.6444617328125 0.58512299375 0.6353194296875 0.6059408187499999 0.6278782828125 0.6141215703125 0.6200266125 0.6152683953125 0.6103064921875 0.612421515625 0.6088757124999999 0.6149437203125 0.6045822796875 0.6175756203125 0.6012570046875 0.621556853125 0.594605353125 0.6245846 0.5829771609375001 0.6234557546875 0.5573739328125 0.6114654703125 0.5447097109375 0.610282328125 0.5342679640625 0.6112934125 0.5326596234375 0.612248 0.5304246734375 0.615247496875 0.5288174328124999 0.6211368015625001 0.5286329046875 0.6494364953125 0.5269622 0.6763597078125 0.53108688125 0.7116379296875001 0.5303990125 0.7445861859375 0.5257434859375001 0.7739501578125 0.5234270921874999 0.7785037015625 0.51598925 0.8014886062500001 0.5086588984375 0.8174667328125 0.50875501875 0.8205883984375 0.5099414624999999 0.822728328125 0.517453784375 0.828056690625 0.5347676703124999 0.834677890625 0.549151028125 0.8427038203125001 0.555859178125 0.848509478125 0.5654310859375 0.8591401578125 0.5701893421875 0.8625061546874999 0.573802975 0.8678899156250001 0.5807022609375 0.8750041875000001 0.5830208578125 0.880320078125 0.5864705 0.8838772109375 0.594503040625 0.8991021578125 0.59648008125 0.901023803125 0.601892090625 0.9018268718750001 0.6107526453125 0.901252359375 0.6476935046875 0.8951370609374999 0.6841581718749999 0.8931523078125 0.6949675203125001 0.8900827359375001 0.7054228390625 0.88881264375 0.7181131078125 0.884543053125 0.7282675984375 0.879101690625 0.7439291156250001 0.872650346875 0.7576000171875 0.864536365625 0.773493396875 0.8586166078125 0.78276116875 0.8502718671875 0.7926544484375 0.834947496875 0.7980925046875 0.830297834375 0.8175294421875 0.8211874421875001 0.8461402375 0.81048008125 0.854453425 0.800526996875 0.8556919640625 0.7917614640624999 0.8579540609375 0.7882439515625 0.867141490625 0.786387971875 0.8732916265625 0.7884990796875 0.874356375 0.787480315625 0.8751402734375 0.7725226296875001 0.8691830984375001 0.7722104265625 0.8653104578124999 0.766813090625 0.8619253812500001 0.747156765625 0.8614051625 0.7372601828125 0.858445284375 0.72931349375 0.8386601875 0.7054213359375 0.8253638499999999 0.6816095171875001 0.8132822093750001 0.6643543328125 0.8105824390624999 0.6613559359375001 0.8027296671874999 0.65756804375 0.7931441859375 0.647196371875 0.7890532593749999 0.6410084390625 0.781145090625 0.63332185625 0.7713967187499999 0.626058275
13 0.6761499046874999 1 0.6762617609375 0.9992232390625 0.680867396875 0.9906341671875 0.6912254984375 0.9813076921875 0.7058102640625 0.975579075 0.711234746875 0.9711884187500001 0.7171218484375 0.9629262234375 0.7243322359375 0.9591486 0.7257347625 0.9522096921875001 0.7283508875 0.9468927 0.7411622203125 0.935357321875 0.7415015703125001 0.928882134375 0.7389511171875001 0.9230346546874999 0.728166715625 0.9157167749999999 0.7202460734375 0.9132239203125 0.7143024734375001 0.9126527109374999 0.6994587 0.9183677546875 0.6890848234375 0.9180838015624999 0.6805918703125 0.9165998296875 0.6579191671875 0.9032048125 0.6524110375000001 0.8992800781250001 0.6495472796875 0.89445505625 0.6470115 0.8932832859375001 0.6392141265625 0.8933940796875 0.6148685171875 0.897052840625 0.59980535625 0.8970425703125 0.5942836515625001 0.8933768437499999 0.59317865 0.8896828671874999 0.583796778125 0.87542608125 0.574661440625 0.8663765937499999 0.5649526921875 0.8534012703125 0.539633415625 0.831037109375 0.5315352109375 0.8269766359374999 0.5238464281249999 0.8250153703124999 0.5160762015625 0.8246081500000001 0.5056208796874999 0.8258782421875001 0.4995008171875 0.8286741296875 0.4991875140625 0.8296965875 0.5013421203124999 0.8331858515624999 0.5065369468750001 0.8381330406249999 0.5110497703125 0.8412264546875001 0.5189432640625 0.8442373265625 0.5219291890625 0.8467312828125 0.5208704156249999 0.8669338718749999 0.5232862296875 0.8803061453125001 0.52984616875 0.8938956031249999 0.53971890625 0.9086975531249999 0.5450006843749999 0.9367642843749999 0.548287440625 0.943429509375 0.549979428125 0.9507903140625 0.5553936421875 0.96146281875 0.553462828125 0.9834377390625001 0.5554273984375 0.9905531078124999 0.555590796875 1 0.6761499046874999 1
13 0.7844979265625 0.9360701375 0.78590155625 0.9340659468749999 0.7863370265625 0.9307124234374999 0.791312465625 0.9299342984375001 0.7993394968749999 0.9204856578125 0.813351953125 0.9157659234375 0.8154636328124999 0.9101627750000001 0.8192119046874999 0.9080217421875 0.8209820328124999 0.8990243484375 0.8241231375 0.8638671890625 0.8305553984375 0.8551141281250001 0.8325030906249999 0.8476843531249999 0.836577140625 0.8393271406249999 0.8389195796875001 0.8293208625 0.843348753125 0.8240988890625 0.845106409375 0.8202952203124999 0.847246340625 0.8191087734375 0.8469319343749999 0.8151965125 0.841928246875 0.8115579328125 0.8372661109375 0.8113136015625001 0.8285966953124999 0.8131967265625001 0.80436188125 0.8246528625 0.7929666515625 0.8289903234375 0.7891776562499999 0.8319083781250001 0.784640990625 0.8441371296875 0.7698808625 0.8581675656250001 0.7575853421875001 0.8598606546875001 0.74516875625 0.8688195296875 0.737508221875 0.8712749656250001 0.7089935484375001 0.8851039937499999 0.6890646406250001 0.88873450625 0.6889153265625 0.8915835859374999 0.7013091703125001 0.9028815984375 0.710335915625 0.9140031453124999 0.7094503 0.916034484375 0.702785075 0.9193212390625 0.712777778125 0.9219226875000001 0.725129796875 0.9290630015625 0.7283068593750001 0.9328655687499999 0.7303393 0.9386859031249999 0.732329915625 0.9403485406250001 0.7348928453125 0.9410022953125001 0.73914555625 0.93914741875 0.7484291062499999 0.9404131046875 0.757657259375 0.9377801046875 0.772706846875 0.9380493828124999 0.7844979265625 0.9360701375
13 0.40814485781250004 0.6044238625 0.40595173281249997 0.61158105625 0.4068113015625 0.61500245 0.41030166562500003 0.6177825625 0.41383385468749995 0.62472036875 0.41920514531249997 0.6263004609375 0.42195920937500003 0.628262828125 0.42164700625 0.634220003125 0.4202569515625 0.635965184375 0.4198350546875 0.6390597015624999 0.423885259375 0.64602465625 0.4283155359375 0.6457373984375 0.433058015625 0.6394929671875 0.435072475 0.6258334375 0.43871105312500003 0.6208297484374999 0.44140751875 0.6090239937499999 0.44338346093750003 0.6060109203125 0.45302103593750004 0.605477128125 0.46763625312499996 0.614034646875 0.48094175781250004 0.6178485874999999 0.48469002968749997 0.6157075546875 0.4879599078125 0.607827634375 0.4988518 0.6081387359375 0.5048768406249999 0.6071559 0.5265520328125 0.6098501625 0.5599515359375 0.616794934375 0.5683087484375 0.6208689828125 0.580074884375 0.6292771875 0.5881730890625 0.6333376640624999 0.59582115 0.6360759500000001 0.61438825 0.638607325 0.6211789453125001 0.6477936546875 0.6296322765625 0.65498936875 0.6339539624999999 0.656774171875 0.6368030453125 0.6569234859375 0.6384113859375 0.6559688984375 0.6382609703125001 0.653883265625 0.6329971734375001 0.6452963953124999 0.631836775 0.63770373125 0.64062945625 0.6384242546875 0.642045559375 0.6312263390624999 0.6382554640625 0.6292096765624999 0.6353645578125 0.6249026671875 0.63593576875 0.6189590671875 0.6347628953125 0.6165601281249999 0.6292411921875 0.612894403125 0.6374729343750001 0.604495365625 0.64027909375 0.59555226875 0.646125471875 0.5880670953125 0.646777025 0.5756347328125 0.6438850171875 0.56639300625 0.641743984375 0.562644734375 0.6389491984375 0.5614593890624999 0.6342588140625 0.5567983546875 0.6321177796875 0.5530500828125 0.625150621875 0.5472308531250001 0.6234043390624999 0.540906078125 0.6193823843749999 0.538357828125 0.6159463140625 0.5345416843749999 0.6133415624999999 0.529730234375 0.6086240296875001 0.525587215625 0.6050782671875 0.518908415625 0.5919209734375 0.5073106765625 0.58772035625 0.49826008593750004 0.5852795953125 0.4952752625 0.568100346875 0.48112927031249997 0.555558290625 0.47761506249999996 0.5508961546875 0.4773707296875 0.5466570171875 0.47896659843749995 0.5451719421875 0.48252483437500004 0.5436178968750001 0.482443390625 0.5414089953125 0.47999015468749995 0.539050778125 0.48038600625 0.5367886828125 0.48390351875000004 0.5345819828125 0.4913197203125 0.5343523265625 0.5006575640625 0.5323492359374999 0.5041886546875001 0.530713746875 0.5056612546875 0.5289006953125 0.5055662359374999 0.527946109375 0.503957896875 0.5251333421875 0.4832926890625 0.5237150374999999 0.48062116718750003 0.5131217734375 0.4746119015625 0.505418315625 0.46797492500000004 0.49929715156250004 0.46583609687500005 0.484561971875 0.4694790796875 0.449695375 0.4855724078125 0.425608771875 0.48924474218749997 0.4145539953125 0.49204173124999995 0.409974403125 0.49517807031250005 0.401863725 0.49631132187500004 0.3894075171875 0.5109819375 0.381460828125 0.5139418140625 0.37600919843749997 0.5188504843749999 0.37531472187500003 0.5221904359375 0.3796929046875 0.5328086453124999 0.3792031375 0.5371982 0.37635515625 0.541983603125 0.3772282984375 0.545145990625 0.383950021875 0.5506926390625 0.3964242078125 0.5555018859375 0.40546342500000004 0.561429709375 0.4203354484375 0.5601313671875 0.42480754843749996 0.5640018062500001 0.42810787812499995 0.570408021875 0.42956800624999997 0.5772372359375 0.4278250265625 0.5857166171875 0.425876234375 0.5882116734375 0.41156515000000005 0.598629575 0.40814485781250004 0.6044238625
13 0.33268522031250003 0.448533609375 0.3429618765625 0.44076118124999997 0.3558546546875 0.4276717578125 0.3664717625 0.4183588578125 0.3696748703125 0.41670869374999997 0.3749082171875 0.41100942656250006 0.37838390624999996 0.4091138265625 0.3931440328125 0.3950833921875 0.4093903359375 0.382429440625 0.42779124218750003 0.3732647546875 0.4446120578125 0.36947135468750003 0.458120071875 0.3644654625 0.49770750625 0.3673193078125 0.5033649515625 0.368394959375 0.5061325890624999 0.37009831875 0.5137003078125 0.3793253703125 0.5170006375 0.3857315875 0.5281548390624999 0.4008604171875 0.5311825875 0.40751206562500003 0.5344025734375 0.420407046875 0.54983994375 0.44796713749999995 0.55226823125 0.45614568593750004 0.5593461828125 0.469762290625 0.56700891875 0.47717628906250004 0.5777933187500001 0.48449416718749994 0.581488396875 0.4883238828125 0.5909109921875 0.501803646875 0.5951376578125 0.505401503125 0.604164403125 0.5165230515625 0.6178690609374999 0.537499359375 0.6282711859375001 0.542200015625 0.6585490234375 0.5492409078125 0.6673428078125 0.5548961484375 0.684192975 0.56045416875 0.7147162453125 0.56776764375 0.720441559375 0.56754825625 0.7226493609375 0.5650667734375 0.7228529703125 0.5611816578125 0.720779809375 0.5561383484375 0.7021268609375 0.53542215 0.6936577500000001 0.5186160109375 0.6920890296875 0.5138588562499999 0.69065164375 0.48677275625 0.6884812609375001 0.4736730640625 0.68535739375 0.46389974843750004 0.678035109375 0.45494527968750004 0.6679462859374999 0.44922216875 0.654217784375 0.4435680265625 0.6423702062500001 0.43671386874999996 0.634231278125 0.433430415625 0.6105904171875001 0.41868606562500005 0.59086291875 0.40856202656249996 0.5236343078125001 0.3632239765625 0.508856203125 0.3577745484375 0.49512549687499996 0.3422509734375 0.4918941390625 0.339484434375 0.488076896875 0.3379857859375 0.4800340890625 0.337824 0.47270043125 0.33899797187499997 0.463690565625 0.3424215703125 0.44884789375 0.3530713328125 0.41927003906250004 0.367364078125 0.4165577984375 0.36955940625 0.41260481406249994 0.3706508328125 0.39938405781249997 0.3800870015625 0.3948723375 0.381928303125 0.389652565625 0.387368565625 0.3864766046875 0.3885007125 0.381788421875 0.39370911406250003 0.3775221359375 0.395822996875 0.3728068046875 0.4015494140625 0.35964034375 0.40994955156249996 0.35143575 0.41783057343749996 0.34806975156250003 0.422588828125 0.34320400625 0.426229609375 0.339838009375 0.430987865625 0.33118326875 0.43754670000000007 0.3263989671875 0.43963343750000006 0.320347875 0.44606900468750005 0.3147051078125 0.4496690640625 0.307821596875 0.45216522187499997 0.3052733453125 0.45618717656249996 0.2916024421875 0.46430116093749996 0.2788861265625 0.47402348281249995 0.2627619921875 0.4843463671875 0.25586490624999997 0.487101534375 0.23791414375 0.4975884078125 0.2292594046875 0.5041472437500001 0.22121879843749997 0.513854890625 0.2210423359375 0.5172219890624999 0.23460905156249998 0.5309189390625 0.23989999687500002 0.5389877921874999 0.24593971718750002 0.54268066875 0.24936111093750002 0.5418211015625001 0.25234593437499997 0.5393803390625 0.26331596562500004 0.5233332421875 0.274586828125 0.5114574125 0.280201346875 0.5034406515625001 0.29378970312499997 0.4919459984375 0.306886090625 0.4749714625 0.3125560078125 0.47085338749999994 0.323540715625 0.45948200000000006 0.329933359375 0.456440678125 0.3307092796875 0.4515466828125 0.33268522031250003 0.448533609375
13 0.6231353625 0.1297569 0.6210926531250001 0.13899972656249998 0.6202103421875 0.1558352203125 0.621628646875 0.1585067375 0.632589509375 0.16245751718749998 0.6434689296875 0.1679623453125 0.6564193078125 0.1686410453125 0.6571838578125 0.17387549375 0.6594606296875 0.1750336890625 0.6632089015625 0.17289265781250002 0.6738282124999999 0.1734491921875 0.6783127828125 0.1721259046875 0.6979375546875 0.149519971875 0.7085953843749999 0.1394300484375 0.71576505 0.1364294484375 0.738288796875 0.0931979296875 0.7418448296875 0.08481356875 0.7487375078125 0.062319531250000004 0.7491696734375 0.0441618546875 0.7466870890624999 0.037019335937499995 0.741723021875 0.027669018750000003 0.74012605 0.018495160937499998 0.739951453125 0.01188915 0.6660986609374999 0.0080186890625 0.664359003125 0.012186909375 0.66267031875 0.01963025625 0.6530642953125 0.0393849046875 0.6402617734375 0.090398021875 0.6304103171875 0.10988008593750001 0.6231353625 0.1297569
13 0.30564394687499996 0.895131609375 0.30985373437499997 0.8841843203125 0.3105199625 0.8764276671875001 0.3128906515625 0.87083809375 0.3170743921875 0.8653435375 0.3240800703125 0.8605163109375 0.3325843953125 0.8518718390625001 0.34010698437500003 0.84213704375 0.3430228375 0.8360566031250001 0.3465087953125 0.81909784375 0.34744650625 0.806161040625 0.34312261718750003 0.7945068015625 0.34257525312500003 0.785128234375 0.34343151562499996 0.7737454734375 0.3405123609375 0.7650217640625 0.33673583906250004 0.76274609375 0.3157687 0.7564528734375 0.3131379015625 0.7570941546875 0.313030409375 0.7641009328125 0.31106804375 0.7668549984374999 0.289297834375 0.7659737875 0.2791015234375 0.7672574546875001 0.27250526875 0.774183890625 0.2626809609375 0.793147940625 0.254628984375 0.8129840312500001 0.2520139640625 0.8232357421875 0.2510219609375 0.8372085765625 0.2549929234375 0.8555970109375 0.2578464109375 0.8754851953125 0.262525425 0.8902746734375 0.2653099421875 0.906523178125 0.2728945390625 0.930295375 0.27703975937499997 0.9354472765624999 0.27987526875 0.935855596875 0.28318696875 0.9321333718749999 0.2840036125 0.9264623562500001 0.2864285984375 0.91983675 0.2863856734375 0.9107443375000001 0.29104560625000003 0.9011192359375 0.29458916562500004 0.8979285984375001 0.29953745781249996 0.8976684890625 0.30564394687499996 0.895131609375
13 0.4906484703125 1 0.493213490625 0.9982008125 0.5019768234375 0.989569915625 0.5045115015625 0.9858069687500001 0.504579371875 0.9845119296875 0.498812234375 0.9805736234375001 0.49870254062499997 0.9777109656249999 0.4969166359375 0.9770979328125 0.4924592109375 0.9779032031250001 0.478392459375 0.9836589703125 0.46808865624999996 0.9919494156249999 0.46624845625000005 0.9923724109375 0.4357545375 0.994410359375 0.42127726093750006 0.9931321984375 0.395007803125 0.9888985671875 0.36674883281250004 0.9879370140624999 0.3408605484375 0.9813858890624999 0.31918425781250004 0.973756909375 0.29461926250000003 0.9716903546875001 0.28616702968749996 0.9694293609375 0.2732269234375 0.9536874984375 0.2716174796875 0.9497073671875 0.2681542625 0.946409240625 0.266314059375 0.9468322375 0.265974709375 0.9533074265625 0.278437525 0.968245115625 0.2891540546875 0.976858034375 0.3080502359375 0.987977378125 0.31528122812500003 0.9910054718750001 0.4869070390625 1 0.4906484703125 1
13 0.2956824390625 0.9712266375 0.321556046875 0.9731020515625 0.3337011515625 0.969323328125 0.34362378125 0.9633503765625001 0.3480122359375 0.958905425 0.3527400390625 0.9479852859375001 0.3533780171875 0.9358119296874999 0.357370621875 0.9290087625 0.3575335109375 0.9259006718749999 0.356223796875 0.921157090625 0.3529924390625 0.9183905515624999 0.34849209062500003 0.9101034125 0.3430089046875 0.8957912296874999 0.335972775 0.8863323171875 0.334471925 0.8802801265625 0.33049069062499997 0.8769548515625001 0.3233877953125 0.8737256953125 0.32055228593749996 0.8733173734375 0.3121690265625 0.8746960578125 0.3093221453125 0.8844161796875 0.3067467453125 0.8889561484374999 0.30215358124999997 0.892351496875 0.300900365625 0.896441321875 0.2987604359375 0.8976277671874999 0.2936345828125 0.8963202562499999 0.29198551875 0.8980518671875 0.2862624046875 0.9081406875000001 0.2850781625 0.9158701921875 0.2822301796875 0.9206555953125 0.2818354328125 0.9232320984375001 0.2782375765625 0.9274587640625 0.27782925625 0.930294271875 0.27337182968749996 0.9310995453125 0.2667755765625 0.93802598125 0.2694085765625 0.9472541328125 0.2756937296875 0.9512195890624999 0.2893939828125 0.9524570265625 0.2898034046875 0.9545562359374999 0.287064015625 0.9572695781249999 0.28631524218750004 0.9616455593750001 0.29137433125 0.9691828250000001 0.2956824390625 0.9712266375
13 0.410376915625 0.8938677390624999 0.41447114531249996 0.9148598234374999 0.42066017968749997 0.9157036156249999 0.423685725 0.91248583125 0.42467993125000003 0.9083824328125001 0.42354557968749995 0.8953370375 0.43446351562499996 0.8901954046875 0.43454496093749995 0.888641359375 0.433072359375 0.8870058703125 0.4334806828125 0.8841703609374999 0.44503769843749996 0.871790090625 0.44821255937500004 0.8657232234375 0.44688927187500005 0.86123865 0.44960151406250004 0.8590433234375 0.46155548125 0.8539559875 0.469187765625 0.8470838484375 0.4703866828125 0.8440300546874999 0.469976159375 0.8369961281249999 0.4648356296875 0.8310129078124999 0.4649170734375 0.8294588624999999 0.46591128125000003 0.8253554624999999 0.469632403125 0.823732446875 0.4733117046875 0.817951734375 0.4797450703125 0.8141333906250001 0.4801126703125 0.812074903125 0.4783392375 0.8062681453125 0.46943465937499995 0.792815528125 0.4644716921875 0.788399928125 0.463584975 0.78549655 0.461130640625 0.7827707328125 0.4568904 0.779431884375 0.4533321625 0.777946809375 0.44917446875 0.777988634375 0.44387215312499995 0.780048221875 0.43761635 0.7854341859375 0.43551714218750004 0.785843609375 0.43280269843749997 0.7781695 0.430021484375 0.7767251484375 0.42932700625000003 0.7800651000000001 0.4301887765625 0.7933559296875 0.4293912140625 0.8234415281249999 0.426133809375 0.8261277234375 0.422439834375 0.8272327234375 0.4215813671875 0.828746046875 0.41502473437500004 0.8299607421875 0.41283050781249997 0.83218321875 0.40910938281250003 0.833806234375 0.40626030156250004 0.8336569203125 0.40289210000000003 0.828545740625 0.40222257031249997 0.8214982421875 0.3989776375 0.8189907109375 0.3968366046875 0.8152424390625 0.396303915625 0.8105395812499999 0.391980028125 0.7988853421875 0.39020549375 0.7881438671875001 0.38550043437500003 0.778807121875 0.385062759375 0.7722912109375 0.381530571875 0.7653534046875 0.36890817343750004 0.7683279578125 0.36743667343749997 0.771627184375 0.36770008593750003 0.7913796296875 0.3647978078125 0.7972010625 0.36366786093750003 0.8038945390625001 0.36860478125 0.813762871875 0.37062585000000003 0.8297116484375 0.3715940109375 0.8310609812499999 0.374470240625 0.8306922796875 0.37595641562500004 0.8320687609374999 0.378411853125 0.8397292953125 0.38447982187499996 0.8478388718750001 0.3883942859375 0.857393903125 0.39143450625 0.8588518296875 0.3932758078125 0.863363546875 0.394627346875 0.8722648234375001 0.3995099703125 0.8831691875000001 0.410376915625 0.8938677390624999
13 0.24864936875 0.40672995156249997 0.25292923125 0.40435705781250003 0.26177400781250004 0.3941721171875 0.270782771875 0.38581380468750004 0.27117751874999996 0.3832373015625 0.2684880203125 0.36517574375 0.2687866484375 0.35947757812500003 0.2717025015625 0.3533971375 0.27718128124999997 0.34797045 0.281733725 0.345352125 0.2946015546875 0.342650153125 0.29912685156249996 0.34054984374999997 0.30232885781249996 0.33396496249999996 0.30527075625 0.3224317875 0.3096727828125 0.317727828125 0.3152341078125 0.3156818140625 0.32994324218750004 0.3174915640625 0.3314147421875 0.314192334375 0.331589003125 0.3009558015625 0.33428766875 0.29901948125 0.3407900078125 0.298840815625 0.345560734375 0.2970130890625 0.3458876125 0.2957316234375 0.3432828625 0.2909201734375 0.3430770484375 0.2849358546875 0.3513370421875 0.28095351874999996 0.35850560625 0.2730182 0.35903609375 0.2678516234375 0.3566213796875 0.25941406875 0.34760600468749997 0.23816407812499998 0.34306493437499996 0.23065395781250003 0.330244790625 0.2027115953125 0.329017621875 0.20134868749999998 0.326400396875 0.20173096093749998 0.3067327015625 0.21524448281250003 0.3046742140625 0.2148768828125 0.2911460203125 0.19053347812500002 0.2882811578125 0.180773734375 0.27472801874999997 0.1668177796875 0.2665733140625 0.1539239 0.2643225890625 0.14731297031249999 0.2646472640625 0.136162071875 0.2555097234375 0.11724314843750001 0.2514334734375 0.11573092812500001 0.24509512500000002 0.11773621875 0.2412654109375 0.12143129687500001 0.24014903593749998 0.1278657640625 0.23847282500000003 0.1301153859375 0.2345877125 0.1299117765625 0.224881165625 0.1268058890625 0.2142325046875 0.116897934375 0.21352224999999997 0.11062745781250001 0.22077225937499997 0.10113809375 0.2226249328125 0.0955213734375 0.22235125 0.0908320890625 0.22041492968749998 0.08813341875 0.2091293921875 0.0953335375 0.19930398437500002 0.1093628703125 0.202033103125 0.1217126875 0.20226826562500003 0.13704843125 0.2003114046875 0.164476084375 0.193223928125 0.2303329734375 0.182206209375 0.27702440781250004 0.1629442734375 0.33730860156250003 0.1569518828125 0.3624470109375 0.153559840625 0.372657996875 0.1529886296875 0.3786015984375 0.156302534375 0.384748809375 0.1590995234375 0.3958035875 0.1646370046875 0.409079740625 0.1669273515625 0.40997892968749994 0.17059417968749999 0.40939194375000004 0.1812123859375 0.40501376093749997 0.18795905625 0.400172959375 0.191884890625 0.3995995484375 0.19732625312500002 0.40975403750000006 0.20005316875 0.41223441875000005 0.2186360484375 0.42437622187499996 0.22382977187500003 0.42438869375 0.2365189375 0.415184384375 0.2437157546875 0.41166576875 0.24864936875 0.40672995156249997
7 0.5169199375 0.45169596875 0.5217324875 0.454025934375 0.5228657390625 0.46213661406249995 0.5252114828125001 0.4669344890625 0.5293284546875 0.4676696890625 0.5357075250000001 0.464887375 0.54752355 0.4525206796875 0.5495266390625 0.448989590625 0.5489532265625 0.44506375625 0.536884059375 0.42261484843749997 0.532709484375 0.408111525 0.529900021875 0.40225047031249994 0.52139129375 0.391156071875 0.5094046703124999 0.372087834375 0.505955025 0.36853069843749997 0.5028876578125 0.3675907875 0.494585840625 0.367415428125 0.48430698281250006 0.36531842187499997 0.46957069999999995 0.3640266875 0.46559057031249995 0.36563612968750003 0.45748209375000004 0.37663881718750003 0.4582330703125 0.382132271875 0.46717837187500005 0.394807865625 0.4735732171875 0.40163597968750003 0.47473251406249994 0.404293925 0.47375188125 0.408138315625 0.47402556249999994 0.41282759999999996 0.475607859375 0.417325746875 0.47982094999999997 0.421182609375 0.48493323281249995 0.422749128125 0.4943649953125 0.4162310140625 0.49899998281249996 0.41699336093749995 0.502136325 0.421572953125 0.5010742453125 0.4269713890625 0.5022199703125 0.4298883421875 0.5115464453125 0.4402464421875 0.5169199375 0.45169596875
7 0.671650146875 0.30916804999999997 0.6613283640625001 0.29797863125 0.66038625 0.291176565625 0.656241028125 0.2860246640625 0.6564028140625 0.27798185625 0.6544664953125 0.2752831875 0.63626589375 0.265758609375 0.6172192984375 0.2525536296875 0.6091493421874999 0.25290985625 0.5930468453125 0.23804114062499998 0.5865569828125 0.23302607968750003 0.581976290625 0.2312277015625 0.57880033125 0.23235985 0.5749841859375 0.23579592031250002 0.5562314578125 0.2566295234375 0.5035857953125 0.3195793734375 0.49074841718749995 0.33656748125 0.49032652031249996 0.3396619984375 0.4935850265625 0.341910521875 0.499639421875 0.3502791078125 0.5092791984375 0.35961474843749996 0.5347048640625001 0.3700374140625 0.5511885328125 0.3825886390625 0.56981213125 0.39395341875 0.582805434375 0.4037245328125 0.589595028125 0.40797614375 0.5924305375000001 0.4083844640625 0.6249209390625 0.3732071265625 0.654290775 0.34306062187499997 0.66847859375 0.3300390703125 0.6742978234375 0.3230719125 0.67692751875 0.3174959125 0.671650146875 0.30916804999999997
13 0.42414310781250003 0.274380365625 0.4359829796875 0.24669150156250003 0.44257813125 0.23483035000000002 0.45181545312500004 0.212199471875 0.4616782796875 0.1825889625 0.4630378828125 0.1665576421875 0.46186944218750003 0.16547544375 0.45984834843750005 0.1679488 0.4568782015625 0.17506527031250002 0.45305068750000005 0.1886297828125 0.4403398796875 0.2230256953125 0.4372464640625 0.227538515625 0.4339358640625 0.23619546093750002 0.4276947390625 0.2462571328125 0.42383897656249997 0.25540494375 0.41960093593750003 0.2619355296875 0.41631748437500005 0.2700744578125 0.4089577828125 0.2767011625 0.408767746875 0.28032726874999997 0.40733696875 0.2828494734375 0.40736521875 0.287266178125 0.4046405046875 0.29465523125000004 0.39781128906249996 0.296115359375 0.39111781562500003 0.29498541093749997 0.38432822187500004 0.2907338015625 0.37704665937500004 0.2810023078125 0.36155940000000003 0.27421711875 0.35380385 0.2784856078125 0.3510780328125 0.2809399453125 0.34933395156249997 0.28448460625 0.34501336875 0.28763452031250003 0.34486405468750003 0.290483603125 0.34817795937499996 0.29663081406249997 0.3480965140625 0.298184859375 0.33432839062499997 0.2982424578125 0.3327200484375 0.2991970453125 0.3318072875 0.301746396875 0.33075402187499997 0.3466225765625 0.3311498703125 0.348980790625 0.3323906125 0.3500846921875 0.3494851109375 0.3509805765625 0.35662873125 0.353432709375 0.3650130921875 0.3569887421875 0.3707123609375 0.3622220875 0.40142786875 0.37577889062500003 0.404276953125 0.3759282046875 0.4093066875 0.3741140515625 0.44001558906250005 0.358062546875 0.44031531875 0.3572991 0.4307026890625 0.347445440625 0.423475421875 0.3366779203125 0.409932553125 0.307658803125 0.4099043015625 0.30324210156250003 0.4164847796875 0.2867052359375 0.42414310781250003 0.274380365625
13 0.2518268171875 0.5344184734375 0.250573603125 0.5385082984375 0.246402334375 0.5388091296875 0.245790403125 0.5455297515625 0.24648598124999999 0.54712451875 0.24865305937499999 0.5454200578124999 0.2498938015625 0.5465239578125 0.249718440625 0.5548257750000001 0.25116389375 0.556979278125 0.25525371875 0.5582324921875 0.26434613125 0.55818956875 0.2740923 0.555583715625 0.2803345265625 0.550456759375 0.2861944796875 0.5427125796875 0.28552605 0.540599796875 0.2625400453125 0.5282272375 0.260208975 0.528105071875 0.2551113703125 0.5312142625 0.2518268171875 0.5344184734375
13 0.3777257734375 0.5752994578124999 0.337059384375 0.563298903125 0.3258666625 0.558816534375 0.3133370796875 0.5501085984375 0.30815692656250004 0.54983711875 0.30136733437499996 0.54558550625 0.2943605546875 0.545478015625 0.289645225 0.5512044328125 0.2826259734375 0.556290665625 0.2768056421875 0.5583231046875 0.2619064703125 0.5601394625 0.261334159375 0.5611483453125 0.2661613859375 0.5681540218750001 0.27265125156250003 0.57316908125 0.2976550203125 0.5866862640625 0.31321125 0.5971111328125 0.3271444640625 0.603814878125 0.338132475 0.6072476421874999 0.3868258953125 0.60979955625 0.38787109375 0.5898559750000001 0.3858533296875 0.5887113515625 0.38097180625 0.5827417046875001 0.3777257734375 0.5752994578124999
21 0.3604866953125 0.354154334375 0.349989553125 0.3512667328125 0.3278099203125 0.3482863140625 0.322602621875 0.3485328484375 0.32061310781249996 0.351804928125 0.3197828875 0.3577349546875 0.3192127796875 0.36861327187500004 0.3201831421875 0.379832040625 0.3188506875 0.395345346875 0.3162752875 0.3998853171875 0.31132809687499996 0.4050801421875 0.28911215 0.4226156171875 0.28438324375 0.428601040625 0.28034991875 0.4361812328125 0.280664321875 0.44009349374999995 0.284195409375 0.44209658437500005 0.29313850937499997 0.444902740625 0.3027636109375 0.44956267343749995 0.3078894671875 0.4508701859375 0.3138873640625 0.450405365625 0.32141105468750003 0.44560528593750004 0.34609381093749997 0.42560190000000003 0.3601040625 0.41101272968749997 0.372016209375 0.4017676984375 0.385958590625 0.3884735640625 0.3977621421875 0.381300596875 0.401128140625 0.3765423390625 0.392838796875 0.3711732546875 0.37503404218749997 0.36400689218750004 0.3604866953125 0.354154334375
21 0.4752930953125 0.472889103125 0.49058701562499996 0.4684962453125 0.496229784375 0.46489618593750004 0.5019550984375 0.4646767984375 0.5113765906250001 0.4732218453125 0.5221881390625 0.480021709375 0.5249014828125 0.48276109843750004 0.5275491578125 0.49666496093749996 0.531611834375 0.498436190625 0.5335334796875 0.49645915 0.5347030484374999 0.484053934375 0.5314287640625001 0.472194984375 0.53026946875 0.46953703750000003 0.5270109609375 0.46728851562499996 0.523124746875 0.4621501890625 0.5188426828125 0.4546536453125 0.5171099734375 0.44806986406249993 0.5135642078125 0.44139106562499997 0.5067327921875 0.4329817578125 0.5017291046875 0.42934317968749997 0.495321784375 0.4277087921875 0.48088412968750005 0.420718890625 0.47220003750000006 0.41792630624999993 0.461374915625 0.41138545000000004 0.454394184375 0.4058252265625 0.41945200781249997 0.38867056875 0.4185109984375 0.3868032171875 0.4122122703125 0.38309676875 0.4062008 0.3838205984375 0.398582090625 0.3904337296875 0.3899816453125 0.3959565359375 0.33098186093750004 0.45130125000000004 0.33088684218750003 0.4531143015625 0.3323865921875 0.45423177656249997 0.37212554375 0.464105975 0.3809057546875 0.47002022343750005 0.383810234375 0.4740682265625 0.3896859640625 0.47593447343750006 0.3926718890625 0.47842842812499997 0.3901100625 0.4827093921875 0.391636959375 0.48330884999999996 0.3942949046875 0.4821495515625 0.39449961718750004 0.48319915625 0.3970896921875 0.48333489687500003 0.418504775 0.48108086875 0.4524619109375 0.48234104999999994 0.46170363906249995 0.47944904062499993 0.4752930953125 0.472889103125