17 0.6956421578125 0.2870169984375 0.6831295 0.280877759375 0.414301684375 0.8370401031249999 0.42131004375 0.8604371140625 0.6956421578125 0.2870169984375
17 0.5300080046875 0.6380333499999999 0.52386668125 0.624551615625 0.11980788125 0.7327721984375 0.11290326875000001 0.7455699703125 0.5300080046875 0.6380333499999999
17 0 0.655216965625 0.3453756171875 0.5669413546875 0.3520531375 0.547551796875 0.0005691859375 0.6398857453125 0 0.64046285 0 0.655216965625
17 0.0789062421875 0.7054049625000001 0.4335062890625 0.388421815625 0.42386223593750005 0.37804638281249997 0.0772756875 0.6910630703125 0.0789062421875 0.7054049625000001
9 0.5715366984375 0.16974916874999998 0.3830806296875 0.1313561046875 0.2640441 0.093312584375 0.2042833765625 0.085792903125 0.143314746875 0.35346820624999997 0.414774659375 0.40717940625000004 0.5178586843749999 0.421357 0.5715366984375 0.16974916874999998
9 0.7634077078125 0.20722461874999998 0.6553669546875 0.18072404375 0.6205105343749999 0.4015158875 0.8319540890624999 0.4224711296875 0.8990545187500001 0.4237957328125 0.9256151750000001 0.2343717171875 0.7634077078125 0.20722461874999998
9 0.9941926046875 0.60051 0.7971908390625 0.502897084375 0.6299762624999999 0.8033848328125 0.8338761531250001 0.8963232578125 0.9120930953125 0.727153790625 0.9940336703125 0.6027828656249999 0.9941926046875 0.60051
9 0.0200919234375 0.5860769375 0.0429973578125 0.7484848671875 0.047622228125 0.766273684375 0.1119832578125 0.761971434375 0.22477737343749998 0.75911175625 0.39042468750000003 0.80398554375 0.397770265625 0.60916754375 0.254140596875 0.5928642515625 0.1792931921875 0.582360321875 0.14784526874999998 0.587291471875 0.0200919234375 0.5860769375
9 0 0.570505234375 0.0948616828125 0.6349594296875 0.2333989796875 0.506238384375 0.32401620468750003 0.3925513609375 0.1429389703125 0.1955313859375 0.029961717187499997 0.35081535 0.0083096546875 0.3637060109375 0 0.48253961875 0 0.570505234375
9 0.7513535984375 0.20659265468750002 0.5656444140625 0.34271042343749997 0.7339858687499999 0.619117903125 0.9567392671875 0.4421730421875 0.7513535984375 0.20659265468750002
9 0.659651221875 0.50994265625 0.4684673015625 0.50430598125 0.4745353828125 0.41469908593750004 0.41245554687499997 0.40815446875 0.3851609265625 0.4341396484375 0.3471849046875 0.5703261484375 0.4611246609375 0.60481251875 0.5219299375 0.6222567859375 0.5702225546874999 0.6335618109375 0.6830415765625 0.6493464312499999 0.6958120828125 0.5589942812500001 0.659651221875 0.50994265625
9 0.7302563546874999 0.5871196234375 0.39947553281250003 0.6794423328125 0.3953954734375 0.761476928125 0.417232921875 0.8481602468749999 0.631940525 0.8034878140625 0.7334511406249999 0.6048334625 0.7302563546874999 0.5871196234375