9 0.3246656453125 0.5431038125 0.3421906796875 0.5384696875 0.3567716078125 0.5330628109375 0.378256746875 0.5264446015625001 0.3965149765625 0.5222480890625001 0.4108158921875 0.5197912375 0.4199309578125 0.5189150437500001 0.431855190625 0.5168476421875 0.4367720015625 0.4905124234375 0.43660717968749996 0.462465003125 0.4348618328125 0.444686428125 0.4355724890625 0.42528623750000005 0.43463206093749995 0.4227052828125 0.39115115624999997 0.4272903921875 0.357324115625 0.43330005624999995 0.3061977546875 0.437172590625 0.2690071609375 0.43999535468750006 0.264546053125 0.4427468390625 0.2590396546875 0.47219054375 0.24079937343750002 0.5603967828124999 0.2543839625 0.5560358625 0.273126321875 0.5525384265625 0.3027132828125 0.54755645 0.3246656453125 0.5431038125
9 0.51171829375 0.4361443328125 0.5196914390625 0.447789884375 0.526139021875 0.45564812187500003 0.531786471875 0.4648595453125 0.5968383734375 0.44789136249999995 0.6315418265625 0.431989209375 0.6573076671875 0.42008070625 0.6620746468750001 0.41727395156249997 0.6551582984375 0.40232149687499996 0.64684275625 0.39770725156250003 0.6266700203125 0.3780831765625 0.6011175109375 0.348710065625 0.5804362453125 0.3278235546875 0.5654430734375 0.3353515734375 0.5407450234375 0.345369246875 0.5220876765625 0.353151309375 0.501895759375 0.3579253015625 0.48120434218749997 0.3606576078125 0.46365364531250003 0.36317215625 0.474226103125 0.3761947296875 0.47750009374999997 0.3871279390625 0.485434396875 0.40215020625 0.502710203125 0.42353236718750004 0.51171829375 0.4361443328125
9 0.83742435625 0.214618275 0.7862236390625 0.1958436734375 0.7209060859374999 0.1671133640625 0.668379509375 0.14387465625 0.661409178125 0.1511919625 0.6488678390625 0.16390716875 0.631178178125 0.18518017656250002 0.5758696750000001 0.24414281718750003 0.5913701703124999 0.2535469734375 0.613798965625 0.2592815640625 0.6398246515625 0.27160078906249996 0.7015348953125 0.2946583671875 0.7544107624999999 0.327440515625 0.7782126953125 0.3335355125 0.8602194937500001 0.2243211421875 0.83742435625 0.214618275
9 0.8343901828125 0.5824682828125 0.7377507453125001 0.48783975156250003 0.6647265328125 0.5016440140625 0.6181974359375 0.509240646875 0.614586778125 0.5098883265625 0.65430975 0.5718988375 0.688619934375 0.6171994890625 0.694971325 0.6219244140625 0.71062068125 0.6188527484375 0.7053249312500001 0.626769146875 0.7155824828124999 0.6399644734375001 0.8119466875000001 0.615800759375 0.8324499515625 0.6084192640625 0.848422221875 0.6120797875 0.8472793984375 0.6065612375 0.8343901828125 0.5824682828125
9 0.5580406 0.46528366718749997 0.481811590625 0.5047033125 0.483906634375 0.50675184375 0.5241029546875 0.5438373249999999 0.53730690625 0.56019989375 0.5224362703125001 0.5723066 0.47118913593749995 0.6033274484375 0.5032876875000001 0.64584765 0.575034834375 0.6178357531249999 0.6092233593749999 0.5950861093750001 0.6466514109375 0.5623652953125 0.6329905015625 0.5469204171875 0.6192581921875 0.537682909375 0.6037796281250001 0.525022259375 0.5901391203124999 0.5078038859375 0.5778439796875 0.49004921562500003 0.5580406 0.46528366718749997
9 0.335380621875 0.573314075 0.36174262343749997 0.6100296578125 0.393470925 0.6459301421875 0.41238792812499997 0.631327753125 0.4518713140625 0.6139703640625 0.5364133953125 0.5602618421875001 0.4459134921875 0.4721717640625 0.438036509375 0.47674523437499994 0.4320057015625 0.5169957171874999 0.3957823109375 0.5226083828125 0.32010096718750003 0.543361575 0.335380621875 0.573314075
9 0.349652528125 0.59333570625 0.315392484375 0.5728882828125 0.29388679687499997 0.5795663421875 0.2643259828125 0.6049574171875001 0.27046549531249997 0.6164617890625 0.27136241875 0.629367090625 0.2654175 0.6463777015625001 0.26215960312500003 0.656977575 0.28570985625 0.6543073125000001 0.25699218125 0.6972756828125 0.2523119546875 0.7406522609375 0.24354275625000002 0.776013115625 0.30325902656250003 0.718965440625 0.33976905 0.68012510625 0.3831446765625 0.6351030468750001 0.349652528125 0.59333570625
9 0 0.7929153140625 0.029860264062500003 0.727103359375 0.035238637499999996 0.7219792375 0.0686622671875 0.729692253125 0.143130215625 0.79076690625 0.16777944843749998 0.7890578875 0.20873053437500003 0.7588752000000001 0.2357589296875 0.7239139890625 0.07547251875 0.6463371296875 0.0282655671875 0.6807572390625001 0 0.706878809375 0 0.7929153140625
9 0.0648100140625 0.5865714468750001 0.0863518265625 0.6116171109375 0.10883010468750001 0.650138315625 0.23688442968749998 0.5635090765624999 0.24679138437499998 0.5176258625 0.1966759890625 0.462064271875 0.1383440375 0.504021828125 0.08886956562500001 0.5350745296875 0.0497787421875 0.5648657312500001 0.0648100140625 0.5865714468750001
9 0.1759029734375 0.4562878765625 0.1860305296875 0.46574455625000005 0.1938443984375 0.46276467187500003 0.20160219218750003 0.46466492031250006 0.2205409296875 0.45563110625 0.2334012703125 0.47668258437500005 0.2405855265625 0.492844996875 0.2519938953125 0.49774298281249996 0.26413671875 0.438792440625 0.3624886625 0.43156698593750004 0.3624360015625 0.42952775625 0.2887366546875 0.3647557390625 0.27298725468749996 0.3812891625 0.1759029734375 0.4562878765625
9 0 0.5117144078125 0.022545651562499998 0.5027271109375 0.03360408125 0.5057567140625 0.0427396609375 0.50967890625 0.0683020453125 0.5154992234375 0.08200975625 0.5210025609375 0.0925077109375 0.5201575171874999 0.10347444531250001 0.5139255828125 0.116463596875 0.5065417531249999 0.1178805140625 0.5058610734375 0.11930342499999999 0.50465840625 0.12376456875 0.5006467625 0.125318634375 0.4995193859375 0.13489569375 0.49311999687499997 0.14258017812499998 0.487020084375 0.15107035468750002 0.4789053984375 0.140665646875 0.472117728125 0.13941198906250002 0.4524851734375 0.1388298921875 0.4365809890625 0.14624791875 0.42353879375 0.155341540625 0.39785257343749997 0.0691035828125 0.4125632859375 0.025034089062499997 0.4194151 0.0061861484375 0.4617221765625 0.0028262812500000002 0.4877701375 0 0.5032567234374999 0 0.5117144078125
9 0.0057380953125 0.3740043125 0.0040325703125 0.375794740625 0.0013976984375 0.45124760156250004 0.0107644359375 0.4501261578125 0.025883290625 0.4184897875 0.1474633296875 0.395742396875 0.14447776406249999 0.3931750234375 0.0328861203125 0.3512960921875 0.0057380953125 0.3740043125
9 0.219423875 0.4109282578125 0.2267068328125 0.4048914296875 0.2371813703125 0.40644301406250005 0.2464856890625 0.395710328125 0.24340013593749998 0.3119248171875 0.1817077640625 0.297698815625 0.1411603265625 0.345090684375 0.11451879218750001 0.3807800296875 0.1481308546875 0.39471987343750004 0.166741690625 0.4015646640625 0.219423875 0.4109282578125
9 0.34390510937499996 0.298911646875 0.3411239953125 0.3071040671875 0.36987892968749997 0.2891112328125 0.37267539375 0.27958446718749996 0.39171335625000003 0.2595987796875 0.3921492453125 0.250902365625 0.408536584375 0.2277672765625 0.397157475 0.1517727671875 0.38811739843750004 0.15239954687499999 0.3370084296875 0.19772835625000001 0.342770896875 0.22232754843750002 0.34535475625 0.26047977499999997 0.3484282296875 0.2852654046875 0.34390510937499996 0.298911646875
9 0.5859726609375 0.200190753125 0.5818786796875 0.19007075625 0.54293748125 0.1812646375 0.4845095609375 0.16877143125 0.4363702375 0.1627191421875 0.43101386093749994 0.197520353125 0.42780905 0.2411152171875 0.424307796875 0.271316428125 0.48721393749999997 0.2861819671875 0.5830262703125 0.2996603078125 0.5790916109375 0.2892017234375 0.5766126484375 0.2696994296875 0.576741340625 0.258511984375 0.5768545890625 0.24866701562500002 0.5769266546875 0.24240205625 0.583398953125 0.22809193125 0.585787346875 0.21630068125 0.5859726609375 0.200190753125
9 0.2259285171875 0.3074217703125 0.23316322343749998 0.3063692953125 0.23203214062500002 0.3081003265625 0.23479960156250002 0.3090101890625 0.24425208281250002 0.3083548171875 0.25544240937499996 0.30151937968750003 0.26879343125 0.3000428375 0.27841080156250003 0.2850534109375 0.2780069734375 0.271860525 0.2485839140625 0.2215678578125 0.2486283078125 0.217708690625 0.2543027453125 0.20739959687499998 0.2537974515625 0.20302766874999997 0.25048030468750004 0.2016050484375 0.24153946093749998 0.2060810390625 0.23438085000000003 0.200517796875 0.23048865156249998 0.20078765625 0.217061528125 0.20887991874999998 0.14174403124999999 0.23613674375000002 0.13992374375 0.24948383437500002 0.1319871453125 0.2632549890625 0.124126646875 0.270410428125 0.1341288140625 0.270267815625 0.1462916765625 0.27548409375 0.1566469375 0.2929448453125 0.1649493125 0.29567443125000004 0.1687844328125 0.3003663609375 0.19269999375 0.29815734531250004 0.222776259375 0.29166509218750003 0.22266210625 0.30158867031250003 0.21041045625 0.304090728125 0.2259285171875 0.3074217703125