13 0.6146196453125 0.40563577500000003 0.60808404375 0.3878208546875 0.6081737125 0.37173786875000003 0.6129142078125 0.35182035625 0.613444209375 0.33407804375 0.6057116671875 0.3057130921875 0.598880053125 0.30065132656250004 0.591092234375 0.288924328125 0.5878311875 0.2888908140625 0.5817285453125 0.30435738749999997 0.5742293640625 0.314818053125 0.5693513015625 0.3325156796875 0.56260810625 0.399000478125 0.5646924734375001 0.415105803125 0.57203995625 0.42849213124999996 0.5724526515624999 0.4351517828125 0.5685651843749999 0.46006961718749995 0.56971360625 0.496131553125 0.5654269484375 0.5321376359375 0.5666926765625 0.5437976109375 0.5619177875 0.5631601515625 0.56266764375 0.5664955593750001 0.5721136234374999 0.5699203390625 0.5762553359375 0.566635196875 0.5864788078125 0.565076409375 0.590035871875 0.5523567625 0.5947554828125 0.549632175 0.5949827140624999 0.5357690749999999 0.6001703 0.523066184375 0.6152374421875 0.5032547984375 0.6175287765624999 0.478875178125 0.619166678125 0.4439511109375 0.6179285906249999 0.4239721578125 0.6146196453125 0.40563577500000003
13 0.3719062 0.8451715999999999 0.359921390625 0.8533676953124999 0.3431893328125 0.8726073578125 0.32821185625 0.8763357609375 0.32900285625 0.8891000890624999 0.3569072140625 0.9099077015624999 0.4080380859375 0.919861653125 0.5048923890625 0.931394725 0.5595803187499999 0.9286290296875 0.5619539453125 0.9231072484375 0.56126611875 0.9120078312500001 0.5577919703124999 0.8997705453125 0.551669065625 0.888615275 0.540214259375 0.879069059375 0.53314190625 0.8701225000000001 0.521384328125 0.864455496875 0.5115944390625 0.8554810093749999 0.48148841249999996 0.8429700359375 0.461069103125 0.8377686359375 0.440890534375 0.8364520296875 0.419287790625 0.8384484984375 0.40434470625 0.8427318734375 0.3719062 0.8451715999999999
13 0.684670009375 0.904956753125 0.6794068890625 0.9076757531249999 0.673861884375 0.8970810374999999 0.6577494921875 0.8824954015625 0.6371582296875 0.8745191468750001 0.6021673859375001 0.8708318515625001 0.59034778125 0.87292885625 0.5851190546875 0.8762028265625 0.5806401796875 0.8828122078125 0.5725563453125 0.88383836875 0.5622364531249999 0.89260619375 0.5595600593750001 0.9020071843749999 0.5629033953125 0.9208985375 0.5729475359375 0.9515057171875 0.5773023484375 0.9604243484375001 0.5835216734374999 0.964370584375 0.6035282875 0.9629123359375 0.622241534375 0.9581130890624999 0.6728909265625 0.9602974484375 0.6905171593749999 0.95548703125 0.719866578125 0.95578864375 0.744214496875 0.9455011296875 0.7529726484375 0.9378264890624999 0.7511013859375 0.9339249359374999 0.7317967328125 0.92041573125 0.72278433125 0.906457678125 0.7165306171875 0.9019564687500001 0.694240046875 0.8928535171875 0.684966025 0.8922035953125 0.6834386765625 0.89385175 0.684670009375 0.904956753125
13 0.3238791703125 0.76259465625 0.327635203125 0.7881456578125 0.3346111375 0.8043012546874999 0.3492649625 0.8216449859375 0.3566400828125 0.8267123390625001 0.36656754375 0.8379067093750001 0.38226723906250004 0.8458326921875001 0.3921535515625 0.84759814375 0.40947701406250003 0.8466669359375001 0.4163706578125 0.8439646937499999 0.42719966718749997 0.8346474828125 0.4355930234375 0.8386160625000001 0.439191228125 0.835325334375 0.43952839062500004 0.83200109375 0.43527674687499995 0.8247473734374999 0.4274956828125 0.8218943234375 0.423478028125 0.8096514515625 0.42014206718749997 0.755819275 0.41432868593750005 0.7496587406249999 0.40342413906249996 0.748992059375 0.36857761718750004 0.7563985984375 0.326899478125 0.758743371875 0.3238791703125 0.76259465625
13 0.41898138593749995 0.6143798953124999 0.412314975 0.6032190390625 0.38433508125000004 0.5724275390625 0.37753785624999997 0.5679207453124999 0.362863146875 0.5677699390625001 0.3364241109375 0.5530781796875 0.3018392109375 0.5471765859375 0.289510490625 0.549822975 0.2832291359375 0.55364074375 0.2777320296875 0.5613488984375 0.2752619859375 0.5740797171875001 0.278343696875 0.6062792 0.2886083140625 0.614149328125 0.296870859375 0.6247719703125 0.30496819999999997 0.6414937109375 0.311765421875 0.6460005015625 0.3244380546875 0.6489038218750001 0.366391325 0.6509988140625 0.3709733734375 0.6460543453125001 0.3688546171875 0.6293940484375 0.37173735625000004 0.62332288125 0.375507521875 0.622807009375 0.37979355312499996 0.6306156984375 0.38245581875 0.64728158125 0.3896657375 0.658448025 0.3951695953125 0.6596138218750001 0.406886028125 0.65585190625 0.416703559375 0.6565074140625 0.41874002499999996 0.654309871875 0.42209748906250005 0.64713435 0.42263424374999997 0.6382659875 0.41898138593749995 0.6143798953124999
13 0.536425084375 0.765333540625 0.5785435515625 0.7613294374999999 0.594030146875 0.7570516515625 0.6001739359375 0.7510139953125 0.5965001937500001 0.7443208343750001 0.5656443109375 0.7284744484375001 0.5587439140625 0.72230274375 0.521579040625 0.71859310625 0.4847169359375 0.711004259375 0.4515838484375 0.6934706187499999 0.4496505578125 0.697333075 0.4537026046875 0.71013091875 0.454356040625 0.720675365625 0.45884841875 0.7318138796875 0.47805665625 0.7525321218750001 0.4859065 0.7564951140625 0.5041517796874999 0.761674171875 0.536425084375 0.765333540625
13 0.5391316078124999 0.5723544828125 0.5538407078125 0.5730602593749999 0.5581476234375 0.5636760234375 0.556682303125 0.557560171875 0.5450899312499999 0.5457940734375 0.5284063953125 0.53952183125 0.515520659375 0.5244147375 0.5071273046875 0.5204461578124999 0.4950602078125 0.5097844171875 0.47660858125 0.5012755359375001 0.4667155171875 0.49063613437500003 0.4542768671875 0.48274366406249997 0.4313948890625 0.4553322578125 0.42543718906250005 0.4380778890625 0.4182272703125 0.426911446875 0.41791037031249995 0.4568575328125 0.41439445625 0.4790061 0.413733640625 0.5034024765625 0.4190784296875 0.5633560890625 0.4237016203125 0.5678405390625 0.428084075 0.5684401921875 0.43619554374999997 0.55909505625 0.44814596250000005 0.5503439859375 0.4566081015625 0.5554225078125 0.46834479218749997 0.5782824359375 0.4840371109375 0.6211492453125 0.492031275 0.63620606875 0.5057976796875 0.6479945093749999 0.5135511078125 0.6591665375 0.5156698625 0.675826834375 0.5275306109375 0.6831587515625 0.5641108328125 0.6774338859375 0.5655006171875 0.6735658421874999 0.5624324109375001 0.6591142578125 0.5578368546875 0.64631083125 0.551479965625 0.640144709375 0.54834973125 0.6334571328124999 0.5384087656250001 0.604514865625 0.5333937625 0.5761778359374999 0.5391316078124999 0.5723544828125
13 0.51912375 0.661442278125 0.5162477609375 0.6763873921875 0.5216895906250001 0.68531719375 0.5277369609375 0.686488578125 0.546484596875 0.6822442984375 0.5634365125 0.6840823625 0.570061778125 0.6858143015625 0.5936801046875 0.698813221875 0.6229674890625 0.7068788406250001 0.6004294296875 0.6850171453125 0.59308194375 0.67163081875 0.57910919375 0.656512553125 0.5723119703124999 0.6520057609375 0.5652052234375 0.64250423125 0.5561651875 0.6368651546875 0.5431210015625 0.6367311015625 0.5429214078125 0.642275228125 0.536543634375 0.653302034375 0.52638894375 0.6559707640625 0.5259830015625 0.6581850640625 0.51912375 0.661442278125
13 0.604824765625 0.74717946875 0.6102598421875001 0.7472353234375 0.6116152359375 0.7428123140625 0.6138236578125 0.7433896265625 0.61770375 0.7534126156250001 0.630073615625 0.760195146875 0.6570837968750001 0.7665735125 0.6745104328125 0.7673072171875 0.7017478515625 0.759822484375 0.70996925 0.7610162093749999 0.7097972921875 0.7582413531250001 0.6555638234375001 0.7332808453124999 0.6390111 0.7203545359375 0.6255198296875 0.7130058640625 0.602211025 0.70500168125 0.5847843859374999 0.7042679781250001 0.54976590625 0.708899659375 0.5461677 0.7121903890625 0.5633671046875001 0.7267871953125 0.587597721875 0.740901640625 0.604824765625 0.74717946875
13 0.37004116875 0.4031223203125 0.38036781875000003 0.4032284453125 0.3832849484375 0.3977122484375 0.3953796859375 0.40005501250000003 0.4020190828125 0.375720075 0.41588928125 0.3453586546875 0.41564854375 0.341473859375 0.41156885781249997 0.33699499374999997 0.40219166093750003 0.3346801546875 0.3793367015625 0.3427645453125 0.3600523046875 0.35587718437500004 0.35390851875 0.3619148390625 0.35269069062499997 0.368557734375 0.34233640625 0.3767705859375 0.32614785468749996 0.39601583281249997 0.3184146875 0.4114656515625 0.2953324953125 0.433413140625 0.2862648203125 0.436093040625 0.281242440625 0.44269683750000005 0.26564529531250003 0.4802505375 0.26078811874999996 0.480755240625 0.25562817031249996 0.4851391515625 0.264138209375 0.5085205421875 0.27490518750000004 0.5069673375 0.2828790921875 0.4954023171875 0.29221514375 0.48828823281249994 0.30437190625 0.482866990625 0.31038488750000004 0.48348340156249997 0.30905713125 0.47958743125 0.302769025 0.47453125468749996 0.30358090781249997 0.4701026578125 0.336604690625 0.4332826640625 0.35320593906250003 0.420697071875 0.37004116875 0.4031223203125
13 0.541048378125 0.2789815453125 0.5137980796875 0.22490360781250002 0.5032927218750001 0.2131486828125 0.4961583390625 0.21196613281249999 0.48929908749999995 0.21522334375000002 0.48614796718750003 0.225728690625 0.49293781406250003 0.26517630937500003 0.49544838125 0.3056891828125 0.4948772375 0.31400257656249997 0.4883962890625 0.32336446875 0.4840961234375 0.34162265468749997 0.49023253593750005 0.370525825 0.49150501562500004 0.3910597484375 0.4966784671875 0.4044237328125 0.4991202546875 0.4438266640625 0.51232901875 0.4816763953125 0.52299895625 0.5311469984375 0.528846728125 0.5378625046875001 0.555829275 0.5525598484375001 0.5616082640625 0.5581654109375 0.5664930796875 0.549341734375 0.574330046875 0.49174205468750004 0.5716407671875 0.43958037812499995 0.57223955 0.4229480078125 0.5763333671875001 0.401359996875 0.56986041875 0.331966296875 0.5669641703125 0.320289565625 0.557470290625 0.2985619203125 0.541048378125 0.2789815453125
13 0.5754090578125 0.5705088234375 0.5698775625 0.5776620046875001 0.587971140625 0.6066880515624999 0.6088786828125 0.62853299375 0.62724064375 0.6531248625 0.6335631375 0.6587360125 0.637849171875 0.6665447015625 0.6593346109375 0.6889502000000001 0.6630771359375001 0.69675330625 0.6753505828125 0.710744871875 0.6861930984375 0.7191755578125 0.6916349296875001 0.7281053625 0.7015151125 0.6771820921875 0.699533921875 0.6627416765625 0.6864971125 0.6276668015625 0.667598403125 0.611943296875 0.6624593390625 0.599134284375 0.6512729078125 0.5851538859375001 0.6122576578125 0.560349771875 0.5984980078125 0.5574352828125 0.5921478718750001 0.560143109375 0.5870567062500001 0.565636965625 0.5754090578125 0.5705088234375
13 0.7067899718749999 0.332818859375 0.699098575 0.3138828234375 0.67003841875 0.2919541015625 0.6538848828125 0.2679395484375 0.6448104531250001 0.2617454984375 0.6294546734375001 0.2593692234375 0.6102046718749999 0.2730368328125 0.6057257984375 0.279646215625 0.5998503859375 0.2812496890625 0.59696764375 0.2873208546875 0.5989832265625 0.3023162390625 0.605512071875 0.3112572140625 0.610382759375 0.3285004109375 0.607808915625 0.3833810875 0.6115993375000001 0.40948705937499996 0.6150728625 0.46553911875000004 0.6191316625 0.48721091093749996 0.62198676875 0.489458721875 0.62565375625 0.4872779359375 0.6348110984375 0.46851505 0.6411956265625001 0.46636219062500006 0.6663345453125 0.46883900624999997 0.6804381078125 0.4773032046875 0.7080261921875 0.4842421296875 0.724262640625 0.48329975156250005 0.7387586374999999 0.4718017546875 0.741903003125 0.45242245781249996 0.7368744921875 0.40633753125 0.72921073125 0.3790825203125 0.7189669984375 0.3540194640625 0.7067899718749999 0.332818859375
13 0.3777639453125 0.15085074375000002 0.3753559296875 0.1558175546875 0.3791395984375 0.173049578125 0.40073496718749996 0.2059939375 0.40651395625 0.2115995015625 0.41202457031249995 0.2216392453125 0.42062427187500007 0.22893765 0.424944696875 0.237301309375 0.4647509484375 0.2748697578125 0.47236005781249996 0.274947953125 0.48655328593749997 0.267329165625 0.49147249375 0.259060459375 0.487000996875 0.2307290171875 0.48620324375 0.2090907359375 0.487558634375 0.204667728125 0.49170035 0.2013825828125 0.4914596109375 0.19749778906249998 0.47586308749999995 0.191236715625 0.46094088906249997 0.1783271640625 0.444257353125 0.172054921875 0.43450185 0.16363540468749999 0.41890532968749994 0.1573743328125 0.4080284234375 0.148388675 0.384520025 0.1459286140625 0.3777639453125 0.15085074375000002
13 0.5620879765625 0.2065428765625 0.5731368406249999 0.21830339062499998 0.5787506296875 0.23000804531250002 0.581041340625 0.249443196875 0.5785025125 0.261064075 0.5836827203125 0.28330200781250003 0.588986984375 0.29001192656249997 0.5917389156249999 0.2905948234375 0.5993068781249999 0.28124410312500003 0.6129222078125001 0.2730647609375 0.6667159671875 0.2558698234375 0.6818930375 0.246597296875 0.6848789531249999 0.24219104218749998 0.6845970703125001 0.2288773265625 0.6749379890625 0.2132487734375 0.6674253 0.205961540625 0.6439789328125001 0.1957374765625 0.6151730234375 0.195441446875 0.59853063125 0.1985981234375 0.5697591140625 0.198857065625 0.56130373125 0.202652496875 0.5620879765625 0.2065428765625
13 0.5093812343749999 0.22374898437500002 0.524509784375 0.23998836093749998 0.5359578375 0.24066062656249998 0.5513203734375 0.25191085156250004 0.5748631625 0.25492588125000004 0.5806353984375 0.25165749531250003 0.583539025 0.2283934015625 0.5746850734375 0.19946230468749998 0.5695183765625 0.1949722703125 0.554499753125 0.189271753125 0.542639003125 0.18193983593750002 0.4967712515625 0.1692668859375 0.489299709375 0.171408571875 0.47993602187500006 0.1868416328125 0.4794060203125 0.20458394218749998 0.48570088125 0.218514071875 0.4907988 0.2218941640625 0.5032650828125 0.2214676609375 0.5093812343749999 0.22374898437500002
13 0.47070065000000005 0.37087971875000003 0.464061253125 0.3952146578125 0.462864309375 0.384664625 0.45360441875 0.35794782187499996 0.45355652031249993 0.3396449578125 0.4517196484375 0.33629837500000004 0.4469036125 0.346231996875 0.4414685359375 0.34617614375 0.42920184375000003 0.341058525 0.42193664843749995 0.3465300359375 0.42041605468750004 0.357052140625 0.4142446296875 0.371408771875 0.41235248125 0.3847001484375 0.41345300625 0.402459215625 0.42125433125 0.4319341125 0.440882015625 0.46818595468749996 0.4657728203125 0.5017187984375 0.482972225 0.516315603125 0.4946954078125 0.5214276359375 0.5056687375 0.5232042578125 0.5203845921875 0.5327839859375 0.5231641609375 0.5250479046875001 0.5210730406249999 0.5000686296875 0.5160303984375 0.4800505796875 0.50157616875 0.4571627234375 0.4929629578125 0.432116421875 0.48699850468749994 0.40598810781249994 0.48810640312500003 0.38880634999999997 0.4810340484375 0.37985979062499997 0.47630092968750004 0.3648364796875 0.47070065000000005 0.37087971875000003
13 0.28036790312500004 0.49870421406250004 0.26345037968749996 0.497421121875 0.2595150140625 0.504036090625 0.2557104609375 0.5039969906249999 0.269106440625 0.7201671015625 0.279821278125 0.717772490625 0.285070890625 0.6973055953125 0.2915862296875 0.6884986703125 0.2895430109375 0.6818222625 0.2867910828125 0.6812393640625001 0.2868666171875 0.69122325625 0.28513291875 0.6895415859375 0.286075615625 0.6784589249999999 0.280248728125 0.65455049375 0.276306609375 0.6522915140625 0.273286303125 0.656142796875 0.2699908640625 0.6555543125 0.266317121875 0.6488611484375 0.26688151250000003 0.63167380625 0.2726813890625 0.62008644375 0.270734590625 0.6062010015625 0.271918025 0.5990031359375 0.2790868 0.6007406609375 0.281597990625 0.5974387609375 0.2726347375 0.51415403125 0.27487079531249997 0.5064123656249999 0.28036790312500004 0.49870421406250004
13 0.7695628828125 0.7322339078125 0.7741860765624999 0.7367183578125001 0.8078491624999999 0.7365096859375 0.8290392093750001 0.7278535703125 0.8362012296874999 0.7207171453125001 0.8451589765625 0.70749838125 0.8437556875000001 0.6936185218750001 0.81382899375 0.6489415796875 0.8075415093749999 0.6000706296875 0.802980346875 0.5878221734375 0.7948553671874999 0.5794194140625 0.7652996015625 0.575787971875 0.7540922906249999 0.579000503125 0.7600905109375 0.6494985609375 0.7565334499999999 0.6622182078125001 0.756478175 0.6788561625 0.761211296875 0.6938794749999999 0.7655796171875 0.72054600625 0.7695628828125 0.7322339078125
13 0.4198736921875 0.7602534578125 0.41716290625 0.7690994796874999 0.41670844218749997 0.7968256796875 0.4179741671875 0.8084856531250001 0.42188865 0.819063615625 0.445713321875 0.8353923609375 0.4622249015625 0.8388897500000001 0.5078586671875 0.8565518515624999 0.5502381390625 0.8830543937499999 0.564266165625 0.881534703125 0.5676924156250001 0.875469121875 0.57113279375 0.8433366625 0.566351775 0.8100104828125 0.5650105125 0.7883666203125 0.5670402265625001 0.77729513125 0.5652033546874999 0.7739485484374999 0.5517808625 0.7677098171875001 0.5294626546875 0.7669258421875 0.50194335625 0.7610968609375 0.469126546875 0.7574319078125 0.45839395468750005 0.7595400828125001 0.42245366406249996 0.7580614999999999 0.4198736921875 0.7602534578125
13 0.7304193140625 0.5388247671874999 0.719473621875 0.52872916875 0.7122704546875 0.526436671875 0.6932132953125001 0.5256862109375 0.6811805890625 0.515579440625 0.6764198296874999 0.50887510625 0.6584429296875001 0.499261865625 0.636771403125 0.5001483906249999 0.6298433703125 0.5022956625 0.6222066234375 0.51053644375 0.60590814375 0.5192428296875 0.602013925 0.5352867140625001 0.6158491109375 0.5481850953125 0.62447645 0.547164521875 0.6299047734375 0.5383464296875 0.63972230625 0.5390019390624999 0.658792975 0.557500296875 0.6881073765625 0.6010617125 0.697690921875 0.6067063734375 0.706393796875 0.615669690625 0.7215432328125 0.6147161421875 0.7265379750000001 0.6164313234375001 0.7322825734375 0.621481915625 0.7422167843749999 0.6415502359375 0.75923748125 0.6444982390625 0.7642598625 0.6378944421875 0.761501803125 0.584622821875 0.75932101875 0.5757265328125001 0.7513268531249999 0.5606697078125 0.7449011796875 0.553393646875 0.7353176359375 0.547748984375 0.7304193140625 0.5388247671874999
13 0.753399578125 0.4275828171875 0.7501041421875 0.42699433593749997 0.745384528125 0.429718921875 0.7445038609375 0.43303757656249997 0.7444277031250001 0.466868459375 0.7521258515625 0.494678440625 0.7673987203125 0.5220116499999999 0.77060449375 0.5386831203125 0.7656852859375001 0.546951828125 0.7666070984375 0.55306209375 0.7837721109375 0.5671039296875 0.8160110250000001 0.5702083250000001 0.8392645515625 0.5948504640625 0.8590371796875 0.598381365625 0.8638188187500001 0.587892771875 0.866144546875 0.564068121875 0.8648444296875001 0.551853178125 0.8557153484375 0.5184823125 0.8522620859375 0.48905210156249995 0.8389845390625 0.45009243125 0.8297725453125 0.4416785 0.8268621640625 0.45606864375 0.8167418671875 0.45929234531249996 0.8028102609375001 0.45360300000000003 0.791658221875 0.440177575 0.76268035625 0.43710669218750003 0.753399578125 0.4275828171875
13 0.7300508765625 0.32252017187500004 0.7203709125 0.324084546875 0.7076638859375 0.3206262546875 0.7035221734375 0.3239113984375 0.70298541875 0.3327797625 0.7101953375 0.34394620468750003 0.7157814874999999 0.3639698390625 0.72813046875 0.387945296875 0.7384497390625 0.42299224375 0.7429212374999999 0.45132368906250003 0.7473104453125 0.46079728906249995 0.753935709375 0.4625292296875 0.7597079453125 0.4592608421875 0.7673858390625 0.4604489796875 0.773096046875 0.464944603125 0.7792189484375001 0.47609987656249997 0.7849979390625 0.48170543906249996 0.796480384375 0.482932675 0.812317646875 0.4930785453125 0.8198923625000001 0.49260176875 0.824770425 0.47490414062499997 0.8236220015625 0.438842203125 0.8046409984375 0.40426086093749997 0.79009035 0.3885820390625 0.7757669328125 0.3590401171875 0.764649284375 0.34616966250000003 0.7404806984375 0.3242912109375 0.7300508765625 0.32252017187500004
13 0.8149959078125001 0.352233234375 0.8156567203125 0.3278368578125 0.819929246875 0.3178976484375 0.8116323124999999 0.3067200375 0.774921903125 0.27528419843749996 0.7779428328125 0.22761814062500002 0.7755557 0.2153920265625 0.770898115625 0.2103526046875 0.7504437921875 0.24841100625 0.7417888140625 0.2577505578125 0.7226628703125 0.255890153125 0.71682185 0.2580486 0.709150715625 0.265734409375 0.700998096875 0.2656506265625 0.686522984375 0.2599556953125 0.6756528296875 0.2598439875 0.6640395734375 0.265270815625 0.6596982640625 0.27410008124999996 0.6697356531249999 0.2958333140625 0.6774202953125 0.3058953984375 0.687547346875 0.3115456453125 0.6968901515625 0.3133055125 0.7070583484374999 0.328384678125 0.712087484375 0.33065483125 0.7311102546875 0.33085032187499996 0.740150290625 0.33648939843750003 0.7583611765625 0.3411134859375 0.7707654359375 0.3484509859375 0.7851373749999999 0.3524810046875 0.8014493593750001 0.3615225171875 0.8057974234374999 0.3615672015625 0.8105170359375 0.3588426140625 0.8149959078125001 0.352233234375
13 0.5967679484375 0.7837014234375 0.5911609140625 0.780870715625 0.5857878640624999 0.773050853125 0.5736931296875001 0.7707080890625 0.5653753109374999 0.7767234015625 0.5676451375 0.8133514796875 0.572350621875 0.8366937703125 0.5698873296875 0.8582985359374999 0.5694396171875 0.8948986874999999 0.57389760625 0.9054822328125001 0.5828000796875 0.908901425 0.5913862765625 0.8984519328125 0.5971517609375 0.8863095968750001 0.6055383609375 0.8814042265625 0.6231369546875001 0.8849127859375001 0.6433431609375 0.8779104125 0.6536698078125001 0.8780165359375 0.652844415625 0.8646972343750001 0.643426075 0.8529534812499999 0.6366288515625 0.8484466875000001 0.6346820531249999 0.8345612421874999 0.6424084671875 0.8102374765624999 0.657172840625 0.7943053 0.65751 0.790981059375 0.6541113890625 0.788727665625 0.6394710734375 0.7891318265625 0.61354115 0.7738906812499999 0.60545731875 0.7749168421875 0.5967679484375 0.7837014234375
13 0.7999292859375 0.8190662968750001 0.794487453125 0.81013649375 0.7946182640624999 0.8034824265625 0.8081304234375001 0.793638171875 0.8057156515624999 0.7897310359375 0.7975630359375 0.789647253125 0.7901602750000001 0.79289888125 0.785784578125 0.8011731765624999 0.7751207703125 0.8043912921875 0.7663626171875 0.81206593125 0.7531188390625 0.81747600625 0.7442163671875 0.8140568125 0.7353071421874999 0.8017636703125 0.7269137875 0.7977950921875 0.70578576875 0.7986872015625 0.7040932140625 0.8064344531250001 0.7087851890625 0.81202884375 0.7122249453125 0.8237111609375001 0.7186506203125 0.8309872234375 0.7232050296875 0.8343617312499999 0.72921800625 0.8349781437500001 0.7316671671874999 0.83944025 0.74179421875 0.8450904984375001 0.7621103515625001 0.8486269875 0.7745766374999999 0.848200478125 0.7851440249999999 0.8521914 0.794418046875 0.8528413234375 0.8018552015625 0.8501446640625 0.8162480249999999 0.8369817562499999 0.8124711093749999 0.8286236812500001 0.7999292859375 0.8190662968750001
13 0.6397320734374999 0.8196384703125 0.6416788703125 0.8335239124999999 0.6511383562499999 0.8546965890625 0.6574264640624999 0.8597527656249999 0.6693148515625 0.8587657046875 0.6829093 0.8677792906249999 0.6917429875 0.8700885406250001 0.7099329875 0.8919055546875001 0.7178516171875 0.8969784890625 0.7333793578125001 0.9021296171875001 0.7414699453125 0.9099774078125 0.7436095828125 0.909444778125 0.7454740906249999 0.90447238125 0.7446830921875 0.8917080531250001 0.741140159375 0.878360825 0.7210309984375 0.8343393875 0.7047466499999999 0.8169789 0.6789610500000001 0.8128315875000001 0.668737575 0.814390375 0.6480154984375 0.8130681890625 0.6411906375 0.8168803718750001 0.6397320734374999 0.8196384703125