9 0.7645680953125 0.3849913546875 0.769743603125 0.3801419828125 0.775384340625 0.37240339375 0.778412103125 0.3637971140625 0.8203934640625 0.180457571875 0.820822059375 0.1773959921875 0.79484820625 0.055198628125 0.7222378468749999 0.052546979687499995 0.6338265796875 0.0542661328125 0.6182119703125 0.053165971874999995 0.597709421875 0.0557291125 0.5946522984375 0.0591193 0.5938656234375 0.064304703125 0.59031168125 0.11486756718749999 0.5872199390625 0.1358677203125 0.5807353484375 0.1980327234375 0.5783361953124999 0.23752510781249997 0.5758745484375 0.25641166718749997 0.571301315625 0.3136045453125 0.5641911421875 0.3715569328125 0.565653840625 0.37716889062500003 0.5682329390625 0.3791466984375 0.5797334890625 0.381203534375 0.620700196875 0.3835135796875 0.63007408125 0.38318216562499996 0.6669688875 0.389186203125 0.6974919796875 0.391872921875 0.710370909375 0.3940670890625 0.74810734375 0.3951442609375 0.753071315625 0.3931081578125 0.7645680953125 0.3849913546875
11 0.91175905 0.675042740625 0.913814196875 0.6694775828124999 0.913750959375 0.66537160625 0.9084504578124999 0.6290093296875 0.901882971875 0.560027103125 0.901775878125 0.5582537734375 0.878542790625 0.44895069374999996 0.8548636484375001 0.416257325 0.8342270828125 0.3902612328125 0.8107238484374999 0.363473403125 0.806998984375 0.359913659375 0.8025341171875 0.35795042499999996 0.7940523046875 0.35993972812499997 0.7842214734375 0.3670077921875 0.768352425 0.38248342968750004 0.7562044765625 0.391345171875 0.744242465625 0.4023511953125 0.73195073125 0.41180596718749995 0.7237180984375 0.42004552500000003 0.7022805796875 0.4347133109375 0.6969063328125 0.43989717500000003 0.6880097296875001 0.45136044531249997 0.6795821296875 0.4701081375 0.6767275171875 0.4833374734375 0.6759069671875 0.4896329921875 0.676735059375 0.50368475625 0.6761343265625 0.511014440625 0.672019525 0.5284709671875001 0.6694351703125 0.54931921875 0.671510653125 0.5616225703125 0.6821605500000001 0.5812586843750001 0.6925943984375 0.6100342765625 0.7018787078125001 0.6270542906250001 0.7097891546875 0.6376107656250001 0.7189379671875 0.659071246875 0.7397220859375 0.694647946875 0.7657788265625001 0.7283711359375 0.7962710734375 0.7588414625000001 0.8012644078125 0.76202145 0.8064903578125 0.7637568296875 0.8252719984375 0.7619838875 0.830798315625 0.7600544234375 0.8374621140625 0.7558594640625 0.8449464578124999 0.745368984375 0.8551875609374999 0.7351531578125 0.861479471875 0.7266696328125 0.89901036875 0.6912341640624999 0.91175905 0.675042740625
9 0.5120434125 1 0.5301220140625 0.9958177109375 0.5371704937499999 0.9934325421875 0.5404474390625 0.9910765218750001 0.541529965625 0.988552484375 0.539978440625 0.983792096875 0.5345582624999999 0.9760650015625 0.5224878281249999 0.953554240625 0.516357753125 0.9361399015625 0.51162788125 0.9037316921875 0.49270616250000004 0.82359841875 0.4917636484375 0.8153557828125001 0.4915408 0.787648121875 0.48968136875 0.7662052984375001 0.4861815765625 0.7408536625 0.4846428453125 0.7336145015625 0.48318843125 0.731849975 0.47979329374999996 0.7298414796875 0.436166940625 0.7302526375 0.3526692046875 0.7233509390624999 0.3023496921875 0.722740965625 0.2798085671875 0.7385641296875 0.2753391859375 0.7429271046875 0.2741128734375 0.746044178125 0.2675469953125 0.8294080390625 0.2618836953125 0.8687776671874999 0.2525075859375 0.9186086328125 0.2476558109375 0.9643351609374999 0.2478410109375 0.9829792906250001 0.24919756718750002 0.9982478125 0.2501121953125 1 0.5120434125 1
9 0.5531703453125 0.7018239671875001 0.54628673125 0.7049847625 0.5401348375 0.7027016125000001 0.536980596875 0.7030959421875 0.5353146484375 0.7041446812500001 0.5335809499999999 0.7074136546875 0.5264903125 0.707061509375 0.5232133671875 0.7094175296875 0.52601605625 0.72260314375 0.5257156921874999 0.7262679875 0.517254215625 0.746125796875 0.5057273312499999 0.765526359375 0.5028433531250001 0.7735396031249999 0.5032604296875001 0.8072389765624999 0.503818259375 0.8136718249999999 0.5059193328125 0.821017625 0.4977838140625 0.8322530421875 0.4993774984375 0.83975074375 0.5048315515625 0.846367721875 0.5165812828125 0.854674815625 0.52167624375 0.854524453125 0.5246949765625 0.8585705906250001 0.5283776859375 0.8593930203125 0.5349526515624999 0.8560496328125 0.54946816875 0.8519789671875 0.5605546718750001 0.8470099234375 0.5775732546875 0.8432898625 0.5832855109375 0.84350468125 0.5867611953125 0.8408141671875 0.5900592171875 0.839826803125 0.614696903125 0.8376756484375001 0.6290430437500001 0.839155565625 0.6671566203125 0.821695246875 0.6761796984374999 0.8184439265625001 0.677097359375 0.8151442640625 0.6750685484375001 0.799252021875 0.6779864015625 0.7901286609375 0.676123196875 0.75851219375 0.66957530625 0.723898328125 0.6671866640624999 0.7177385953125001 0.6646632609375 0.6995194812500001 0.6620209234375001 0.6934356984375001 0.659065425 0.6934955359375 0.656405778125 0.6962167406249999 0.654439465625 0.700930321875 0.650443596875 0.7062515125 0.6486338640625 0.7078932859375 0.6447734984375 0.708774009375 0.6330952890625 0.708420321875 0.626490959375 0.7065476171875 0.599143184375 0.7048352265625 0.584885875 0.7025037328125 0.5688399109375 0.7031826734375 0.560857203125 0.7011726390625 0.5531703453125 0.7018239671875001
9 0.72272606875 0.6667369640625 0.7159862375 0.669304725 0.709259203125 0.6693937109375 0.6977330625 0.6722944234375 0.6671753515625001 0.68721766875 0.6650102984374999 0.6922657453125 0.66815476875 0.721023684375 0.6758145484375 0.758329603125 0.677492553125 0.7713019375 0.6774541640625 0.7787382640625 0.67609235 0.7862958015625 0.676793965625 0.7921356171875 0.674527284375 0.80051404375 0.676589971875 0.8152961671875 0.6740063593750001 0.81964456875 0.6690213078125 0.8203120140625 0.6649832828125 0.8228958890625 0.658188496875 0.8252051078125 0.6534654234375 0.8296440359374999 0.6610544265625 0.8424966953125 0.6932502656249999 0.8809818078125 0.7006789125 0.8867326375 0.70574 0.8876923937500001 0.725967775 0.88383654375 0.7442887015624999 0.8786266125 0.7614638625000001 0.8718347421875 0.777192896875 0.8671257796875 0.8041100578125 0.8541174234375 0.8205369359375 0.8450746312499999 0.8446551781249999 0.829054303125 0.8459914 0.8264543140624999 0.8450571703125 0.822059109375 0.7958269234375 0.7630993390625 0.7838197265625 0.7446945546875 0.7505541546875001 0.706254703125 0.724632915625 0.6680910484375 0.72272606875 0.6667369640625
9 0.3411300828125 0.45071174843749995 0.3104458984375 0.45742304687499996 0.2878377640625 0.45896659843750004 0.267774853125 0.46359806875 0.259369071875 0.46721456874999995 0.2575465453125 0.47133511875 0.262589578125 0.49759970468750003 0.2631850546875 0.5130960796874999 0.2597003453125 0.528439009375 0.2618722015625 0.5602380671875 0.2561456625 0.595501725 0.267484378125 0.623456428125 0.276752121875 0.6327815734375 0.2971688703125 0.6577435031250001 0.306356809375 0.6552678078125 0.31383664375000003 0.6511035359374999 0.3152790015625 0.6388469875 0.3173130671875 0.631913171875 0.3173303765625 0.6231081890625 0.3192545328125 0.6156572875 0.321551315625 0.5959951046875 0.322270240625 0.593029934375 0.32436754375 0.5902020921875 0.33062106406249997 0.58915489375 0.3679811 0.5922697109375 0.3904409390625 0.597645403125 0.4128074328125 0.6101988796875 0.42364852500000005 0.6091532203125001 0.4400242171875 0.610025528125 0.46047181249999997 0.607203846875 0.47228552031250004 0.603117065625 0.48006949218750006 0.6054615937500001 0.481832553125 0.6074087109375 0.485041746875 0.607272925 0.5047749296874999 0.6010902031249999 0.5166307984375 0.5997407390625 0.5221021593749999 0.5975527328125 0.5274974859375 0.5937375296875 0.5360176859375 0.5843119031249999 0.5374005796875 0.5781230234375 0.5372063515625001 0.57213130625 0.5271481015624999 0.4651450296875 0.523031009375 0.4394282109375 0.5214922796875 0.43218905156250004 0.520147775 0.4309416078125 0.514887953125 0.4303163453125 0.42246802031249997 0.43983546562500003 0.3742706609375 0.44793995000000003 0.35791605 0.4484362984375 0.3411300828125 0.45071174843749995
11 0.3680277703125 0.5886808171875 0.3487176609375 0.5892370031249999 0.33712827968750003 0.588031740625 0.3266718703125 0.590887190625 0.32084518906250004 0.5964814984375 0.3162403078125 0.6052849421875 0.31368982968750003 0.625023078125 0.31086080781250003 0.6332948640625 0.3109150203125 0.6500532546875 0.310073390625 0.6549801171875 0.3093883421875 0.65683516875 0.3008131859375 0.666002253125 0.29969678593750004 0.669636409375 0.3000475921875 0.6725563140624999 0.3056665078125 0.6799489171875 0.31034667968749996 0.6892725234375 0.318607190625 0.7192487578125 0.3204801625 0.721712959375 0.3330376484375 0.7262033078125001 0.35041531875 0.7292505874999999 0.37602111250000003 0.73038451875 0.3910944578125 0.7327467015625 0.4118379046875 0.732586384375 0.42553287187500005 0.7348112375 0.4695777828125 0.7350997546875 0.47882895937500003 0.7367300343750001 0.484329684375 0.73975811875 0.48620265468749996 0.74222231875 0.49164316875 0.7678179234375 0.4965770375 0.777065578125 0.499409828125 0.7789674343749999 0.5013633484375 0.7767326265625 0.50446714375 0.769753546875 0.5073804828124999 0.76695639375 0.5118205015624999 0.757377325 0.5175500671875 0.7487871609375001 0.5226879296875 0.734874265625 0.5237960484374999 0.7273926796875 0.5195991546875 0.6898750203125 0.5141925171875 0.6631692984375 0.510189109375 0.6481432078125 0.50646875625 0.6382572546875 0.5037037140625 0.6341351656249999 0.49823686718750004 0.6299969640625 0.4916664125 0.6270141406249999 0.47600964531249995 0.6231766609375 0.4670377515625 0.616512878125 0.45559215625 0.6147145843749999 0.44359701406249996 0.610330875 0.4328447515625 0.610524959375 0.4217078015625 0.608909253125 0.4144101421875 0.6050441640625001 0.4006730171875 0.6000819953125001 0.3917771578125 0.5950454140625 0.38247102499999996 0.5931565937500001 0.3730888578125 0.5896405734375 0.3680277703125 0.5886808171875
11 0.5701698296875 0.2765441328125 0.5597728859375 0.2733319140625 0.5411350265625 0.274511821875 0.5365685359375 0.275878940625 0.531680596875 0.27954224375000003 0.5281371625 0.284452990625 0.5196756875 0.3043108 0.516347559375 0.316581921875 0.511932390625 0.33770328906249997 0.51158535625 0.344957025 0.507246221875 0.3677055921875 0.5068863921875 0.377438103125 0.503122396875 0.39781453437500003 0.5031299375 0.4181618171875 0.501590465625 0.4274225078125 0.5057128078125 0.430313265625 0.5155940796875 0.42982994999999996 0.5185706578125 0.431138771875 0.519771378125 0.4329792515625 0.5224092015624999 0.4453892421875 0.528025890625 0.5022813937499999 0.5285746953125 0.5213666578125 0.5311312312500001 0.5549755078125 0.53373066875 0.574821821875 0.53369228125 0.5822581453125 0.5300261421875 0.5891305859375 0.5187830578125 0.5971714390625 0.507421778125 0.6008477765625 0.4924116703125 0.6025915703125 0.47623020625 0.607710975 0.47407794843750006 0.610280275 0.471481540625 0.617107453125 0.471798471875 0.6211374765625 0.47576423281249997 0.6271000453125 0.478233425 0.6285607703125 0.48907451718750006 0.6275151078125 0.4939918171875 0.6290678953125 0.49628334843750005 0.6322317703125 0.50076929375 0.6355636609374999 0.5057709140625 0.6425910828125 0.5081934328125 0.6476406984375 0.516905634375 0.6937063390625 0.5195690515625 0.701158778125 0.5242958921875001 0.7068934921875 0.5354539203125 0.70987785625 0.5482568156250001 0.710444821875 0.5502863703124999 0.7098372125 0.553013765625 0.7048957765625 0.55473466875 0.704105578125 0.5598717890625 0.7066925328125 0.56927955 0.7052510046875 0.5776597359375 0.706592053125 0.615451125 0.7079277703125 0.6267318578125 0.7089504421874999 0.6341733015625 0.71222249375 0.6447268265625 0.7123629015625 0.6572933375 0.7042008359375 0.661124340625 0.698104021875 0.6621985828125 0.6917325484375 0.6640211125000001 0.6876119984375 0.6709076984375 0.61845180625 0.6714286234375 0.5993212781249999 0.6682638140625 0.55269483125 0.6695247421875 0.53196779375 0.6745233328125 0.5123217234374999 0.675572725 0.4944079515625 0.6791041046874999 0.4754761296875 0.6835019640625 0.4631597453125 0.687764321875 0.4552838265625 0.694056228125 0.44680030468750004 0.6996886828125 0.43521427968750004 0.7006658140625001 0.42584695000000006 0.7028308671875 0.420798875 0.705000434375 0.40942459062500003 0.7060242359375 0.3964683703125 0.7051321640625 0.3948104828125 0.70111973125 0.3924368078125 0.690777740625 0.3894831328125 0.6750743015625 0.3892345453125 0.6668378984375 0.38730046093750004 0.650969596875 0.3862762515625 0.6356764296875 0.3828799046875 0.6299092171875 0.3824065421875 0.6263025453125 0.3832113171875 0.619190828125 0.3814905109375 0.60930955625 0.3819738265625 0.599770809375 0.3815296140625 0.5929677375 0.3799914 0.5781352921875 0.3800320421875 0.5710785296875 0.3785697796875 0.5674296984375 0.3766372359375 0.5644659171875 0.3728496390625 0.5639163703125 0.3702642234375 0.57162653125 0.3214820015625 0.5740550453125 0.2872057078125 0.573023703125 0.2798146453125 0.5701698296875 0.2765441328125
9 0.2862069890625 0.14788684531250001 0.26505327031250003 0.15119492031249998 0.25357379999999996 0.150506740625 0.2487536125 0.151949809375 0.20357875781249998 0.1742740734375 0.1671905984375 0.1846179859375 0.1434999375 0.1886855734375 0.13844713749999998 0.191573253125 0.136413071875 0.1985070671875 0.1388438734375 0.2074041171875 0.147586921875 0.22568614843749998 0.151868875 0.252178590625 0.15675606875 0.2650151375 0.16757083125 0.2854268765625 0.1709320921875 0.2885454890625 0.175375878125 0.28914006406250004 0.1776463296875 0.2909352796875 0.19169513124999998 0.32275352968750004 0.19587620156250002 0.336076475 0.198809878125 0.351147828125 0.2062121953125 0.37835605625 0.2149040609375 0.40655318906250004 0.2196730625 0.41502521875 0.22716946093749998 0.4185558140625 0.23577397968749997 0.414604821875 0.24516066093750002 0.41179463437499997 0.257215271875 0.410110678125 0.2623569046875 0.40637142343750005 0.2837477484375 0.3952925296875 0.288847225 0.388815959375 0.3073759171875 0.37061911875 0.3273883828125 0.359402896875 0.33151524062500004 0.355967446875 0.3367035421875 0.3486393015625 0.3485217671875 0.3382263109375 0.35159168749999997 0.33235734843750003 0.34826053125 0.3179549796875 0.3375775015625 0.2829291296875 0.32762545 0.2589591859375 0.325947446875 0.24598685156250003 0.3269080109375 0.22892465624999997 0.3262063953125 0.22308484218750002 0.31836895625 0.187482075 0.31125798125 0.1692614171875 0.29986808125 0.1512218140625 0.29425745000000003 0.14767664375 0.2862069890625 0.14788684531250001
9 0.4006141078125 0.3116311375 0.39868618125 0.30890839375 0.39678384843750003 0.3012281015625 0.3942258265625 0.300618953125 0.390838975 0.30245789375 0.38269517343750004 0.3098458734375 0.3660695578125 0.3192231578125 0.353215478125 0.32857129218750003 0.33631057656249996 0.3429820765625 0.327426771875 0.3519665703125 0.3041667234375 0.37075490625 0.28012000000000004 0.39472864375 0.2736210671875 0.399699228125 0.2653801515625 0.404091353125 0.2543568859375 0.41316637187499994 0.2505258828125 0.4192631859375 0.2463945125 0.42902484531249996 0.24301594375 0.43471121718749994 0.23990386562500002 0.4378428625 0.238478815625 0.44129442812499997 0.24419484374999997 0.45168288749999996 0.2558512328125 0.467167765625 0.25826546875 0.4683699484375 0.273288371875 0.46414737968750003 0.28813361406250004 0.46162796093749997 0.3337812390625 0.45676176249999995 0.35823298124999997 0.45246632187499997 0.3772133640625 0.4503588875 0.39296347656249997 0.447018584375 0.4308692890625 0.442545171875 0.44458984843750005 0.439812478125 0.4742675390625 0.43725241718749996 0.4919034203125 0.43389753750000004 0.49768342656250003 0.4318921234375 0.4990663203125 0.42570324218750005 0.49541371874999995 0.4135970578125 0.4509652703125 0.3606305453125 0.436704190625 0.34812540937500003 0.42646834062499994 0.33551517343750004 0.41508221093750003 0.3276492109375 0.4095860015625 0.318294915625 0.4006141078125 0.3116311375
9 0.38890264218750004 0.11054193125 0.384513809375 0.1102059 0.3656011765625 0.11009310000000001 0.360527296875 0.11161211874999999 0.356544225 0.11445453750000001 0.3559141328125 0.11656813125000001 0.36479719374999997 0.1240834890625 0.36734241875 0.1271714125 0.3684204328125 0.13097358125 0.3820514203125 0.145592309375 0.3837083421875 0.1571959859375 0.3830948171875 0.167004446875 0.3847517421875 0.178608125 0.3812632609375 0.1837774140625 0.37887010625 0.1839438890625 0.37547496874999997 0.18193539375 0.3728281203125 0.182177821875 0.362194046875 0.18673642343750002 0.3546125890625 0.19423104375 0.34851941875 0.20238007812499997 0.335005140625 0.2251255640625 0.3225861859375 0.242868240625 0.318382553125 0.261176340625 0.31949444374999997 0.26386839218749997 0.3229106578125 0.2672455484375 0.32692309218750004 0.2696192234375 0.34552256406250004 0.2758756390625 0.38127160625 0.28029773750000003 0.402517928125 0.2863117296875 0.433438496875 0.2883294625 0.4635347484375 0.28646907499999996 0.48219368593749995 0.28665782812499996 0.5034528046875 0.290193040625 0.5128899265625 0.293967603125 0.5161540734375001 0.2940903578125 0.5223654359375 0.2903058390625 0.5343191640625 0.27545238437499997 0.5390083609375 0.2721235734375 0.5532363078125 0.269238975 0.5714089390625 0.270948284375 0.5757006578125 0.2682884609375 0.5771046281250001 0.26346823750000004 0.5802136796874999 0.23366309843750002 0.582380215625 0.19561532343750002 0.5854764718750001 0.1682889609375 0.5855954062500001 0.156153628125 0.5888098546875 0.13319178125 0.5873682359375 0.12894847812500002 0.5727428109375 0.1325020609375 0.54611321875 0.1443243515625 0.5228411140625 0.1490916125 0.5083805515625001 0.153420821875 0.493619625 0.1614148703125 0.48824989375000005 0.16027252812499998 0.4485893015625 0.1666462515625 0.4420948828125 0.165290628125 0.4294402828125 0.157804421875 0.425072528125 0.1588370453125 0.4234532515625 0.1562968921875 0.4189755875 0.1568124375 0.420091990625 0.1531782828125 0.4141177546875 0.1491919796875 0.409919378125 0.144674021875 0.402931109375 0.1244916765625 0.3931138171875 0.11258111562499999 0.38890264218750004 0.11054193125
9 0.529818753125 0.029580292187500003 0.5079001796875 0.0229425796875 0.494678725 0.021675940625 0.49132574843750004 0.0224047625 0.486370059375 0.0282883 0.4736123515625 0.0571321421875 0.4691256640625 0.070300103125 0.4632056390625 0.0830721921875 0.458287596875 0.0980192546875 0.43534299687500005 0.1538373109375 0.434425334375 0.15713697499999998 0.4358458734375 0.16001161875 0.440695421875 0.1637846421875 0.448555425 0.16775636875 0.48196249687500003 0.16242984375 0.48824989375000005 0.16027252812499998 0.49398323125 0.1618560046875 0.504342528125 0.15600469374999998 0.5125495671875 0.1527226890625 0.5494661953125 0.1435955296875 0.570370734375 0.134037196875 0.587566975 0.1286139859375 0.5892118453124999 0.1261965875 0.5915086296875 0.106534403125 0.5915598140625 0.096619303125 0.5949903109375 0.06451798125 0.594212659375 0.05705096875 0.543124525 0.0363215640625 0.529818753125 0.029580292187500003