24 0.1972476921875 0.5443194124999999 0.18809720000000002 0.559500503125 0.182647834375 0.585072065625 0.1810175328125 0.6149663703125 0.162169590625 0.6605125921874999 0.155969096875 0.6664302421875 0.1569991046875 0.682532384375 0.18425793125 0.681446553125 0.1916921328125 0.6789923875 0.19408436406250001 0.6768324890625 0.1980319515625 0.6594297 0.2046400765625 0.651973046875 0.2270714390625 0.646623325 0.2482798984375 0.6458906078125 0.250200125 0.644263328125 0.2493418609375 0.63875764375 0.252077353125 0.6340523578124999 0.25181985 0.6300268250000001 0.2475179625 0.6181562046875 0.23638216406249998 0.5627433015625 0.212716859375 0.5408912359375 0.20606573749999998 0.5397642015625 0.1972476921875 0.5443194124999999
24 0.31185171093749997 0.650766575 0.280902571875 0.6495424328125 0.236425865625 0.64254188125 0.2162579890625 0.643718934375 0.20781539062499998 0.646231953125 0.20007011718749998 0.6517346921875 0.19201401093749998 0.6840243078125 0.1929044609375 0.6900331828125 0.2206461 0.6964952281250001 0.24443992187500002 0.6966217671875 0.2543629203125 0.6935172781250001 0.29397997343750004 0.69575075 0.3241460375 0.7005560859375 0.3534216484375 0.6993525515625 0.3607914765625 0.695892003125 0.3613170515625 0.6882852734375 0.367828615625 0.679319040625 0.3670347296875 0.6748197421875 0.3637520453125 0.670970765625 0.36465306875 0.6613218390625 0.3620677078125 0.660462590625 0.33765198281250003 0.6901715046875 0.30875181875 0.6893328484375 0.3047396203125 0.681990953125 0.3135682359375 0.66177794375 0.31185171093749997 0.650766575
24 0.3453333515625 0.731138975 0.31661526875 0.701500675 0.2986464984375 0.69749868125 0.2533867171875 0.6940793234375 0.2455126921875 0.697569296875 0.2431848328125 0.70073558125 0.24724002500000003 0.7166611609375 0.26233398124999996 0.739013478125 0.2779535140625 0.753759059375 0.300095421875 0.7676189078125 0.30366779374999997 0.7759966140625 0.312410890625 0.7860928203124999 0.3160798296875 0.7959800984375 0.3292319453125 0.8037987015624999 0.3384470484375 0.813362290625 0.3412577265625 0.8177438859375 0.338940671875 0.828990665625 0.34043188281250003 0.8364796906249999 0.3588407140625 0.8631841765624999 0.3695362203125 0.8721562921875 0.3809826203125 0.877044021875 0.381798121875 0.897704315625 0.38808460624999996 0.9089540406250001 0.4024060578125 0.9192297500000001 0.4053454828125 0.9256241125000001 0.41285486875000005 0.932256828125 0.421512209375 0.9489239578124999 0.4364987953125 0.9616861984374999 0.4502730515625 0.9634076468749999 0.46299591875 0.9566042593749999 0.464808771875 0.9453869062500001 0.4582967359375 0.9068765421875 0.45146305781249996 0.8870725578125 0.4417649 0.84622279375 0.4300393859375 0.821148534375 0.41971932343749996 0.8101342218750001 0.41145904531250005 0.8075858921875 0.40612738437499996 0.8033514296875 0.4003772828125 0.7925754703125001 0.393876290625 0.785883903125 0.372646215625 0.7704556250000001 0.363334546875 0.7593824609375 0.3453333515625 0.731138975
24 0.3401997796875 1 0.33793369375000004 0.9714793015625001 0.3393711015625 0.9623041453125 0.3455821671875 0.9407286890625001 0.3591522546875 0.9076121921875 0.3696008328125 0.8969009734375 0.3816371828125 0.89518835625 0.38303159375 0.877429509375 0.36253103124999997 0.86549415 0.3526186046875 0.8529408359374999 0.3418479125 0.8348818375 0.3410645984375 0.8147247359374999 0.3275584171875 0.8013710218749999 0.31138111562500004 0.793728978125 0.309997275 0.795830021875 0.314041659375 0.8036751093750001 0.3145888515625 0.8122293718750001 0.313130065625 0.8289818359375 0.301694946875 0.87965119375 0.2965994109375 0.887019571875 0.29408923124999997 0.8952472 0.289712634375 0.9217662953125 0.2827934359375 0.932271528125 0.2715831609375 0.9389866359375001 0.25081451875 0.938683540625 0.24902304687500001 0.9423235890624999 0.2502997515625 0.9543707687499999 0.255964096875 0.9717176468750001 0.2638489296875 0.9763081703125 0.2980163796875 0.9803749078124999 0.3230652875 0.9763876281250001 0.32537176562500003 0.9807986484375 0.32795285937499996 1 0.3401997796875 1
24 0.5569678031249999 1 0.5856096796875 0.9933875015625 0.5849904375 0.9807986796874999 0.5711088109375 0.969487159375 0.56079955625 0.96655334375 0.54922440625 0.959652846875 0.5318242078125001 0.9566278078125 0.5056165390625 0.9425001796875 0.49480308749999996 0.9395957875000001 0.48065338437499994 0.9399165359375001 0.46974337187500004 0.9355025687499999 0.46479796718750005 0.9373064078125 0.46478739375 0.9529642109375001 0.46249172187500004 0.9566336859375 0.4522254640625 0.9622835578125001 0.4395561671875 0.9620128328125 0.421383459375 0.9469111890624999 0.414464025 0.9336781249999999 0.3991555625 0.9158839640625001 0.39130291562499997 0.9117966328125 0.3815836171875 0.9022624703125001 0.3682491796875 0.8995052109375001 0.3626494453125 0.906903015625 0.3583586015625 0.9268511875 0.3555159765625 0.9457046984374999 0.3573934421875 0.959232025 0.36251059375 0.96802464375 0.36897939687500003 0.9742130203125001 0.378376821875 0.9787152656250001 0.4006796671875 0.995091071875 0.4171358484375 0.99918135 0.4183684421875 1 0.5569678031249999 1
24 0.4649208234375 0.34586174375 0.4704239921875 0.3369543671875 0.4691902828125 0.3334908765625 0.45100700781249997 0.3340470328125 0.4182450109375 0.34404024375 0.3801835453125 0.350302184375 0.351648253125 0.363079134375 0.3286161328125 0.3669487046875 0.314852684375 0.37330775312500003 0.3117953140625 0.3729811203125 0.306774725 0.36569808125000003 0.29807462500000004 0.36418555937499997 0.2861026484375 0.3669045625 0.2764049625 0.373531390625 0.2707516625 0.3880033046875 0.276383821875 0.40484699218750003 0.270784084375 0.41224479531249997 0.2687245359375 0.427517109375 0.2878415 0.4652918125 0.2915640046875 0.46810498125000005 0.301551378125 0.46600687812499997 0.3428095375 0.446426540625 0.38788676718750004 0.4311689421875 0.392735375 0.40411722968749997 0.4022613125 0.3868939453125 0.42258989218750004 0.3644945515625 0.43814481718750004 0.3544954546875 0.4649208234375 0.34586174375
24 0.6632034578125 0.7873375984375001 0.6486888796875 0.7740427375000001 0.633519975 0.7663418421875 0.5601861031250001 0.7670863203125 0.5227362046875 0.7829089046875 0.512502134375 0.7890619703125 0.487581975 0.7950620140625 0.4724025015625 0.8030189203125 0.44231162187499995 0.8073004578124999 0.4314767921875 0.8119733734375 0.4298784453125 0.818632575 0.4406169484375 0.8361883828125001 0.45058317812500004 0.8654058812500001 0.4537371109375 0.8672420890625 0.46382105156250003 0.8666535625 0.4800732984375 0.859644190625 0.522962225 0.8576461406250001 0.5333894234375001 0.8545122265625 0.5528813593749999 0.8427681421875001 0.5609590796874999 0.8266395203125001 0.5911465234375 0.82386755625 0.6054249781250001 0.8255595765624999 0.6503950703125 0.8244502046875001 0.6532914984375 0.822260878125 0.6613370359374999 0.8056290625000001 0.664287034375 0.7963656265625 0.6632034578125 0.7873375984375001
24 0.7546468390625 0.919379865625 0.7474269062500001 0.893537578125 0.7246412453125 0.869613890625 0.7166490421875 0.8554332953125 0.690022928125 0.834764171875 0.6758302328125 0.82650123125 0.588185715625 0.8250504953125001 0.5636518125000001 0.8370888453124999 0.560884134375 0.8412909359375 0.5611202578125 0.8528937765625001 0.56376999375 0.8547594125 0.5673745546875 0.8636403078124999 0.599096203125 0.87694105625 0.659685828125 0.8905772703125001 0.6777511640625 0.8960888406249999 0.6851318 0.9007087890625 0.684852915625 0.904260559375 0.6796608156249999 0.9101193593750001 0.6485295921875001 0.9376948625000001 0.6490445968749999 0.9457459281249999 0.6620747078125 0.9757341593750001 0.7383555187499999 0.958123346875 0.7383090734375 0.95669845625 0.7365711687500001 0.9532643921874999 0.7402828640625 0.9479970609375 0.7479743359375 0.9258301375 0.752855365625 0.9230199140625001 0.7546468390625 0.919379865625
24 0.7460097015625 0.7764439453125 0.7451406328125 0.7628577640625 0.7250585093749999 0.7574638984375001 0.7200165375 0.7577581624999999 0.69247883125 0.7623957640625 0.636008775 0.7656915171875001 0.6497294609375001 0.7744870765625 0.6644049765625 0.7902978968750001 0.6629353828125 0.7989698656249999 0.6519398468750001 0.82486511875 0.7149000937500001 0.8201804375 0.733265925 0.838301234375 0.7230642765625 0.8686957874999999 0.7572641515625 0.8970040140625001 0.776058996875 0.9060085000000001 0.78314994375 0.9060997234375 0.7860463734375001 0.9039103953125001 0.7881489171875 0.8972217718750001 0.7837610390624999 0.868183775 0.776519728125 0.8499187921875 0.7578855843750001 0.8196919640625 0.759805809375 0.8180646828125001 0.7751570328125 0.8207042359375001 0.775307165625 0.815139696875 0.7722711734375001 0.807235759375 0.7661778171875 0.7990051890625 0.753755209375 0.7946795015625 0.741450546875 0.7842860890625001 0.7352070578125 0.7816200531249999 0.7460097015625 0.7764439453125
24 0.8507851625 0.6738604953125 0.8529520796875 0.6681782546874999 0.863883475 0.665014915625 0.88192719375 0.6543654921875001 0.9053453328125001 0.6327959234375 0.9182291390625 0.628508496875 0.9122743968749999 0.5354180015625001 0.9049581343750001 0.5318044328125 0.9019865218750001 0.5249068796875 0.8985645140624999 0.5347029375 0.8922352671875 0.5386078234375 0.8845651796875 0.5531974421875 0.8697717203125 0.543454353125 0.8541521859375001 0.5287087703125 0.843027665625 0.5288529578125 0.8388761484374999 0.5351560953125001 0.8366556578125 0.547912453125 0.8314635593749999 0.5537712531250001 0.8192127015624999 0.560042021875 0.8137633328125 0.5856135859375 0.8103948937500001 0.5883355296875 0.8073375234375 0.5880088953125 0.7998281375 0.58137618125 0.799602821875 0.5778538359375001 0.8045052343749999 0.5674663062499999 0.8021987562499999 0.5630552859375 0.7869762828125 0.5624285015625 0.7645876828125 0.5526236156250001 0.737961571875 0.5319544890625 0.7144788234375 0.5287793765625 0.7106919406250001 0.524959825 0.7101447484375 0.5164055640625 0.7080313968749999 0.5150136953125 0.6860076687500001 0.5188244140625 0.6494479859375 0.5169175765625 0.6287542953124999 0.5019630640625 0.6047565406250001 0.49073687968749996 0.5861548187500001 0.48475154375 0.5100208453125 0.465456628125 0.4352923265625 0.460221659375 0.4310978109375 0.457941109375 0.42846945468750003 0.44849817031250006 0.42575534218750005 0.44562615 0.42058462187499995 0.4439076453125 0.41050068125 0.44449617343750003 0.39664066875000004 0.4493456453125 0.390568925 0.457276065625 0.394280859375 0.475747034375 0.3861709484375 0.49137246562500003 0.385956440625 0.49593061875 0.39117015781250003 0.5062328125 0.3998166890625 0.5148194453125 0.3995699953125 0.5188744062499999 0.3931441859375 0.5212697140625 0.376441309375 0.5212344 0.357442765625 0.5248685625 0.33698519843749997 0.5215168921875 0.3187589234375 0.5134893593750001 0.3029035015625 0.5108792328125 0.2973895234375 0.5117061140625 0.29418202187500003 0.5169440203125 0.2969391296875 0.5283997281249999 0.296284803125 0.533993690625 0.2825643484375 0.5489364265625001 0.273832296875 0.5706590140625 0.274197171875 0.5842746203125 0.2781236109375 0.5981874359375 0.274454909375 0.612038453125 0.27619281562500003 0.6154725171875 0.2846784078125 0.6215431890625001 0.28919480000000003 0.6288556562500001 0.28904466875 0.63442019375 0.283262615625 0.646879340625 0.297637634375 0.6500809359375 0.3304104359375 0.6481682234374999 0.3540541234375 0.653859296875 0.3696306625 0.66002119375 0.36624084218749997 0.6703204421875 0.3670455359375 0.6829002390625 0.3619178125 0.689765421875 0.3612956734375 0.6958625765625001 0.37446916875 0.6961038765625001 0.384778421875 0.6990376921875 0.38979901250000004 0.7063207328125001 0.392781434375 0.721298784375 0.3929531796875 0.7318952390625 0.380584615625 0.7679720375 0.38406042500000004 0.7748401640625 0.39600021406249997 0.7716179734375 0.4057622765625 0.7659975265625001 0.43082175468750006 0.7463524453125 0.4338469375 0.7461758890625 0.43552046562499996 0.74860356875 0.435359765625 0.76982590625 0.43857807187500003 0.7726685 0.4431802203125 0.7734100453125 0.45139750312500004 0.7673746875 0.46229671093749997 0.76370815625 0.47493382031250003 0.7634756874999999 0.48227146093749995 0.7595119484375 0.48985579531249995 0.7514932484375 0.5003473671875 0.7493657203125 0.5025786625 0.7446898609375 0.5027823609375 0.7320512109374999 0.505485665625 0.726842734375 0.5083820968749999 0.724653409375 0.5179940265625 0.7245975 0.535769434375 0.7018420484375001 0.5480740984375 0.7122354640624999 0.5605288890625 0.717064340625 0.5754081046875 0.7202365109375 0.604844653125 0.721548934375 0.6417262125 0.7284876875 0.6649300828125 0.7352145703125 0.67022955625 0.7389458421875 0.6741773734375001 0.7452813515625001 0.6838214921875 0.7457286359374999 0.6937123046875 0.742120959375 0.7131400984375 0.7531087875 0.7279871265625 0.755777765625 0.763656359375 0.751675725 0.77702298125 0.7549361765625 0.808208246875 0.7677631578125 0.8122418203124999 0.7675277484375 0.815470703125 0.7547125390625 0.820941684375 0.7453019703125 0.8213385093750001 0.73568246875 0.826916628125 0.7121236765625001 0.8330527484375001 0.705199634375 0.8370219484374999 0.70395784375 0.8581018921875 0.7249506578125 0.8747406281250001 0.747717884375 0.8842989921875001 0.7547360875 0.8998755296875001 0.7608979828125 0.9072883515625 0.7660211234375 0.9157631343749999 0.764011303125 0.9205154140625 0.7591883109374999 0.926469215625 0.75732561875 0.922284803125 0.691910675 0.9024279953125 0.6900391499999999 0.8507851625 0.6738604953125
24 0.507820559375 0.351944190625 0.49568764375 0.35214723124999997 0.4862902203125 0.3476449875 0.471571946875 0.3469887765625 0.44116999687499997 0.354318896875 0.424070296875 0.3639030796875 0.3985496140625 0.3921612734375 0.3908795234375 0.40675089375000006 0.3927894140625 0.4445197109375 0.3956000890625 0.4489013078125 0.40064205937499997 0.44860704374999993 0.408955903125 0.444081259375 0.424650384375 0.4441754265625 0.42840507656250004 0.4474917859375 0.426088028125 0.45873856562500004 0.4272573609375 0.46119567031250003 0.5035306609375 0.4668455546875 0.5066094109375 0.45959488437499996 0.500612378125 0.42913559218749997 0.5012667046875 0.4235416265625 0.5110287671875 0.41792118125 0.532237225 0.4171884640625 0.581959834375 0.4349943984375 0.6206866734375 0.4549572921875 0.627713240625 0.45404213281250005 0.6333773515625001 0.44765071250000005 0.637507490625 0.44892487656249996 0.638998703125 0.4564139 0.6445126812499999 0.4555870203125 0.6498335328125 0.4517409875 0.6605504203125 0.4531358015625 0.6618163171875 0.4571024828125 0.6519363125 0.46879065937500003 0.652226003125 0.47331938593749995 0.6573431546874999 0.48211200156249995 0.680000065625 0.5040229203125 0.685557040625 0.5117797265624999 0.6924012890625 0.5159259109375001 0.6994278640625 0.51501075 0.7098228703125 0.5113736453125 0.71756814375 0.5058709046875001 0.7173106421875 0.50184536875 0.6832822796875 0.460395303125 0.6462717312499999 0.42770548281250004 0.5872052671875 0.398323190625 0.5702018953125 0.385678653125 0.5514070484375 0.3766741640625 0.533641975 0.36003351875 0.507820559375 0.351944190625
24 0.6372807625 0.30297275 0.605419790625 0.3033170375 0.5996483078125 0.3001183796875 0.5946063406250001 0.300412646875 0.5794590515625 0.308872740625 0.5740202562500001 0.3187865015625 0.569986678125 0.3190219125 0.5574031359375 0.31218026875 0.5451414703124999 0.31037054375 0.5082385296874999 0.3110090921875 0.49327355937500006 0.314407840625 0.4776220734375 0.322897365625 0.46680885781250003 0.3437312703125 0.4764529765625 0.34417855468749997 0.5035400531249999 0.332496265625 0.5155442171875 0.3302804578125 0.5450881375 0.34118295 0.55555833125 0.3466327265625 0.5641404875 0.3542129765625 0.5897476296875 0.3905987546875 0.6038223859375 0.404929425 0.6289572875 0.4181095234375 0.6449736453125 0.4232356078125 0.6657639015625 0.43969969531249997 0.6724472109375 0.44132992031249996 0.677607125 0.43496792656250005 0.678197078125 0.42836757968750006 0.6612364656249999 0.40056843437499995 0.6581039109375 0.3911549203125 0.6750532437500001 0.3633969765625 0.6757289546874999 0.3502257078125 0.66232990625 0.32272376875000003 0.6466781859374999 0.3074749953125 0.6372807625 0.30297275
24 0.2702371296875 0.42742883125000003 0.266750509375 0.41248020625 0.25741746249999997 0.4089843453125 0.24225936718750002 0.40936394375 0.235930121875 0.413268828125 0.2331624390625 0.417470921875 0.2329373609375 0.4376868765625 0.22559972031250003 0.4416506171875 0.21175051875 0.4545805859375 0.21210458281250003 0.4601156984375 0.21558039375 0.4669838234375 0.2217059421875 0.4757175875 0.24541400625 0.4824150453125 0.2587592484375 0.49325279999999994 0.273735028125 0.49793454531250003 0.2780261046875 0.50172466875 0.301069034375 0.5059355921875001 0.303268140625 0.50075654375 0.302720946875 0.4922022828125 0.2943532984375 0.4800638796875 0.2863181 0.4572995953125 0.2702371296875 0.42742883125000003
24 0.8034773453125 0.7650088421875 0.7801769140625 0.7567723843749999 0.771755696875 0.7517080953125 0.749002459375 0.7520258984375 0.7448187515625 0.7578258453125 0.745419746875 0.78304429375 0.7474795328125 0.7915102765625 0.7673149578125 0.8009591046875 0.7760044890625 0.818129421875 0.7751570328125 0.8207042359375001 0.7721318515625 0.8208807953124999 0.75671625 0.8172348578124999 0.7574457609375 0.8207277734374999 0.7623376015625001 0.8259980484374999 0.7788905828125 0.8553361953125 0.7996592203125 0.855639290625 0.8091102109375001 0.8530674234375001 0.8176063750000001 0.8434802937500001 0.82281985625 0.8300441875000001 0.8192688625000001 0.81408918125 0.8153421859375 0.7764380671875 0.8130035203125001 0.77152385625 0.8034773453125 0.7650088421875
24 0.735804046875 0.403287446875 0.731555728125 0.38434271249999996 0.7247006687499999 0.3721160296875 0.7032990828125001 0.369829596875 0.6943522890625 0.3723720390625 0.673111640625 0.3726015625 0.6640147171875 0.38070854062500004 0.6581682859375 0.392161303125 0.6601636953125001 0.3996209046875 0.6765879234375001 0.42694628437500004 0.677800253125 0.43798707812500004 0.6949215703125 0.44456388750000003 0.71443511875 0.4489807953125 0.7396449656249999 0.4475094765625 0.749911225 0.44185960468749996 0.76365329375 0.4430778609375 0.7697894125 0.436153825 0.762226221875 0.4128569234375 0.75582179375 0.40767492812499995 0.7503078140625 0.40850180781249995 0.7444397687500001 0.40379357968749996 0.735804046875 0.403287446875