11 0.3976433265625 0.556314934375 0.394909009375 0.592513965625 0.40524587343749996 0.61934381875 0.42053198593749996 0.587686578125 0.4373405 0.5522892328125 0.45427320625 0.5283794203125 0.474388065625 0.53034523125 0.4997889765625 0.546279353125 0.5465166640625 0.5317203593750001 0.5273784921875 0.4961888390625 0.5091680703125 0.44321613437499996 0.48486804218749996 0.40520383437499996 0.447820475 0.42714783437500004 0.44935603593750006 0.445276021875 0.43499767812499995 0.4594920796875 0.42909436406249996 0.49168378281249997 0.4118022375 0.5029992875 0.4014916890625 0.5199060125 0.3976433265625 0.556314934375
11 0.4862173140625 0.406100721875 0.5046498046875 0.4383119125 0.5176852125 0.46693554531250003 0.52949554375 0.506149821875 0.544053353125 0.531033353125 0.49867493281249997 0.5464892421875 0.471454296875 0.5274446765625 0.4512284015625 0.5358596234374999 0.4248639640625 0.575359496875 0.41889855000000004 0.6018074359375001 0.493441525 0.6199940859375 0.494431375 0.60829666875 0.5392414624999999 0.6228762734375 0.536591859375 0.604957971875 0.49958006718750003 0.5889091578125 0.4996290046875 0.5727846359375001 0.5121676390625 0.5554581375 0.5359708890625 0.54752030625 0.5552069375 0.5508027796875 0.5885661171875001 0.53876241875 0.5981088812500001 0.5127915984375 0.5924634140625 0.48622897500000006 0.6027118640625 0.46357848281249997 0.5771867625 0.436156825 0.514228346875 0.3743482796875 0.4862173140625 0.406100721875
10 0.7700571703125 0.5367999671875 0.805644434375 0.5243398328125 0.8509607546875 0.503140178125 0.8732548609374999 0.46830001875000005 0.8419731984375 0.435839425 0.8012211296875 0.38359259218749997 0.7258340296875 0.298259884375 0.6777312109375 0.24028824843750002 0.6429865953125 0.1970663140625 0.6217645625 0.1837981640625 0.583082671875 0.1967697578125 0.553944434375 0.2068637984375 0.5403538609375 0.2301439484375 0.5342642515625 0.2451043515625 0.617363846875 0.35261528593749997 0.725109728125 0.48886453750000003 0.7700571703125 0.5367999671875
10 0.6710876703124999 0.4639717109375 0.5672257562499999 0.3504865578125 0.5010026 0.2745997296875 0.41069810156250003 0.2489550109375 0.3933332328125 0.282696678125 0.42263826250000003 0.31475539218750004 0.49750067031249995 0.38799890625 0.5154998140625 0.37648249375 0.5519480359375 0.4132894453125 0.6427024796875 0.4987739453125 0.69727104375 0.553496090625 0.7093723125 0.5430908359375 0.72713233125 0.5641209265625 0.7354428375000001 0.5310694375 0.6710876703124999 0.4639717109375
10 0.09273080312500001 0.739504546875 0.072546540625 0.7311192328125 0.08023765000000001 0.7865477624999999 0.1012521296875 0.79883934375 0.0960317109375 0.8079482375 0.10739239062499999 0.8565913937499999 0.125031215625 0.8481898749999999 0.229947590625 0.822329525 0.28887152031249996 0.806149859375 0.302457234375 0.76905750625 0.2976486578125 0.6887098171875 0.3154286359375 0.65692128125 0.303488475 0.5911209015625001 0.2820157046875 0.5911037078125 0.279807359375 0.5326108781250001 0.2490610640625 0.513011746875 0.1487656671875 0.5654245984374999 0.07904058593749999 0.6029369499999999 0.1011592375 0.6444749468750001 0.106763196875 0.67084225625 0.091560228125 0.6858945515625 0.07723065625 0.690625596875 0.09273080312500001 0.739504546875
10 0.3293630546875 0.597418484375 0.34032023906250003 0.663404059375 0.3177233421875 0.6869590703124999 0.324768565625 0.7008667984375 0.32864569062500004 0.6950579953125 0.36411928125 0.6599359703125 0.36155061875 0.6045580375 0.371161240625 0.5824339796875 0.3933978234375 0.5619938640625 0.3869520375 0.5124247359375 0.3634585171875 0.5077099031250001 0.362397528125 0.46423597031249997 0.3501202734375 0.44014158124999997 0.3282871859375 0.44323928125 0.31655784374999996 0.4698251875 0.2506119140625 0.510688225 0.2669190546875 0.5248823421875 0.2839352171875 0.513551121875 0.2984291640625 0.524024165625 0.310631671875 0.5958691421875 0.3293630546875 0.597418484375
9 0.6190362453125 0.5509691921875 0.6037236906250001 0.5558854281250001 0.5947673 0.5474161140625 0.5255436859375 0.5584265562499999 0.5163913515624999 0.56827623125 0.517440734375 0.5924546125 0.5348836171875 0.602372075 0.5378989562500001 0.6261800734375 0.5133676687500001 0.6165824015625 0.5403696453125 0.6907174984375 0.5518050734375 0.691610065625 0.6306509250000001 0.6777711140625 0.7160604859374999 0.65152318125 0.6190362453125 0.5509691921875
21 1 0.44303219374999997 0.9075088625 0.042409065625 0.7355863171875 0.0747994078125 0.7037237203125 0.18460771874999998 0.748603646875 0.2177947921875 0.7957550546875 0.24242855156249998 0.785634621875 0.36316868593749996 0.8461674578125 0.44114324531250004 0.8768157828125 0.46990187031249997 0.844138365625 0.5085597749999999 0.7690284875 0.53997693125 0.7435026109375 0.5112689031250001 0.7278529640625 0.5578911359375 0.7314909671875001 0.584628834375 0.75152246875 0.597105609375 0.7784348203125 0.6082860265625001 0.8019715171874999 0.59877334375 0.8276817265625 0.5898668359375 0.8516767109375 0.5680797656250001 0.8690648 0.5729292 0.9055877765625 0.5619855609375 0.951732984375 0.548213415625 0.9829259578125 0.5362426109375 0.9939894546874999 0.520954528125 1 0.5202591484375 1 0.44303219374999997
10 0 0.376921084375 0.0131944375 0.3797068875 0.039299796875 0.42557213593750004 0.0579763921875 0.42205344843750003 0.07740845625000001 0.470191625 0.0719920921875 0.497619503125 0.1013751359375 0.5733373421875 0.0770198359375 0.598239309375 0.08183675781250001 0.606472834375 0.1810943828125 0.5491771421875 0.2695940328125 0.49898661562499996 0.3057998703125 0.47693035000000006 0.32043496718750003 0.4640163828125 0.3204781484375 0.4497888609375 0.3186649515625 0.4460677890625 0.3222365515625 0.4484419078125 0.268103053125 0.3428542765625 0.20713188906250002 0.224335484375 0.1855495359375 0.2141822296875 0.0053737890625 0.36696091875 0 0.37058975625 0 0.376921084375
10 0.4191214546875 0.3174493 0.3927653625 0.2848350046875 0.40563044374999996 0.25397244375 0.3956246734375 0.221324746875 0.3811855140625 0.21591973125 0.3384159671875 0.250384978125 0.3472112484375 0.3350599234375 0.3255541515625 0.37265726093749996 0.30532670624999997 0.37849946874999996 0.3232942765625 0.4005061234375 0.3255773703125 0.41124836093750006 0.3727487375 0.3830635015625 0.3906814765625 0.34718350625 0.4191214546875 0.3174493
21 0.1321920765625 1 0.536936353125 0.9237458578125001 0.567798165625 0.8774947859375001 0.618584309375 0.837456525 0.6332660328124999 0.81033125 0.6099684562500001 0.787297428125 0.5805222750000001 0.7786257265625001 0.5334920624999999 0.783423575 0.47966735624999995 0.7610627390625 0.4508438375 0.7553207390625001 0.440970871875 0.7714001984375 0.45468939218750004 0.783035003125 0.45283301875 0.79354145 0.43203770312499995 0.8015219859375 0.3977862125 0.8039123109374999 0.3790116453125 0.8165904890625001 0.3649992125 0.8324341562500001 0.3404247421875 0.83706400625 0.31226706718749997 0.8200241859374999 0.2692783484375 0.8342173171875 0.246658228125 0.8191812265625 0.1686425953125 0.8369264453125 0.1170810265625 0.87812646875 0.1071532671875 0.8891378984375 0.1102781875 0.9230819531250001 0.0999353234375 0.9321402515624999 0.096795765625 0.9762363296875 0.1022820421875 1 0.1321920765625 1
10 0.0335819921875 0.7024273937500001 0.048642848437500004 0.7676631281249999 0.0516212890625 0.7691998578125 0.0659911921875 0.8116508250000001 0.06443550625 0.8360686421875 0.0770171046875 0.8905655359375 0.09500241875 0.8978298046875001 0.111369990625 0.8867770359374999 0.09054254843750001 0.79507166875 0.08404373125 0.7896551296875 0.0532758859375 0.7077916484375 0.0335819921875 0.7024273937500001
10 0 0.5569678031249999 0.033423765625000004 0.7017420359375001 0.05402305625 0.704994246875 0.0852729984375 0.6884812578124999 0.1067106546875 0.6698323609375 0.0977539 0.6276897359375 0.0759056234375 0.596517215625 0.088720921875 0.578920815625 0.0595815796875 0.5047196296875 0.038072275 0.5167411046875 0.00312481875 0.452931196875 0 0.4527216078125 0 0.5569678031249999
10 0.4137117625 0.24782937500000002 0.49184782812499994 0.266071596875 0.5349767421875 0.3128846125 0.5479228734375 0.29945784375 0.5354309703125 0.270417878125 0.49908691875000005 0.203490521875 0.47722608906249997 0.1526705875 0.45155196875000003 0.1433805625 0.41598795937500005 0.17676527656250002 0.3865005453125 0.2090051625 0.38953884375 0.20843274374999998 0.40444545625000006 0.263702203125 0.4137117625 0.24782937500000002
10 0.2654099703125 0.3008843109375 0.28988570625 0.311969784375 0.2870167640625 0.3282070203125 0.299272575 0.363570153125 0.31767171875 0.3758004640625 0.34683836874999996 0.342051340625 0.3372641953125 0.244965759375 0.3229503265625 0.2445231578125 0.2857824890625 0.2703616765625 0.2654099703125 0.3008843109375
2 1 0.777458 0.8407906468749999 0.6617024765624999 0.8171337234375 0.655230340625 0.7753011046875 0.67341228125 0.7507750546875 0.692713159375 0.5604236296875 0.9020271859375001 0.5553202390624999 0.9168439890625001 1 0.8300569734375 1 0.777458