27 0.7174341156249999 0.3507532375 0.7382383906250001 0.364244990625 0.7678021875 0.3705962359375 0.7976257015625 0.36951015468750004 0.8289940203124999 0.3546489953125 0.848897728125 0.333004859375 0.8616980312500001 0.30153872656249997 0.862885309375 0.2675395171875 0.8532623218750001 0.23848165937500002 0.8307412218750001 0.21322847500000003 0.806675315625 0.20175036406250002 0.7683519999999999 0.2025396265625 0.7306459281250001 0.2161156953125 0.705429846875 0.23757432031249998 0.690467490625 0.27002872187500004 0.6882177359375 0.303990828125 0.703969353125 0.3098597421875 0.7174341156249999 0.3507532375
27 0.579588925 0.216159521875 0.577130053125 0.22564759531249998 0.6527850265625 0.3133912015625 0.6570349296875 0.3135396109375 0.7082226406250001 0.2185239703125 0.7084452546875 0.21214911718749999 0.6848616796875 0.18685882812500001 0.6610183875 0.16900586875 0.6326654765625 0.1584418234375 0.6302808093750001 0.1658049453125 0.579588925 0.216159521875
0 0.3499629046875 0.28057872968750003 0.5614848343750001 0.50240105 0.5889678578125 0.5315450390625001 0.610040165625 0.5466728625 0.7399864093749999 0.40902946875 0.533559346875 0.1824947125 0.519219628125 0.1694389875 0.5071980859375 0.1539532140625 0.5010040171875 0.14920214062499998 0.4583928046875 0.18634035625 0.44142890156250003 0.19507156718750002 0.3499629046875 0.28057872968750003
0 0.3761269453125 0.5858449546875 0.3501989171875 0.58528528125 0.3182319546875 0.5793282750000001 0.2831188953125 0.5742986625000001 0.24778176875 0.577472340625 0.1604984078125 0.5897207812499999 0.1679791953125 0.6189728140625 0.18445738750000001 0.638200221875 0.20812927656250002 0.653645934375 0.23168419375 0.6579972374999999 0.24236310468750003 0.6699645656250001 0.2576640046875 0.67957279375 0.2870006234375 0.6916875953125 0.298016575 0.6930068140625 0.3119213421875 0.68556395625 0.3260103328125 0.68193316875 0.3507241390625 0.673916353125 0.3973945859375 0.6636096328125001 0.42037499843750004 0.6600195015625 0.457887853125 0.655619059375 0.496232740625 0.6525654609375 0.526384784375 0.6575717640625001 0.552070390625 0.6646184046875 0.5476758765625 0.6394269609375 0.5456035124999999 0.6358404734375 0.543153434375 0.6304837734375 0.5437456390625 0.6261118265625 0.5440673734375 0.616898546875 0.5426791078125001 0.60630775625 0.5420922359375 0.59794126875 0.5424599328124999 0.587411796875 0.54664060625 0.5809688421875 0.5466306171875 0.568669153125 0.5449565921875 0.5536757546875 0.52293075 0.555102915625 0.49064721406249995 0.5608529328125 0.4389889671875 0.568544021875 0.40728639843750003 0.5852042375 0.3761269453125 0.5858449546875
0 0.4935221484375 0.66610588125 0.4474004515625 0.6707025875 0.41051889687500004 0.6774841859375 0.3514076828125 0.6998867203125 0.33555089531250004 0.70776515625 0.3373902828125 0.7084500984375001 0.3491551 0.7094816890625 0.3621605953125 0.710556603125 0.37208605 0.7109032078124999 0.39315596249999996 0.71225969375 0.4135839734375 0.7142144765625 0.4321941625 0.714864359375 0.4409005453125 0.714547725 0.448474546875 0.7110877859375 0.4604342390625 0.70653953125 0.47147042499999997 0.71064935625 0.49529566875000003 0.7220338484375 0.5122106140625 0.7356599328125 0.5195463796875 0.7390197578125 0.5269688328125001 0.739899665625 0.5313328687500001 0.7394313515625 0.5388419203125 0.73783138125 0.5432925609375 0.7348831234375 0.549885684375 0.7239401734375 0.5477073921875 0.715173825 0.5453992421875 0.710127328125 0.5408261953125 0.698794428125 0.5360150390625 0.6942813203125 0.53383674375 0.6855149703125 0.5298191531249999 0.6760636390625 0.5244525859375 0.6696689203124999 0.5121756375000001 0.6655158125 0.4935221484375 0.66610588125
0 0.34773445468749997 0.48696314531249996 0.3432224296875 0.4917675109375 0.3411032890625 0.499136446875 0.33912805 0.5201557343750001 0.341859553125 0.5307952203124999 0.3536075703125 0.549812790625 0.3631790578125 0.560070934375 0.37405514375000004 0.5685139375 0.3901063640625 0.5709351828125 0.40374307187499997 0.5714113859375 0.41994574531250006 0.5694962296875 0.431146325 0.5686468390625 0.44794719375 0.5673728359375 0.4729575421875 0.5620437828125 0.5047213453125 0.5588112703125 0.5221420828125 0.5575589125 0.5390294828125 0.5538069234375 0.5535672890625001 0.5462514374999999 0.5552396453124999 0.5339049484375 0.55573720625 0.519656671875 0.5536472078125 0.5084193453125 0.5510239109375 0.4946823453125 0.54514988125 0.48517358125000004 0.5344251859375 0.4723942015625 0.52352746875 0.46457075000000003 0.49737144375 0.44939170781250004 0.47367321718750005 0.4349188421875 0.4535858765625 0.42367325468750006 0.43219398125 0.41424281250000006 0.427235153125 0.414069646875 0.4215267 0.41759175 0.416971409375 0.42363513125 0.414852290625 0.4310039828125 0.4103402640625 0.4358084328125 0.40277224375 0.43926559843749996 0.39265993125 0.4444946609375 0.37936184375000004 0.45209343906250005 0.3691413671875 0.46041990781250003 0.358856009375 0.4706049421875 0.352333009375 0.47968079531249996 0.34773445468749997 0.48696314531249996
0 0.6901480156249999 0.5418597765625 0.6851236859375 0.5457555171874999 0.688626625 0.549405984375 0.694897609375 0.5574961203125001 0.7002102984375 0.5686738484375 0.7051302609375 0.5794307015625 0.70483206875 0.5879697921875 0.7046900734375 0.592036 0.7098372546875 0.596286925 0.7184807265625001 0.59373894375 0.732962215625 0.587323653125 0.735081721875 0.58495495625 0.7228005921875 0.5633559421875 0.71558141875 0.548447590625 0.7142237765624999 0.540664921875 0.7107040265625 0.53647084375 0.7029736703125 0.53620089375 0.6901480156249999 0.5418597765625
0 0.730842740625 0.5896923390625 0.7229845859374999 0.593081990625 0.7135650671875 0.5960846078125 0.7165693015625 0.6018145703125 0.7213522359375 0.604831409375 0.7281694515625 0.6079193015625 0.7326023125 0.6092954500000001 0.74137358125 0.603087871875 0.746255884375 0.603258365625 0.75344231875 0.5957740640625 0.76321186875 0.5843088 0.7751719515625 0.5684417374999999 0.7831863015625 0.5605792296875001 0.7873258875 0.55868821875 0.7846056578125 0.5549291640625 0.7831060187500001 0.5512127296875 0.7752244078125 0.5436093734375 0.7717046609375 0.5394152671875 0.7650152140625 0.5326677453124999 0.764229896875 0.5318261171875001 0.7559222984375 0.5364214078125 0.7524544359374999 0.5424070703125 0.7498144890625 0.54801456875 0.7510066515625 0.548870434375 0.7561964328124999 0.5519014953125 0.7589734609375001 0.5540340671874999 0.7604872984375 0.5573438640624999 0.7603027046874999 0.5626299484375 0.7568490406249999 0.568209003125 0.752666828125 0.5713199046875 0.7465923328125 0.57029354375 0.7438295046875 0.5677543515625 0.7398461140625 0.5651725484375001 0.738653925 0.5643166546875 0.7370265171875 0.5642598249999999 0.7336437953125 0.567805775 0.732366434375 0.5693896484375001 0.730639603125 0.5721791484375001 0.7328819625 0.577957128125 0.7327115671875 0.582836590625 0.7325979703125001 0.5860895703125 0.730842740625 0.5896923390625
0 0.687895046875 0.5080928 0.680411828125 0.513787875 0.66841425 0.5160162125000001 0.6441153171875 0.52108781875 0.6381202484374999 0.5301802078125 0.6642070296875 0.54168033125 0.681264975 0.54624694375 0.6832491984375 0.546316234375 0.6879944375 0.5431728234375 0.697369453125 0.5401911109374999 0.70539863125 0.5378241734375 0.7208417328125 0.53174524375 0.73014754375 0.5307465953125 0.7376307140625 0.5250515171875 0.7384075078125 0.5217695265625 0.732524134375 0.519578615625 0.7122284140625 0.512913478125 0.687895046875 0.5080928
0 0.757427684375 0.47419490625 0.764925390625 0.48223049375000004 0.7623041703125 0.48525360937500006 0.739335653125 0.49617765937499997 0.742361625 0.510770753125 0.7438068390625 0.5200083890625 0.74507145625 0.52429276875 0.76295774375 0.5284508921875 0.7772758125 0.533544471875 0.79225508125 0.5298273265625 0.8026560140625 0.5255969640625 0.807522075 0.5077459234374999 0.8041065125 0.4638110203125 0.8067718062499999 0.4381094 0.805503421875 0.41368377812499996 0.8053029625000001 0.36880110781250003 0.7879010890625 0.3710202265625 0.76914833125 0.37142542968750003 0.7512250734375 0.36832607031250003 0.727179640625 0.35829924375 0.7160767234375001 0.3522578625 0.7067555421875 0.366066434375 0.7152386703125 0.3762565390625 0.7267890343750001 0.38973389531249997 0.7359660890625 0.400301596875 0.7409795703125 0.4086037734375 0.7274208437499999 0.4222643671875 0.7175536265625 0.4314603015625 0.7174673578124999 0.43393075468750003 0.7403381859375 0.457343925 0.757427684375 0.47419490625
0 0.413271646875 0.1606802296875 0.3984063265625 0.187039 0.3764034890625 0.2181258578125 0.39720273437500003 0.2331827765625 0.418256478125 0.21759648281250002 0.43280931562499997 0.2001860578125 0.4461068703125 0.19019793437500002 0.46336646875 0.180845884375 0.4666808765625 0.171504578125 0.4632857453125 0.16889731875 0.4560500546875 0.162174084375 0.44143986562500004 0.152704590625 0.4310807296875 0.14985414218749998 0.420415190625 0.1415178734375 0.41420305781250005 0.14826928749999999 0.413271646875 0.1606802296875