2 0.5728673890625 0.1383107109375 0.1884735515625 0.1276381390625 0.0732124125 0.2774426953125 0.0529961234375 0.327882978125 0.0124819890625 0.36795169843750003 0.016694040625 0.491337896875 0.060585062499999995 0.7402562625 0.138175615625 0.7892622 0.278764215625 0.793165596875 0.1492540328125 0.752299403125 0.1409338125 0.7422603953125 0.14192468125 0.7128639171875 0.1592878796875 0.6956916046875 0.1326660859375 0.6753364687500001 0.1317947359375 0.6498114859374999 0.1592588109375 0.57799484375 0.1571664421875 0.4582791890625 0.17686104687499998 0.45097960625000005 0.2231104265625 0.462071703125 0.242872059375 0.4567355796875 0.238410328125 0.44288050625000003 0.2099263125 0.42639686250000003 0.21152042343750002 0.41467152656249995 0.22728951406250003 0.40922455312499995 0.257434665625 0.415946321875 0.2652186703125 0.4102776453125 0.2777179796875 0.3674694984375 0.2765785203125 0.33409067187499997 0.3005192421875 0.2759074 0.31841866093750004 0.274442771875 0.351096296875 0.29692765 0.3639977671875 0.265900265625 0.39340562343749996 0.2510239734375 0.45748738749999995 0.258687978125 0.4918931890625 0.273374440625 0.4910218390625 0.2478494546875 0.5159679640625 0.2191180875 0.565606640625 0.21264989375 0.581643840625 0.215056759375 0.59689125 0.2527504875 0.6135316921875 0.272828496875 0.629568890625 0.2752353625 0.6413454375 0.2696775375 0.6539117734375 0.22883285312499999 0.6433942 0.212848040625 0.56220280625 0.1713618015625 0.5728673890625 0.1383107109375
2 0.0128171234375 0.377769003125 0.06084715625 0.3241777625 0.06968905625 0.2910760640625 0.127030178125 0.21812735 0.14731349062500002 0.169650525 0.13107521093750002 0.161353278125 0.114896690625 0.1255952984375 0.004103628125 0.1225191640625 0.0128171234375 0.377769003125
2 1 0.732814440625 0.9111594406249999 0.7538374703125 0.6128581859375 0.7789024203125 0.5144193031250001 0.7997084859375 1 0.81319048125 1 0.732814440625
2 0.9606670906250001 0.14907785 0.681747028125 0.14133372187499998 0.8291144671874999 0.21996610625000002 0.869106921875 0.22303808125 0.86865226875 0.2681422421875 0.974714990625 0.2634888078125 0.9606670906250001 0.14907785
27 0.6760048109375 0.2333694578125 0.6950291484375 0.206435271875 0.7282954937499999 0.1877429078125 0.8073565625000001 0.2252468015625 0.833241065625 0.2240038765625 0.68127360625 0.14132057656250002 0.5693956124999999 0.13821431875 0.560206534375 0.171306375 0.64951706875 0.2169412375 0.6621649640625 0.23690839531250002 0.6760048109375 0.2333694578125
27 0.3064846359375 0.45065536718750004 0.28892035312500003 0.46193729687499996 0.2850384453125 0.6403350515625 0.24893355156250002 0.7511437703125 0.2791457296875 0.7598290015625 0.3017188328125 0.7938029234374999 0.3832842953125 0.796067565625 0.4070266171875 0.7084547921875 0.3968441796875 0.702287284375 0.377470171875 0.6605557828124999 0.4046806765625 0.6397336828125 0.40258830625 0.52001803125 0.38215640624999997 0.5057195515624999 0.37969094531250003 0.4919199015625 0.3486074140625 0.4577096890625 0.3064846359375 0.45065536718750004
27 0.2965993765625 0.5700384609375 0.29351613906249996 0.47971928906250005 0.2811363484375 0.467605971875 0.17080520625 0.44884986875 0.15303984531249998 0.45424141406249996 0.1532699984375 0.5778285640624999 0.1482865859375 0.607114190625 0.13671111875 0.618562396875 0.127735165625 0.6477371703125 0.130803865625 0.6792079625 0.155362365625 0.6975442140625 0.13799916406249998 0.7147165265625001 0.1370082984375 0.7441130046875 0.2239203984375 0.7779116796875 0.29425908437500004 0.7935958078125 0.2802706484375 0.7343594437500001 0.269753078125 0.7183746328125 0.2870347171875 0.6403904781249999 0.28695315312499997 0.579578634375 0.2965993765625 0.5700384609375
27 0.3303058390625 0.44739355625000005 0.3522502890625 0.38915485625 0.3571521375 0.2990573859375 0.30211335156249997 0.2641820625 0.28322306875000003 0.295043171875 0.26760256875 0.363265446875 0.2481090421875 0.3764554109375 0.2552373125 0.4100005125 0.2152448578125 0.4069285359375 0.2074608546875 0.41259721406249994 0.206000796875 0.4282494703125 0.23242151406249997 0.4427142296875 0.2386784375 0.45073434843750004 0.2350880546875 0.46240425781249994 0.253322603125 0.47075693125000007 0.28333370156250004 0.47355177968750006 0.30455539374999996 0.4525634 0.3303058390625 0.44739355625000005
27 0.7077787953125 0.638341109375 0.680606246875 0.54342990625 0.681597115625 0.514033425 0.6575748296875 0.51140485625 0.58005538125 0.5190605515625 0.5165243640625 0.58595260625 0.5375740453125 0.6767706125 0.544113609375 0.75149295625 0.5612902656250001 0.7872786484375001 0.7004260203125 0.7734873125 0.7220498734375 0.7642796953125 0.7077787953125 0.638341109375
27 0.47926547812500003 0.6045341203125 0.37740314375 0.658592325 0.377872334375 0.672336546875 0.4172090546875 0.714622303125 0.4437783609375 0.791862365625 0.45445986562499996 0.7980437328125001 0.5058638546875 0.799470946875 0.5672120515625 0.785481465625 0.5412459890625 0.7259125484375 0.532643125 0.64917131875 0.5194590140625001 0.6134964765625 0.5183865828124999 0.5820811124999999 0.5103344703125 0.5798959499999999 0.47926547812500003 0.6045341203125
27 0.6238392953125 0.5163529984374999 0.606997778125 0.49038460781250004 0.597873234375 0.4567840796875 0.5080410203125 0.45428991406249997 0.48222354687499996 0.457496303125 0.445366821875 0.4878585734375 0.43340372499999996 0.5463744015625001 0.40526938125 0.598556440625 0.40461364843750003 0.637770221875 0.46176822343749996 0.617779509375 0.52424134375 0.5783204703125 0.58005538125 0.5190605515625 0.6238392953125 0.5163529984374999
27 1 0.5616971921875 0.9683374359375 0.559265065625 0.91989070625 0.5422271671875001 0.8761738156250001 0.5468981765625001 0.8797787328125001 0.59407665 0.9038825812500001 0.6575170640625 0.9248652312500001 0.7463716109375 0.9647236343750001 0.7455166656250001 0.996261815625 0.7346227187500001 1 0.7295992953125 1 0.5616971921875
27 1 0.46941869062499997 0.9995562953125001 0.46580500625 0.96701635 0.462129221875 0.9079995546875 0.4859914296875 0.8787927812499999 0.5067581078125001 0.86142958125 0.523930415625 0.8702860156250001 0.5496771046875 0.8740774796874999 0.543897575 0.9000290046874999 0.5446181109375 0.9042226296875 0.55061934375 0.909876309375 0.5409683203125 0.9218539390625 0.5413008734375 0.964311853125 0.5581725015625 1 0.559163371875 1 0.46941869062499997
27 0.873119653125 0.5742757703125 0.8456789953125 0.471510725 0.8330310984375 0.4515435671875 0.81506465625 0.45104473437500003 0.7636978140624999 0.4653113453125 0.748531965625 0.48842946249999997 0.73083363125 0.49578447031249995 0.6949007453125 0.49478680312499995 0.680204084375 0.5316491421875 0.7055814421875 0.632395303125 0.7154578140625001 0.7464422765625 0.7261094406249999 0.7663540078125 0.8336399890624999 0.7614931640625 0.893192996875 0.7533386359375001 0.9186753359375001 0.7403149515624999 0.9081432296875 0.66548175625 0.873119653125 0.5742757703125
27 0.595967409375 0.28411042656249996 0.607408825 0.2687353 0.585502328125 0.211240690625 0.5754539453125 0.20900010156249998 0.51569985625 0.21126424843749997 0.5066568765625 0.2384755625 0.493152165625 0.25183180156249996 0.49575168124999996 0.26955836875 0.48404215625 0.27707965625000003 0.461412903125 0.25683537031250003 0.44131613437499995 0.2523541921875 0.3972641109375 0.2472079015625 0.3796998296875 0.25848983125 0.3636626328125 0.25608296406250003 0.35289148593749997 0.29109269375 0.357367753125 0.36379615 0.3676842453125 0.3738905796875 0.497575940625 0.38142018125 0.6248156296875 0.4281081359375 0.6341267203125 0.40875066406249994 0.628927690625 0.373297525 0.58360215625 0.330845490625 0.595967409375 0.28411042656249996
27 0.61178010625 0.4552086 0.6129050312500001 0.429739040625 0.573903440625 0.3972705859375 0.48153874218750004 0.3790133140625 0.43795590625 0.38761124687500004 0.37999700625 0.3840404375 0.348726934375 0.4027882265625 0.3442797375 0.4477815359375 0.3508047671875 0.46365549687499996 0.39426808593749996 0.5099790265624999 0.4227521 0.526462671875 0.4404504359375 0.519107659375 0.445500875 0.49178549687500006 0.4882793875 0.4596260390625 0.61178010625 0.4552086
27 0.8110721109375 0.45093388125 0.8097170406249999 0.3528162953125 0.8033260656250001 0.34086925625000003 0.718879421875 0.32087022656249997 0.6956614640625001 0.34180317968749996 0.6778290734375 0.3452312671875 0.666387659375 0.36060639375000003 0.6466260265625 0.36594251718750004 0.6201003265625 0.4652476046875 0.67832733125 0.47667225625 0.6867145796874999 0.48867472031250003 0.718788978125 0.49348845468749997 0.74460645 0.49028207031250004 0.7635637609375 0.46138442343749997 0.8110721109375 0.45093388125
27 0.9710944234375001 0.40633686874999997 0.9636980453125 0.3649379234375 0.9348643593749999 0.279788596875 0.92281970625 0.27749258125 0.88722195625 0.28631221875 0.8949009765625 0.39441338593749997 0.8718840953125 0.4212367203125 0.8506769406249999 0.5010734796875 0.8573360250000001 0.5208743609375001 0.9100288687500001 0.4870285765625 0.9496191625 0.4783197890625 0.9691126875 0.4651298265625 0.9710944234375001 0.40633686874999997
27 0.7488614515625 0.2059683078125 0.7125264046875001 0.193189884375 0.7000125609375 0.1771496453125 0.658090859375 0.17598570156249999 0.64485425625 0.19719578437500002 0.661695778125 0.22316417500000002 0.6624330734375 0.24476223749999998 0.649263496875 0.26793578125 0.6480715484374999 0.2914418765625 0.62339353125 0.3280270875 0.622067528125 0.34760626562499997 0.6604658718749999 0.362403578125 0.6757657734375 0.3432123828125 0.6955944374999999 0.33983971875 0.7031773578125 0.3282806609375 0.7409054359375 0.32344337031250003 0.7734490187499999 0.342001328125 0.772391125 0.3694343453125 0.78450280625 0.373693821875 0.783310859375 0.3971999203125 0.8157874171874999 0.41379441406249995 0.8373297046875001 0.343774953125 0.8435720890624999 0.292946690625 0.8715723828125 0.23683772812499998 0.869106921875 0.22303808125 0.7755502734374999 0.2282869078125 0.7488614515625 0.2059683078125