15 0.486819084375 0.3542420796875 0.47960513593750004 0.361454671875 0.4615668796875 0.4155525015625 0.45033942343750005 0.44014950781250006 0.442839884375 0.4678266875 0.44632388125 0.47917373124999996 0.45904704374999994 0.49376356250000003 0.475903978125 0.50486871875 0.48579156562500003 0.507706328125 0.505242865625 0.5099774984375001 0.517278646875 0.5083171453124999 0.5340973015625 0.49555366875000006 0.5430939015625 0.49263678750000006 0.5456472734375 0.48878724843750004 0.5532691109375001 0.4533699984375 0.5565925265625 0.44858848125 0.5614580640625 0.42030319374999997 0.567902646875 0.4068093109375 0.57605060625 0.37872695312500004 0.5869125203125 0.3629236171875 0.59412985625 0.3196446765625 0.5912539671875 0.305663628125 0.588701271875 0.3022998984375 0.5788949921875 0.2967066671875 0.5636997640625 0.28321075 0.5538121765625 0.28037314375 0.5408444171875 0.2812634515625 0.5261336421875 0.28730014375 0.512557096875 0.29803772500000003 0.49524992343749996 0.3345482140625 0.48949475624999994 0.3426524703125 0.486819084375 0.3542420796875
15 0.34712757031249997 0.8276798875000001 0.3548407171875 0.8413107828124999 0.3675999703125 0.8630192687499999 0.3835325625 0.8795352875000001 0.3978803546875 0.8858102796875 0.4105699546875 0.8907149359375 0.4296777546875 0.8892012312500001 0.4450362671875 0.8868219359375 0.4668845046875 0.88199085 0.47914308125 0.8759333328125001 0.48779729375 0.8641061109375 0.5035351484375 0.85095173125 0.500925409375 0.8286239 0.5008557578125 0.8118200703125 0.49977725937499995 0.790833271875 0.49797788593750003 0.7686925312499999 0.44967756562499994 0.7042157296875 0.43287918281250004 0.691449884375 0.4312209875 0.6900795453125 0.42293001874999997 0.68322785 0.400289384375 0.682938421875 0.3959604046875 0.7016892921875 0.39293011875 0.7148149015625 0.3855012 0.72988755 0.37266480468749996 0.7427242703125 0.36026130625 0.7536859015624999 0.338989015625 0.7645750421875 0.3327119953125 0.7917638046875 0.34712757031249997 0.8276798875000001
15 0.33737832343749996 0.7622281546874999 0.368913646875 0.7546959375 0.3972590984375 0.6960640312499999 0.4030335671875 0.6539465234375 0.392224228125 0.610962890625 0.3641045890625 0.6044709609375001 0.35603006875 0.596681721875 0.3320944859375 0.5763430375 0.3208466296875 0.5737462640625 0.3114734171875 0.5715822875 0.2904909765625 0.5726631984375 0.2408713625 0.6550215046875 0.25210985468749997 0.7218045703125 0.26212866875 0.746830434375 0.279431478125 0.7616877625 0.2942121703125 0.76608766875 0.3105080046875 0.7639247703125001 0.33737832343749996 0.7622281546874999
15 0.457780178125 0.5194460875 0.42099696093750005 0.5889676734375 0.41385601562499996 0.60706935 0.41363769531249994 0.6208441515625001 0.46165004062500004 0.682291925 0.4938803375 0.6838077874999999 0.5171703203125 0.6812845859375 0.548538565625 0.6608761046875 0.5492613109375 0.6491927875 0.55568138125 0.6299371703125 0.5666431375000001 0.6166676546875001 0.5790466359375 0.605706021875 0.5982278328125 0.5953216296875 0.6050092765625 0.570224353125 0.5972980015625 0.543756196875 0.574011765625 0.5206048828125 0.5495717578125 0.4981747109375 0.5332043984375 0.4963710375 0.5100574671875 0.506827384375 0.5047215140625 0.5085580265625 0.477610721875 0.5062490640624999 0.457780178125 0.5194460875
15 0.33706906718749996 0.580454053125 0.34795555 0.5888924859375 0.362229946875 0.604038165625 0.411907975 0.6155072421875001 0.41890586875 0.5894724203124999 0.4559055328125 0.5190132921874999 0.4755196296875 0.5067538125 0.45374666250000006 0.48987695000000003 0.444301925 0.48374640312499995 0.4402665375 0.467014525 0.4398355125 0.4560523515625 0.386982271875 0.462613 0.3692428203125 0.475305275 0.3349892109375 0.50393525 0.3240989828125 0.5211713375 0.3255682921875 0.5738488328125 0.33706906718749996 0.580454053125
15 0.6085027843749999 0.84160991875 0.6191765640625 0.8253113765625001 0.5573886296875 0.789321184375 0.5217797828124999 0.716911778125 0.49733041250000004 0.758667903125 0.49790448749999994 0.7775632171875 0.4986234890625 0.7915544171875 0.5015766296875 0.8129740125 0.5029431046874999 0.836989840625 0.5277426109375 0.866415609375 0.5429562015625 0.8689404296875001 0.5707897390625 0.8595660734375 0.5888886906249999 0.8538693984375 0.6085027843749999 0.84160991875
15 0.6809098296875 0.7417996687499999 0.7096825625000001 0.7198044515625 0.72065180625 0.6551859015625 0.708688696875 0.6129234125 0.6383199453125 0.5798897546874999 0.631830221875 0.5823415453125 0.60140116875 0.5901291640624999 0.580778228125 0.5982056734375 0.5639760953125 0.6111143453125 0.552939071875 0.6460918078125 0.5487531437500001 0.6727758203125 0.5501911421875 0.70075821875 0.570377440625 0.7202313140625 0.6309084281249999 0.7569188312499999 0.6561047046875 0.7508856749999999 0.6809098296875 0.7417996687499999
15 0.5475975 0.686334225 0.54480515625 0.667914296875 0.5229372984375 0.6905161171875001 0.5287024046875 0.712584903125 0.5294214046875 0.726576103125 0.5343941125 0.7435243796875 0.558613925 0.7925666109375 0.6395811859375 0.8310096687499999 0.665468553125 0.8172359453125001 0.6812618390625 0.800144303125 0.6915761203125 0.7768501609375 0.7054966328125001 0.7464884640625 0.7031194390625 0.731126925 0.6797560609375 0.7425208140625 0.6623779812499999 0.7493714296875 0.65120165 0.7507412296875 0.6312280546875 0.756005109375 0.5982072328125 0.7365314749999999 0.5618700234375 0.7143171640625 0.5475975 0.686334225
15 0.49459933593749994 0.6977989874999999 0.44088217656250006 0.69527255 0.45270597968750004 0.7039273796875001 0.5028966593749999 0.738227646875 0.5186779718750001 0.726070815625 0.51889629375 0.712296015625 0.5245239671874999 0.6879198843750001 0.5434905875 0.6656357749999999 0.5257511359375 0.67832805 0.507435734375 0.6849622671875 0.49459933593749994 0.6977989874999999
15 0.2941047015625 0.5142466109375 0.3244920796875 0.5143494859375 0.3369353796875 0.5083346171875001 0.348764803125 0.4784776703125 0.393980165625 0.4365781796875 0.45361484843750005 0.4049202546875 0.4518136046875 0.3956167734375 0.457872303125 0.3822028125 0.463859475 0.36482228125 0.4620601046875 0.3426815421875 0.450526146875 0.3242184828125 0.420243890625 0.314264728125 0.39702543281249997 0.3207545015625 0.375388028125 0.3631598171875 0.27573088437500004 0.427053446875 0.25200613125000004 0.44428899375 0.258780084375 0.47054075156249997 0.2755050703125 0.49217728281250006 0.2941047015625 0.5142466109375
15 0.6630438203125 0.1392410703125 0.61314746875 0.1415467953125 0.5923099515625 0.13772358906249998 0.5665693765625 0.133755940625 0.54371229375 0.1344040546875 0.5370023749999999 0.16346790312499998 0.5377195015625 0.1902963609375 0.5441339546874999 0.2095525203125 0.5564621828125 0.2202988328125 0.5727580171875 0.21813593281250002 0.58458369375 0.213953503125 0.6188373046875 0.18532352968750002 0.6358540109375 0.184314571875 0.6654116484375 0.21878890156250003 0.683437203125 0.22196291562499998 0.7225994859375 0.1549656078125 0.71676098125 0.14176750625 0.6630438203125 0.1392410703125
15 0.39231115 0.237702403125 0.41578496875 0.23522164375000001 0.44722286718750004 0.23161699218749998 0.472315965625 0.225560015625 0.4989223375 0.22577749218749998 0.5612203140625 0.2253473921875 0.5571830546875 0.22145277343749997 0.545071275 0.2097689171875 0.5385834265625 0.19938344531250002 0.5346929593749999 0.177747453125 0.5326771421875 0.15654425624999999 0.521286234375 0.14601434062500002 0.48465168593749997 0.18495729375 0.41810561718750006 0.1439185421875 0.404619875 0.15956789062500001 0.3939460953125 0.175866434375 0.3872361765625 0.2049302828125 0.39231115 0.237702403125
15 0.56374243125 0.23580481562500002 0.5570343859375 0.2520314078125 0.553714253125 0.2749652453125 0.5573186156250001 0.28073495312499996 0.5710170625 0.2898225765625 0.5835617390625 0.2996313453125 0.593149528125 0.3136950375 0.588749021875 0.328479334375 0.63287465 0.342616596875 0.6824096296875 0.34615253125 0.6986339390625 0.3400230609375 0.7074312015625 0.33612898125 0.72221376875 0.3276916296875 0.7305066078125 0.3217060640625 0.73382486875 0.311609484375 0.7428404546875 0.2939406015625 0.742770803125 0.277136771875 0.7414024546875 0.26595820312499996 0.7327519890625 0.2521109078125 0.72792233125 0.24309577500000001 0.7171807703125 0.22975323125 0.69230599375 0.22203540624999998 0.6682951390625 0.2234046671875 0.598284015625 0.21020387031249999 0.5780939703125 0.21640529062499997 0.5700175796875 0.2214533140625 0.56374243125 0.23580481562500002
15 0.7039418015625001 0.5308512999999999 0.729539325 0.5268858078124999 0.7389144109375 0.516212525 0.745044634375 0.5067651375 0.74144214375 0.488158171875 0.7348093703125 0.4826768171875 0.6998405062499999 0.47164107499999997 0.6730892125 0.4763277140625 0.65116945 0.47719222656250004 0.6399931203125 0.478562025 0.641865890625 0.49183208125 0.6495075109374999 0.5014964046875 0.6595282015625 0.513685009375 0.6744519421875 0.5260180578125 0.6819505140625 0.5277492406250001 0.7039418015625001 0.5308512999999999
15 0.7468589859375 0.42620780781249995 0.72559044375 0.41142242968750004 0.6984099984375 0.392309640625 0.6687770890625 0.37954325624999996 0.6600532234375 0.3745666484375 0.62630778125 0.379613590625 0.6157074 0.387041446875 0.610947396875 0.3948301453125 0.6058260203125 0.408460503125 0.6016419640625 0.42230725625 0.6037311828124999 0.43463976718749997 0.6075501203125 0.45230918750000004 0.612379778125 0.46132432031250004 0.6236991578125 0.467887665625 0.649006834375 0.473730403125 0.667898184375 0.473154240625 0.696236146875 0.46587136874999996 0.7192362796875 0.47315639843749996 0.7482198421875 0.48873541249999997 0.7552158609374999 0.4755378515625 0.7570208515625 0.459166815625 0.7579619203125 0.433708696875 0.7468589859375 0.42620780781249995
15 0.5851146968750001 0.5281057671875 0.5974410515625 0.5516893421875 0.6076047921875001 0.5718110890625 0.599022103125 0.5876048843749999 0.6277929609374999 0.5784469265625 0.6830215203125001 0.600085075 0.7112842125000001 0.61451015 0.7263547515625 0.6091018234375001 0.7307552562499999 0.5943175265625 0.7295318328125 0.578234840625 0.712733446875 0.565468996875 0.6897333125 0.558183965625 0.66961666875 0.555514703125 0.652240459375 0.549528059375 0.641570425 0.5401520875 0.6158317249999999 0.5233471765625 0.605521190625 0.520966803125 0.5851146968750001 0.5281057671875
15 0.487441178125 0.3396535890625 0.45173754062500004 0.245496978125 0.4199671515625 0.2342121484375 0.406050384375 0.238899325 0.3981170421875 0.2518804890625 0.385135721875 0.269621325 0.38059029375 0.2893097375 0.39154642968750003 0.3145519984375 0.41072575312500004 0.3170048671875 0.423055853125 0.314913921875 0.43971118750000004 0.31974662187499997 0.4480021578125 0.3265983171875 0.4562931234375 0.3334500109375 0.4620601046875 0.3426815421875 0.46667331250000005 0.3526342171875 0.46890745312500004 0.36006261093749997 0.4729447140625 0.3639572296875 0.47388203593749995 0.364173628125 0.4830406734375 0.354437890625 0.487441178125 0.3396535890625
15 0.6033076484375 0.3723285609375 0.592204715625 0.364827675 0.5770607765625 0.37910668593749997 0.5694869375 0.39908345 0.5627073671875 0.41134346875 0.5536917796874999 0.4290123515625 0.5485666578124999 0.468317225 0.536018234375 0.484182971875 0.5317626546875001 0.4940631546875 0.54394783125 0.496876325 0.5537539421875 0.49716521562500005 0.578630590625 0.49204578125 0.6043015125 0.4792096 0.613821521875 0.463632203125 0.602216040625 0.441202571875 0.6022179109375 0.4283653140625 0.60589754375 0.4124270734375 0.612246090625 0.389204884375 0.6156908249999999 0.385956890625 0.6033076484375 0.3723285609375
15 0.6489240734374999 0.5467873828125 0.658189440625 0.5489264625 0.6654401015625 0.5180124234375 0.647128446875 0.498972125 0.635161590625 0.48238415312500005 0.6363887593750001 0.47279231875 0.6151917421875 0.4619735140625 0.60567173125 0.4775509109375 0.5985326609375 0.48281532968749996 0.5855532140624999 0.48771890625000003 0.56601251875 0.49110769843749996 0.5611809875 0.494929825 0.553970390625 0.496227671875 0.582302734375 0.527456575 0.593119565625 0.5190911765624999 0.602709225 0.5203176093749999 0.621239203125 0.52558310625 0.6325585859375 0.53214645 0.641137528125 0.5420271718749999 0.6489240734374999 0.5467873828125
15 0.365869890625 0.3658999578125 0.3759658484375 0.3563806140625 0.381520121875 0.340875171875 0.392193903125 0.324576628125 0.3875091703125 0.31065737968749996 0.3824630625 0.30257979375 0.37871565 0.28887694218750004 0.3803757171875 0.2774100234375 0.39198869062499997 0.2484906203125 0.3652317796875 0.291689034375 0.34503799218750003 0.3235649734375 0.338979290625 0.3369789359375 0.33003523125 0.35861438749999996 0.322123203125 0.3962883390625 0.349067759375 0.3788086296875 0.365869890625 0.3658999578125