7 0.6110012578124999 0.7423771640625 0.63263164375 0.7217924171875 0.64939606875 0.7023026140625 0.659591309375 0.6855629296875 0.6374081578124999 0.6846673484375 0.6364525671875 0.6797679750000001 0.63069026875 0.679442996875 0.621401590625 0.67691773125 0.6151696828125 0.6729146125 0.6072142515625 0.6804012890625 0.599718340625 0.680715884375 0.588847109375 0.6808752218749999 0.5793154453125 0.67773936875 0.49980264218750003 0.696920584375 0.5022916125 0.706506125 0.5146043546875 0.7124673671874999 0.5150085109375 0.7259732453125001 0.599637815625 0.7546224546875 0.6110012578124999 0.7423771640625
7 0.5753468296875 0.7642301515625001 0.5749884140625 0.7609251453125 0.5791956953125 0.7575532453125 0.5780819187499999 0.7488430984375001 0.5344128015625 0.7330955546875 0.533476284375 0.7375010578125 0.5336419968749999 0.7412969281249999 0.5313273671875 0.7518948562500001 0.529422971875 0.7618339421875 0.5313419765625 0.7676219640624999 0.5345315015625001 0.7747150859375 0.534377209375 0.7786452875000001 0.5348483484375001 0.7827078625 0.5326656796875 0.7855708015625 0.52882805 0.7868655921875 0.5290108453125 0.789339984375 0.5309280375000001 0.792142828125 0.5337021828124999 0.794508465625 0.5339548421875 0.7993173671875 0.5355603984374999 0.7997538609375 0.5389377828125 0.79917355625 0.54105516875 0.795426903125 0.54395009375 0.7924827515625 0.5465862718750001 0.7920548546874999 0.5508336765624999 0.7912140890625 0.5537938890625 0.78915365 0.5584009671875 0.79037323125 0.5638968046875 0.78880549375 0.5650566484375 0.7872107453125 0.5685212234375 0.787245240625 0.5718914046875 0.786001871875 0.5737563812500001 0.78669944375 0.57174088125 0.782848584375 0.5707095296875 0.7806036875 0.569503009375 0.7737560484375 0.5674156515625 0.767816796875 0.564977284375 0.7646186 0.569393225 0.7656178734375 0.5717291624999999 0.764756084375 0.5753468296875 0.7642301515625001
7 0.6257017375 0.5636060015625 0.6200723140625 0.5582718578125 0.6189630734375 0.550343690625 0.62803188125 0.52630213125 0.582281753125 0.5073675375 0.563080615625 0.5332878421875 0.5563741328125 0.5369972390625 0.5517728828124999 0.5408563562500001 0.549076975 0.54215975625 0.5431233062499999 0.54188591875 0.5362169765625 0.5428899296874999 0.530463190625 0.54532148125 0.5226708015625 0.54850515 0.5206033515625 0.5535909984375 0.520560046875 0.5600916203125 0.522178925 0.567831778125 0.5251935296875 0.5732042500000001 0.5213162140625001 0.577413859375 0.5172334734375 0.5906542359375 0.504964178125 0.58993130625 0.5035684828125 0.5922989890625 0.5010580078125 0.5984746578125 0.51252230625 0.6001121781250001 0.5317212437500001 0.607233525 0.545357375 0.609922528125 0.5554170593750001 0.6043584109375 0.5779981171874999 0.6052912984375001 0.5776794546875 0.598615428125 0.5891581718750001 0.5980860671875 0.5980886546875 0.598496821875 0.6074910250000001 0.5934839984375 0.614759353125 0.5926552484375 0.6185556046875 0.5897107203124999 0.6257572875 0.58798015625 0.6271674265625 0.583445603125 0.62640570625 0.5778595546874999 0.6308593109375 0.5743637203125 0.6305117578125 0.572021590625 0.630030975 0.5678758734375 0.6257017375 0.5636060015625
7 0.4944959328125 0.6348140421874999 0.5014146609375 0.6257581671875 0.5262428296875 0.6189001000000001 0.524596521875 0.607103334375 0.5004126453125 0.6007113265624999 0.49720598593750004 0.600635671875 0.5045456140625 0.5876484109375 0.514903359375 0.5882325749999999 0.508859628125 0.5770361109375 0.5068764906250001 0.5710546625 0.5092586640625 0.5615746453125 0.501068890625 0.5614493796875 0.491403634375 0.5606097390625 0.4880415828125 0.5616403234375 0.48338510156250003 0.564407184375 0.47789055312500006 0.5670636546875001 0.47115058281250005 0.5640958609375 0.4686009484375 0.5616799625 0.46803820468749996 0.557272325 0.4700447234375 0.552336371875 0.47323554687499997 0.547383059375 0.47896620937499995 0.5463177546875 0.484677253125 0.5481966484374999 0.4874901453125 0.5333131359375 0.49210136875000005 0.5299336218749999 0.49028946093750003 0.5278748953125 0.45105819687500004 0.536055078125 0.44588423125 0.535026946875 0.414500259375 0.535486990625 0.4112189046875 0.5392149890625 0.40782745625 0.5446618890625 0.4009026859375 0.547216684375 0.39778651875 0.548366325 0.3973854796875 0.5544209062500001 0.39267391093750004 0.558047203125 0.390114471875 0.557103390625 0.383014696875 0.5637086499999999 0.38233806718749996 0.568993096875 0.3831919734375 0.574132453125 0.3815671421875 0.5810254015625 0.3781854890625 0.5850002359375 0.376454296875 0.5856389296875 0.37538617812499997 0.5904384671875 0.378081375 0.593220209375 0.37733988125 0.6008362234375 0.375514425 0.6082228046875 0.3726404 0.61746468125 0.373759859375 0.6197788984375 0.3825674390625 0.6234523671875001 0.38803255000000003 0.6252122015625 0.3931612578125 0.6256276796875 0.39820923124999996 0.6233457296875 0.402710353125 0.621685140625 0.4086318578125 0.62159834375 0.41237559062500007 0.6225247703125001 0.4169121546875 0.6229489390625 0.42177532968750003 0.626189565625 0.42595583281250005 0.6282135640625001 0.43307747812499997 0.633138378125 0.44190468281250006 0.6338676390625 0.442843059375 0.6337312125000001 0.4519418234375 0.6381364015625001 0.45738734687499993 0.642840459375 0.46103679687500004 0.6505147640625 0.463566825 0.6558748765625 0.46479638906250004 0.6564701734375 0.46569932343750003 0.6542489890625001 0.45802851406249995 0.6354712484375 0.4625099953125 0.636754846875 0.4670563515625 0.635706903125 0.48642607968749996 0.6314977484375001 0.4944959328125 0.6348140421874999
7 0.3623706125 0.658625690625 0.368236646875 0.6451926859375 0.3677000125 0.63903389375 0.3738806515625 0.6204878375 0.372521884375 0.6175952812500001 0.372733365625 0.6142945640625 0.374304784375 0.6100317343749999 0.3754110171875 0.6065160015625 0.376266878125 0.604013415625 0.377783253125 0.599885990625 0.3782591796875 0.5975235734375001 0.37815116249999997 0.5934199578125 0.377322203125 0.5918842453125001 0.37611870937499997 0.58968104375 0.3762751375 0.5865157265625001 0.3774807109375 0.5843445078125 0.3757375328125 0.58188001875 0.3718108453125 0.5780342765625 0.3703764234375 0.577988003125 0.3683278171875 0.5766720609375 0.3672397796875 0.5733903953125 0.36656188749999996 0.56949703125 0.36445161875 0.561182965625 0.36170029062500003 0.5556375296875 0.35192248125000003 0.548310725 0.3492079765625 0.5494272859375 0.3465042578125 0.5489285374999999 0.3432306296875 0.5486400359375 0.34116589375 0.5497470734375 0.33872992968750004 0.5537533828125001 0.33202831875 0.5519672609375 0.3304536109375 0.55266333125 0.3264838796875 0.5552788578125 0.3208984515625 0.560677296875 0.31693205 0.566859590625 0.3142373953125 0.5774604562500001 0.31603355 0.5841639625 0.320668340625 0.5914315515624999 0.3260327703125 0.5988903265625 0.3230137875 0.6088555828125 0.32589277656250004 0.610249453125 0.32890060781249997 0.6178080968749999 0.3350882109375 0.6275164921874999 0.341266465625 0.6437295656249999 0.347614084375 0.660024640625 0.3545414390625 0.670904825 0.3623706125 0.658625690625
7 0.46131804218749994 0.430696240625 0.4665238171875 0.4267271703125 0.46729445 0.41952930312500003 0.45698327031249997 0.403360865625 0.45283632812499997 0.4020741375 0.451623746875 0.40328968437499996 0.4483652875 0.40423579375 0.44746483281250005 0.4037998375 0.44803383593749996 0.3997490015625 0.44825941093750005 0.393008278125 0.4447486734375 0.38662173593750004 0.4413051515625 0.3791861671875 0.43843067500000005 0.36769979531249997 0.4313613390625 0.3621140234375 0.424212834375 0.35937409531250003 0.4201331234375 0.3570383734375 0.4170523890625 0.3584310328125 0.4149706359375 0.3635520609375 0.413244278125 0.3695661890625 0.409282403125 0.3766611421875 0.4044440015625 0.37972648124999997 0.4007270390625 0.3862189546875 0.400146065625 0.3920665875 0.399008071875 0.40016820937500003 0.39526715625 0.4102543296875 0.392873296875 0.4170268703125 0.3916800453125 0.4243806859375 0.392599853125 0.4309549125 0.39473224375 0.43631360937499997 0.3969198953125 0.44242010625 0.40218827968750004 0.4471339453125 0.40486575625 0.45203549374999996 0.40723108124999996 0.45858853125000004 0.4089961265625 0.464850940625 0.409927909375 0.46962835937499997 0.41088360156250003 0.4708121140625 0.4135850109375 0.47212000625000006 0.42078875781249997 0.475607715625 0.4247460328125 0.47824468906249995 0.43099406250000005 0.4805486375 0.43436298906250004 0.48109814218749997 0.43967923906250006 0.478624671875 0.444572875 0.4763071265625 0.449932409375 0.4763782859375 0.453680678125 0.474227259375 0.45690782187499995 0.468939725 0.46115787187499996 0.46378691562499996 0.4618612984375 0.4576380484375 0.4554714625 0.44949705156249997 0.450728809375 0.43818778593749996 0.45472199375000005 0.43543428281249996 0.46131804218749994 0.430696240625
7 0.42224172656250003 0.767258540625 0.42275422812499996 0.7651847953125 0.42172175 0.7616851953125 0.41723329375 0.747324365625 0.410600153125 0.74237790625 0.40237518593750005 0.7370945140625 0.3971200890625 0.7319477125 0.3962793109375 0.7276368921875 0.402648784375 0.6960204625 0.3967434171875 0.6797150203125 0.3939408265625 0.6653455546875 0.3949776640625 0.6510999578125001 0.3923456625 0.6437531234375 0.388225984375 0.6421923359374999 0.385322609375 0.6429554234375 0.38087945625 0.6464430421875 0.37552907343749997 0.6447201515625001 0.3716231921875 0.643696603125 0.3699505234375 0.6446217937500001 0.36818257499999996 0.6489708765625 0.36561152343750003 0.6542323875 0.3568059953125 0.66860200625 0.354756059375 0.6708453984375 0.34797964375 0.6618542203125 0.3431301765625 0.6499890749999999 0.3326033953125 0.626429 0.3289278640625 0.6149418921875001 0.322801884375 0.6085497640625 0.3254170046875 0.599317275 0.31905135625000003 0.5907153171874999 0.3144060390625 0.5816138484375 0.3130595109375 0.5737288031250001 0.3170198703125 0.5663192921875 0.323211478125 0.558086609375 0.329542603125 0.55277664375 0.33121095624999997 0.55053885625 0.32426194062499997 0.5340406484375 0.2944953671875 0.4985381125 0.2622264390625 0.51609979375 0.2605127984375 0.51814615 0.261593078125 0.5279608953125 0.2684746953125 0.5489911937499999 0.2670503109375 0.557917803125 0.273418915625 0.5671956734375 0.27887110000000004 0.5808969484375 0.28187120781249997 0.58544669375 0.28980595781249996 0.5870760046875 0.2892166703125 0.59232149375 0.2957502359375 0.599024446875 0.3030902359375 0.6216384734375 0.3106995703125 0.6332868890625 0.3191546796875 0.6455660265625001 0.324418153125 0.6543088375 0.3291143703125 0.6649893265625 0.33568185 0.672151153125 0.3416894109375 0.680148059375 0.3501060984375 0.687099034375 0.36149634218750004 0.69703828125 0.3666479546875 0.7114789499999999 0.3697427 0.7125663203125 0.3732041890625 0.7153013921875 0.3762071890625 0.7204624359375 0.37929522968749996 0.7346907578125 0.3837424921875 0.7408242390625001 0.3863947546875 0.746088659375 0.3901770328125 0.7522318859375 0.39861750156250003 0.7619571515625 0.4039605609375 0.7667000203125001 0.41029768281249995 0.7677779874999999 0.4193001890625 0.7679903968749999 0.42224172656250003 0.767258540625
7 0.535247971875 0.2258773046875 0.5320372765625 0.231032078125 0.5353493828125 0.23934488125 0.5409403578124999 0.2420517609375 0.566428840625 0.24656462499999998 0.5877594953124999 0.24347343437500002 0.6028940578124999 0.2446507296875 0.6083305234374999 0.24225087968749998 0.62310536875 0.226480925 0.6358797484375 0.20191499375 0.6481858203125 0.19221811718749998 0.6508798953125 0.1801039828125 0.6494491484375 0.169906528125 0.6361452328125 0.1601107890625 0.5952485671875001 0.1386332671875 0.5764727890625 0.136811271875 0.5679471281249999 0.139951896875 0.558973253125 0.14008 0.5455478375 0.134698259375 0.5337607796875 0.13625986875 0.5326213453124999 0.1390628296875 0.5378454234375 0.1701063390625 0.5430034874999999 0.1821083859375 0.54144884375 0.1914195578125 0.545538271875 0.195076771875 0.54891878125 0.20733641406249997 0.5466906218750001 0.219676121875 0.535247971875 0.2258773046875
7 0.5210136656250001 0.0976603421875 0.5201502421875001 0.1011560359375 0.5305170765625 0.131893909375 0.5333986671875001 0.134407240625 0.5453579328125 0.135165421875 0.5603709968749999 0.1407567203125 0.5723656625 0.1359410046875 0.5818054515625 0.136038475 0.583514603125 0.13183403437500002 0.5769080890625 0.1124214828125 0.56556924375 0.1169956140625 0.5528350468750001 0.10579839531249999 0.5286936 0.09522846406249999 0.5210136656250001 0.0976603421875
21 0.39794420937499997 0.5492360749999999 0.40545193749999997 0.544484409375 0.40946530625 0.5380409453125 0.41602350625 0.5356250796875 0.4074867234375 0.5000424265625 0.394351190625 0.48948954999999994 0.403216840625 0.49168523906250006 0.40201079531249995 0.47922038593750005 0.40792322187499996 0.46810532031249996 0.40197252656250004 0.448451184375 0.3938411484375 0.44101996562499995 0.3856655234375 0.4405561109375 0.3659717890625 0.432419103125 0.3830130640625 0.43507864218750003 0.389118625 0.4303469953125 0.39181832031249997 0.409988809375 0.40744128125 0.37841548125 0.4150153828125 0.36321276406249997 0.4189211234375 0.35531943125 0.42800501718749995 0.34154656875 0.41402758593750005 0.3347793609375 0.40082269375 0.353545825 0.38418980937499997 0.3601694375 0.3686362078125 0.3624234296875 0.3568998546875 0.370718828125 0.353190234375 0.3661272921875 0.34218815 0.36918715625 0.28799450625 0.403052771875 0.28320261874999997 0.4216991359375 0.2694374546875 0.43669995312500004 0.2706877453125 0.44219743593749994 0.26024592968750004 0.44902295 0.26561422968750004 0.46839512031249997 0.2788573921875 0.480397859375 0.288261184375 0.48984288125 0.32442994375 0.534610346875 0.3806846859375 0.5625450859375001 0.3866604921875 0.5598472546875 0.39369345624999996 0.5562634906249999 0.39794420937499997 0.5492360749999999
21 0.540104315625 0.53559549375 0.5481501875 0.5380931624999999 0.558462253125 0.5333014656249999 0.563877790625 0.526837984375 0.5811815593749999 0.50656160625 0.627924878125 0.52360145625 0.6174579484375 0.5527789390625 0.6229147421875 0.5582163734375001 0.655449228125 0.5313364 0.624582396875 0.51639215625 0.5938231953125 0.502897775 0.5819188203125 0.4824577859375 0.5769810359374999 0.468885084375 0.6079997421875001 0.47831182656250004 0.6258416578125 0.465284784375 0.6234678390624999 0.471124284375 0.6567527359375 0.4732616625 0.6750030453125 0.4695177703125 0.6741198859375 0.4614025171875 0.6305067828124999 0.42980394843749997 0.622654040625 0.433689696875 0.611480946875 0.4268824578125 0.594787671875 0.40622055156250003 0.5881439671875001 0.4037028625 0.5889003609375 0.394983646875 0.5884285874999999 0.3772832609375 0.5784202765625001 0.3710399578125 0.5849784765625 0.36862409375 0.5813986124999999 0.361998740625 0.5667311578125 0.353499703125 0.5540895234375001 0.35716353125 0.542612671875 0.36139129531249997 0.551367703125 0.38100539843750003 0.549595409375 0.4025114671875 0.54144190625 0.39856393125 0.5373238984375 0.38468924375 0.526388184375 0.37729805625 0.5080051328125 0.4019440515625 0.5031941109375 0.40520581718750004 0.48910605937499996 0.41585702968750005 0.4813418171875 0.40580804375 0.46285412656249997 0.41013588749999996 0.4685895609375 0.42689028906250004 0.46049944062500003 0.43135998750000004 0.46535171875000003 0.439999140625 0.4711314015625 0.449786178125 0.48036119531250004 0.4682323796875 0.4956744234375 0.48543062031249995 0.5197235484375 0.5068583656250001 0.526601646875 0.5276603890625 0.5382716296875001 0.5298160421875 0.540104315625 0.53559549375
24 0.51096791875 0.7633011703125 0.526736778125 0.763946909375 0.5306867671875 0.7490862078125 0.532307184375 0.7330976406249999 0.52823043125 0.731123875 0.5314874078125 0.733399625 0.51364848125 0.727558384375 0.5153765265625 0.7130196843750001 0.5023264984375 0.7074003609374999 0.5020478578125 0.6960833921875 0.48284802187500003 0.7021630890624999 0.47110867812499996 0.72932676875 0.46916537500000005 0.740965734375 0.48476023125 0.7506126609375 0.51096791875 0.7633011703125
24 0.6784866375 0.6752770234375001 0.66243615 0.6821826015625 0.657774015625 0.6987951531250001 0.6686021 0.7047364734375 0.6847602187499999 0.699280759375 0.6957431703125 0.6808362953125 0.6965216875 0.668633396875 0.6784866375 0.6752770234375001
21 0.6603218359375 0.6839544656250001 0.6784866375 0.6752770234375001 0.699348146875 0.6651096812499999 0.7103502328125 0.6620498171875 0.71507575 0.6538545015625 0.7091441890625 0.649584965625 0.72497941875 0.639779653125 0.7045101593750001 0.6249772609375001 0.67310518125 0.6027836796875 0.6629671203124999 0.5985741921875001 0.6478882828125 0.5996602890625 0.6459922171875 0.5854636046875 0.6363259265625001 0.5989545 0.625561225 0.6014304125 0.6311065140625 0.592933115625 0.6072887921875 0.6086579890625 0.6037059390625 0.6209009234375 0.593305378125 0.63962735625 0.5833574609375 0.6606695703125001 0.5816072921875 0.6786919546875 0.59713876875 0.6799216453125 0.6095208999999999 0.680325446875 0.6164683578125 0.6718081328125 0.6237799625 0.6795413359375 0.6354720687500001 0.6782133078125 0.6403243468750001 0.6868524609375 0.6603218359375 0.6839544656250001