11 0.306562190625 0.2758165328125 0.3024013765625 0.2653410109375 0.2908530296875 0.2477058390625 0.28065396875 0.23672451093750002 0.257477378125 0.21660412812500002 0.2525204109375 0.21391089375 0.24686311718749998 0.21276036406249998 0.24105981718749997 0.21543187812500003 0.22358714062499999 0.235349959375 0.19726920781249999 0.26201521250000004 0.1836562796875 0.2779035828125 0.17914638125 0.285893540625 0.1690464890625 0.29190408749999996 0.1625987484375 0.2974537109375 0.13355823125 0.32729663750000004 0.0949237203125 0.36301914218750003 0.13006297656250002 0.5075109921875 0.13266676875 0.5082672640625 0.1548864421875 0.5189248 0.1633723796875 0.5206505921875 0.180865515625 0.520717546875 0.21860742656249998 0.5233377453125 0.2427433046875 0.528607375 0.2580909953125 0.529802778125 0.2673445578125 0.52915698125 0.2774889203125 0.5266461125 0.285947509375 0.52162580625 0.288233253125 0.51775745625 0.287830653125 0.5105739421875 0.29190489375 0.48973651250000005 0.2951042703125 0.47967453437499996 0.29634868124999997 0.4704186390625 0.313793046875 0.3962094046875 0.3150431625 0.38587137031249996 0.31838854687499996 0.37198735 0.3220635265625 0.36719786249999997 0.3343362109375 0.3668049671875 0.336061934375 0.3617394265625 0.3308597875 0.345876353125 0.3126037734375 0.2995537921875 0.306562190625 0.2758165328125
11 0.585772346875 0.6444698984375 0.5913863546875 0.6299639484374999 0.589902471875 0.6249678671875001 0.5750144484375 0.62013458125 0.554519309375 0.6165683015625001 0.5184187015624999 0.6129578625 0.4947641359375 0.6118785875 0.491381175 0.6090239875 0.4798613625 0.58597811875 0.4759126703125 0.5830084703125 0.47124082968750003 0.585910090625 0.46762743906250004 0.590952834375 0.45867946406250004 0.6171785265625 0.45741340937499997 0.6186061828125 0.45218725156249995 0.6192284671875 0.44251967968750006 0.6148550328125 0.420831490625 0.6108053921875001 0.41598058125000004 0.6118650921875 0.3943858578125 0.625889465625 0.39352240156249996 0.6345006359375 0.3898804796875 0.6449540812500001 0.38714529531249997 0.6624528328125 0.38766537031250003 0.67122500625 0.392336025 0.680480184375 0.3892027640625 0.7018700812499999 0.3896327125 0.7157996953125 0.3943250109375 0.7328831140625 0.401039571875 0.7483315640625 0.4053668484375 0.774970084375 0.4216769421875 0.8442480484375 0.41963185156250005 0.8502115734375 0.416399421875 0.8546095953125 0.4090951203125 0.8555314484375 0.40675920000000004 0.85698225625 0.4047928203125 0.859952621875 0.40116801718749995 0.8671596484374999 0.399811840625 0.87374474375 0.40149761406250006 0.87625418125 0.40351416875 0.8757013546874999 0.4115359140625 0.8699903750000001 0.4213449765625 0.8594671109375 0.430505075 0.8407472953124999 0.4483370671875 0.8123562515625 0.45504258750000004 0.8056553875000001 0.45971442968750004 0.80275376875 0.47959032500000004 0.7805559953125 0.49268199375000005 0.768052253125 0.5331762125 0.749927278125 0.5377077515625001 0.749765559375 0.5418355078125 0.754577125 0.5470000749999999 0.7537015796875 0.5690989390625 0.739539 0.577888309375 0.7314564265625 0.57973150625 0.7279795453125 0.578998125 0.7238582953125 0.574360525 0.7202670734375001 0.57168359375 0.7147876296875 0.5693386312500001 0.6940891234375 0.566113090625 0.685248203125 0.5687683796874999 0.6828994109375001 0.5848335171875 0.6793056859375 0.589880609375 0.6768414828125 0.588514203125 0.6734340624999999 0.582487365625 0.670763978125 0.5815635078125 0.666965090625 0.585772346875 0.6444698984375
9 0.4760281328125 0.20315455937500002 0.48204355468750004 0.2079889203125 0.49584459062499997 0.21609178125 0.5192573125 0.22723268437500002 0.5748481203125 0.2579172703125 0.601245728125 0.2758039109375 0.638884915625 0.297902625 0.66169766875 0.3154213140625 0.6676572046875 0.3189202765625 0.6704915609375 0.3184133984375 0.6995879609375 0.2899058734375 0.7019352953125 0.2862907828125 0.7015326953125001 0.2791072671875 0.696258734375 0.25299841875 0.690417853125 0.238931315625 0.6916280234375 0.23616826093749999 0.7009717078125 0.2303650234375 0.7082817171875 0.2283610296875 0.733717890625 0.22571016562500001 0.7394538921875 0.2238675328125 0.743246346875 0.22066670312499997 0.7783388984374999 0.1648517015625 0.7775496328125 0.15939505468749998 0.760057684375 0.14717129843750001 0.7175790046875 0.1239680046875 0.6746133046875 0.09765649531250001 0.65754678125 0.08828769375 0.6284208812500001 0.07466086875 0.5767228828125 0.0456105328125 0.5497983109375 0.032190659375 0.5459328515624999 0.03730250625 0.544134125 0.044279071875 0.5239707296875 0.0851955828125 0.51478780625 0.1082439578125 0.48405795781250005 0.1720478421875 0.475435053125 0.19629340625 0.4760281328125 0.20315455937500002
9 0.8756888734375 0.47449291718750003 0.89052671875 0.47690866875 0.8946830109375 0.4763095359375 0.9018869593750001 0.47055260312499997 0.9110401640625 0.46507172812500003 0.9152070234374999 0.46119923125 0.8535983437500001 0.2078656921875 0.85053655625 0.2085429734375 0.8264896187499999 0.21027270156250003 0.8009747375 0.2159167265625 0.757781946875 0.2207340171875 0.7109255937500001 0.2281765140625 0.6941658359375 0.23223080937499999 0.69189150625 0.2339348765625 0.6904965640625 0.23593815468749998 0.69022166875 0.24033581874999999 0.69738900625 0.265385321875 0.70877185 0.3144025515625 0.71895141875 0.35294389375 0.7240964953125 0.3796283671875 0.7261049749999999 0.40447127812500006 0.72836670625 0.41708828750000004 0.726281665625 0.43062679218750005 0.7291295828125001 0.46334389218750005 0.7332014546875001 0.466820059375 0.749165053125 0.4705480546875 0.7783035546875 0.469853803125 0.8270349749999999 0.476755178125 0.86089549375 0.47557684531250005 0.867813134375 0.476381859375 0.8756888734375 0.47449291718750003
9 0.583588859375 0.6603135250000001 0.5800036093750001 0.6725307 0.5844013203125 0.6733775125 0.589366240625 0.6734173250000001 0.6187548640625 0.681532978125 0.6534389265625 0.69059280625 0.7193142703125 0.7139134234375 0.7195947 0.712405853125 0.7224500234375 0.7049898578125 0.726173584375 0.693694075 0.728716284375 0.6823318281249999 0.727815840625 0.680757796875 0.73679645 0.655647240625 0.7550467671875001 0.6059645890625001 0.7727050249999999 0.55217324375 0.7847208859375 0.522895015625 0.7940306875 0.49893656562500005 0.7921818140625 0.4979632546875 0.7915151265625 0.490366715625 0.7898315328125001 0.4893778875 0.7790493859375001 0.48442258593750004 0.7718831609375 0.480849353125 0.7562219015625 0.47522079375 0.73775166875 0.4690673171875 0.715319053125 0.460962175 0.6685616328124999 0.44424023437500004 0.6629333234375 0.44334549531249995 0.6611062546875 0.4504094078125 0.6561461125 0.463770159375 0.653124465625 0.472233996875 0.6507897796875 0.4783677796875 0.646746846875 0.48703001874999996 0.6423337124999999 0.499227334375 0.63560039375 0.513615434375 0.628195228125 0.5314756625 0.6235471828125 0.5420922781249999 0.617860865625 0.5548101062499999 0.6127475921875 0.561921109375 0.60782248125 0.5735219671875 0.602128334375 0.5889324765625 0.596034528125 0.6058611796875 0.5912864 0.62522954375 0.5851767046874999 0.6500482187500001 0.583588859375 0.6603135250000001
9 0.28055303125000003 0.10891858593749999 0.2791989 0.119130646875 0.271669396875 0.1243711109375 0.252034271875 0.1410978546875 0.2381649515625 0.15647081406250002 0.232906940625 0.1617691828125 0.2407134390625 0.174376146875 0.253735409375 0.189864009375 0.26760861875 0.20421099374999999 0.2958428359375 0.240962546875 0.3042996765625 0.254615409375 0.31175670625 0.2654771625 0.3184015859375 0.2591383875 0.3299857921875 0.24934830156249999 0.334279665625 0.24720321250000002 0.3419856953125 0.2552579109375 0.3438614859375 0.254361046875 0.3500202484375 0.25229003437499997 0.35598859374999997 0.252566975 0.3612947046875 0.2516862734375 0.3649393609375 0.244756434375 0.37185180624999997 0.23482630468750001 0.37628556875 0.230358503125 0.38228181875 0.2252710484375 0.38589856093749997 0.2237056015625 0.39291396875 0.219677940625 0.3960349734375 0.21920495468749998 0.40490225312500006 0.2188784875 0.410737234375 0.216695709375 0.420547715625 0.20729920625 0.48494717343750005 0.15825772031250002 0.4800108265625 0.153202721875 0.47405821093749995 0.148002753125 0.46731466250000003 0.1366589453125 0.45228440625 0.11533667968750001 0.44231303593750004 0.10228637968750001 0.424251415625 0.072922715625 0.4205635640625 0.0655259625 0.40174745468750006 0.0392739046875 0.393670659375 0.027777190624999996 0.385243803125 0.012521307812499998 0.3640581296875 0.0162569140625 0.35723501562500004 0.0248912859375 0.3447426796875 0.039460021875 0.31725898125 0.074212934375 0.2953016890625 0.097161478125 0.2861166640625 0.10580521093749999 0.28055303125000003 0.10891858593749999
9 0.3467925765625 0.3810074578125 0.37516015625 0.4502990359375 0.3811583234375 0.44724316562500005 0.3877533890625 0.443176759375 0.4031671546875 0.4372573625 0.414361728125 0.433623840625 0.4358906046875 0.4274395203125 0.44131539062499997 0.4208709265625 0.47590570625 0.406024475 0.5171024921875 0.386101709375 0.5723231484375 0.359978078125 0.5787599984375 0.3519885078125 0.565075675 0.31070050781249997 0.54040219375 0.24001868750000002 0.4968588875 0.2170079875 0.4874406171875 0.22008555468750002 0.38833638125 0.2600396828125 0.34524266875 0.277217471875 0.31018630625 0.29295815625 0.313590534375 0.3017310421875 0.3467925765625 0.3810074578125
9 0.6581478828125 0.45527820625000004 0.6620383750000001 0.44433423281250006 0.6629248390625 0.44296810000000003 0.6706887703125 0.445120240625 0.6866624953125 0.449944375 0.7056343375 0.45727487031249997 0.7066735484375 0.456608859375 0.7275978296875001 0.425662553125 0.72739295 0.4081923328125 0.5950111796875001 0.329419459375 0.5941302703125 0.3288733578125 0.579055734375 0.35202300000000003 0.5778816015625 0.35565218593750003 0.5735852359375 0.3611019578125 0.5635337328125 0.3702855921875 0.55415074375 0.39384728281250003 0.5439891609374999 0.40989566093749996 0.49487432187499997 0.4887927453125 0.48393611875 0.5111207875 0.476203540625 0.5247560078125 0.47582344374999996 0.5265948578125 0.5271279734375 0.554270809375 0.5423736875 0.5554487671875 0.5559788718750001 0.5583378265625 0.5649556125 0.5620905031250001 0.57614236875 0.5673227546875 0.5933642875 0.5772315109374999 0.6007089265625 0.5843297171875 0.6029381203125 0.5866702734375 0.613057990625 0.5613064828125001 0.6181936593749999 0.5549633765624999 0.624147934375 0.54148658125 0.6484557734374999 0.4827784265625 0.654517878125 0.4697425421875 0.6581478828125 0.45527820625000004
9 0.42913703906249995 0.61279995625 0.457230321875 0.620768475 0.457820325 0.61981535 0.48906194843749995 0.534111540625 0.475820471875 0.526960646875 0.475736053125 0.52563486875 0.49786898281249997 0.48435134375000005 0.5128167968749999 0.40798081249999996 0.5123290046875 0.405692528125 0.48850364375 0.4002840234375 0.448650675 0.41896004218750005 0.445519921875 0.4206562140625 0.44224153125 0.4226023375 0.4382770546875 0.4251555015625 0.43528958281249996 0.42744082656250004 0.43054787968749997 0.42936915625000005 0.42385218125 0.4318331625 0.3750922203125 0.45113727968750006 0.3703252203125 0.4380345140625 0.368349375 0.43341635 0.3424627640625 0.370237359375 0.32029079843749997 0.3681708890625 0.3167549890625 0.3840575453125 0.3103201625 0.416276021875 0.29512655312499997 0.48854314375 0.2909345421875 0.509700190625 0.2913114625 0.5207025 0.2860239140625 0.5556696875 0.2797960421875 0.5908946484375 0.301266315625 0.5925690796875 0.33552996562500004 0.5942644578125 0.37322913125 0.60116515625 0.385193159375 0.603085034375 0.407548340625 0.607548559375 0.42913703906249995 0.61279995625
9 0.3989666921875 0.8669526968750001 0.43725032031250005 0.8861733046875001 0.49814050937500004 0.8546227296875 0.5348391578125 0.756765275 0.4967208078125 0.7658644609375 0.47176476406249995 0.7848624765625 0.42425922656250004 0.8438102765625001 0.4109031109375 0.8110023500000001 0.3923973953125 0.7404352953125 0.3855712890625 0.66261419375 0.3811743453125 0.66111815 0.3506466078125 0.662733540625 0.3332241078125 0.685069159375 0.2709820421875 0.7939813390625 0.35284156875 0.8431281875 0.3989666921875 0.8669526968750001
11 0.3076069421875 0.5907879984375 0.28116819843749996 0.5926331359375 0.2862155125 0.5304670812500001 0.1804605453125 0.53784763125 0.1965882390625 0.5820522203125 0.21593813593750003 0.6118662671874999 0.2245893515625 0.641911853125 0.22349428593749998 0.6705771625 0.20108746718749998 0.6834734484375 0.2217833140625 0.6967098828125 0.250965096875 0.7116721046875 0.2629241234375 0.711095053125 0.3024110265625 0.7407915453125 0.3462211296875 0.6666481953125001 0.29342924843749996 0.6541063703125001 0.3076069421875 0.5907879984375