5 0.6479950796875 0.7515442703125 0.6398295734375 0.7879693359375 0.64684333125 0.7966083421875 0.6929452015625001 0.8278054484374999 0.7708847078125001 0.834194959375 0.9341760484374999 0.70242934375 0.9462373625 0.685677296875 0.9578515734374999 0.647922153125 0.9499619125000001 0.6214705046875 0.9279466859375001 0.590635225 0.90259910625 0.5724291874999999 0.8625991109375001 0.565924365625 0.8226174171875 0.5836130953125 0.6639338968749999 0.73027169375 0.6479950796875 0.7515442703125
5 0.9372362125 0.8478325203124999 0.9604849640625 0.7384557468749999 0.94171665625 0.694983509375 0.8446444 0.7725040671875 0.8435724 0.7804802 0.8831618984375 0.8143690265625001 0.905500553125 0.8452308203125 0.9372362125 0.8478325203124999
5 1 0.133667615625 0.8994041734374999 0.12542073125 0.9027285421875 0.3160040609375 0.9408904421875001 0.4578336796875 0.9469668531250001 0.5099415328125 0.9754075406249999 0.626782153125 0.9813634375 0.6402302468750001 1 0.5525521140625 1 0.133667615625
5 0.9010899984374999 0.12555893437500001 0.7478336609375 0.11299492343749999 0.78818006875 0.3775766828125 0.8048967359375 0.3870111390625 0.9100913515625001 0.35854055625000003 0.9010899984374999 0.12555893437500001
5 0.5381882546875 0.6683533078125 0.559872728125 0.68948465 0.6144270921875 0.6971826453125 0.633073359375 0.6922600609375 0.638996815625 0.68468165 0.6474747734374999 0.63376696875 0.7228873984375 0.42544647500000005 0.7614480359375 0.3818363953125 0.78188925625 0.3270640546875 0.7521992531249999 0.11335281562499999 0.6263134328125 0.103032646875 0.6087259031250001 0.143523703125 0.5885356859375 0.2450879171875 0.57088166875 0.27912230937500004 0.5657543671874999 0.341601303125 0.5820788390625 0.4026133140625 0.5506600640625 0.6242172578125 0.5381882546875 0.6683533078125
5 0.6187229624999999 0.10563598437499999 0.5189249515625 0.142613 0.4141408359375 0.14369958124999999 0.39872886875 0.1488873125 0.356407075 0.2083170890625 0.336823453125 0.25670851875 0.26383067968749996 0.38620002656249997 0.1817598921875 0.4859168546875 0.1744519875 0.5159610140625001 0.1954932609375 0.5418780375 0.29859878125 0.6019403734375001 0.35714699687499996 0.616417 0.3711562109375 0.6095014640625 0.402819446875 0.5685515375 0.45233279531250004 0.46777844062499996 0.5933871421875 0.24548564218750002 0.607047303125 0.2046726203125 0.6057243015625 0.1658568765625 0.6193844640624999 0.12504385625 0.6187229624999999 0.10563598437499999
5 0.630471825 0.103373553125 0.0858604015625 0.0587261 0.0835099984375 0.07120503593750001 0.0880030171875 0.1008346421875 0.1041928375 0.12635393749999999 0.15843474531249999 0.1485415484375 0.1624286015625 0.15532018281249999 0.1786001203125 0.156645928125 0.5136446968749999 0.14540572812500002 0.6069740984374999 0.1078984140625 0.630471825 0.103373553125
5 0 0.6302132671875 0.045171346875000004 0.626322790625 0.0544271578125 0.6061151437500001 0.05978716093749999 0.566234471875 0.0949173984375 0.54814801875 0.1318608875 0.5044053625 0.153490459375 0.45295604999999994 0.172841378125 0.38196629843749996 0.1859014859375 0.2604639125 0.1755985203125 0.178979103125 0.16566290781249998 0.1555853328125 0.1069983390625 0.12980954218750002 0.073193121875 0.12598022343749998 0.021769185937499998 0.3990042640625 0 0.5609761125 0 0.6302132671875
5 0.1848163984375 0.536164334375 0.16453467500000002 0.5167607921874999 0.1660354765625 0.5055942078125 0.1814474421875 0.5004064703125 0.1893005 0.4784710203125 0.23723330312500002 0.42595245156250006 0.28966850625 0.33993412031250003 0.3023547171875 0.29420284375 0.32754934375 0.25272261875 0.3317392984375 0.23371247187500002 0.3377425015625 0.189046121875 0.3230534828125 0.1523602359375 0.1838803765625 0.1538532 0.1698711625 0.160768734375 0.1827469296875 0.223110825 0.18506218593749998 0.291038371875 0.1668198703125 0.40243909375 0.134121240625 0.49975225781250004 0.098366103125 0.5468179421875 0.0731531765625 0.56410461875 0.133202190625 0.5674146546875 0.2015696703125 0.593985890625 0.24102451406249997 0.5923820046875 0.24661722031250002 0.575099659375 0.1848163984375 0.536164334375
5 0 0.7657899953125 0.0030374296875 0.7712465468749999 0.364078125 0.8008448015624999 0.376564578125 0.776063590625 0.3792354296875 0.7440264812499999 0.338108528125 0.672917140625 0.28558181718750003 0.637967715625 0.15358196562499998 0.5739238062500001 0.0911562453125 0.5639677109375001 0.07757583125 0.56769279375 0.0596891109375 0.5791288609375 0.045171346875000004 0.626322790625 0.010353559375 0.6299196296875 0 0.6463020375 0 0.7657899953125
5 0.36404440312499997 0.6137568453125 0.31046399375 0.61097710625 0.3068191921875 0.6380959625 0.3159952515625 0.6549762515625 0.40616355625 0.7139779921875 0.44594915312500005 0.7220780375 0.470090078125 0.7127674984375 0.510384221875 0.6805891546875 0.5504456625 0.6258124859375 0.5827220390625001 0.39782763125 0.5671571171875 0.343329103125 0.5719719703125 0.2953397265625 0.5679781140625 0.28856109375 0.54654464375 0.3142216265625 0.439842684375 0.48772094218750006 0.398941940625 0.5730720671875 0.36404440312499997 0.6137568453125
5 0.829386715625 0.411598084375 0.7691415984375001 0.434076825 0.725068 0.4578813109375 0.702660575 0.4786235875 0.646072021875 0.632039165625 0.6375940640625 0.68295385 0.6282219046875 0.6918623375 0.5901698125 0.6951940234375 0.6072172328125001 0.714332415625 0.6516398828125001 0.7244254125 0.6840809703125 0.7141825203125001 0.704228040625 0.69809335 0.8368410328125 0.5751023328125 0.8796282296875001 0.56086920625 0.91645536875 0.5058273890625 0.9432854484375 0.4886732875 0.9117085046875 0.35867313125 0.8615951000000001 0.378756865625 0.829386715625 0.411598084375
5 0.3732936703125 0.7274113390625 0.3790210296875 0.7456217078125 0.374304225 0.780716696875 0.36286050468750003 0.8007449796874999 0.6852444765625 0.8271741406249999 0.6574221421875001 0.8152164359375 0.641017925 0.7912923640625 0.557220178125 0.7457153125 0.520007384375 0.7184725421875 0.4792478390625 0.7054542390625 0.4542493109375 0.7211456875 0.4265433296875 0.7204871421875 0.34091403124999997 0.67637274375 0.35042084375 0.7029569671875 0.3732936703125 0.7274113390625