24 0.7721070937500001 0.8921809203125 0.7899817453125 0.8824071234374999 0.7774182 0.8707570562500001 0.7797284015625 0.8584701734375001 0.7947530265625 0.866128853125 0.806863940625 0.8528924484375 0.812282328125 0.8547801093749999 0.8057641984374999 0.8098400421875 0.7934387265625 0.776453396875 0.7831417828125 0.767532484375 0.7849557500000001 0.7453751609375 0.77381721875 0.7250088578125 0.7640601015625 0.7109423484375 0.752381740625 0.6957216359375 0.738933009375 0.6876422109375 0.7224833687500001 0.6886997703125 0.7041124812499999 0.6886031265625 0.7020403546875 0.6791534312499999 0.7088837578125 0.6723248546875 0.7177992875 0.6749459718749999 0.7314860953125 0.661288821875 0.7268020125 0.647535025 0.7141948671875 0.6509009906250001 0.6937518546875 0.6413546515624999 0.676460628125 0.6309668203125 0.6565138453125 0.631290921875 0.62937830625 0.6368686484375 0.605243675 0.6333093937500001 0.5921402984374999 0.6268049171875 0.5555092375 0.5282199375000001 0.5283536171875001 0.48045407031250004 0.500959921875 0.4544247828125 0.4952397796875 0.4359461359375 0.483561415625 0.420725428125 0.46631378593750006 0.3953215625 0.44010703125 0.3823126109375 0.415493875 0.3855497375 0.3931319890625 0.411525965625 0.3978160703125 0.42527975937500007 0.39626025625 0.47904410000000003 0.4029728640625 0.5172636234375 0.4131826109375 0.55621660625 0.422896128125 0.5852991484375 0.42941425781250003 0.6302392171875 0.4335585078125 0.6491386046875001 0.4403583125 0.6573260609375 0.4388461 0.696074365625 0.43545623750000007 0.7186524328125 0.44866689375 0.74846843125 0.468526478125 0.7781763984375 0.4945823546875 0.7828898578125 0.5040141984375001 0.848725009375 0.533349221875 0.9292520937500001 0.5551300546875 0.9601142625 0.575874821875 0.9862515859375 0.5889467453125 0.9928336249999999 0.7232846796875 0.9763390015625 0.725691959375 0.9695922703125 0.72327448125 0.9585676265625 0.750453621875 0.9379738671875 0.757685975 0.9177042046875 0.75846388125 0.8908220359374999 0.7721070937500001 0.8921809203125
24 0.53617621875 0 0.550923903125 0.015793779687500002 0.5501365734375 0.0335091125 0.54337985625 0.0399811125 0.5457973359375 0.0510057546875 0.5793325796875 0.10273665937500001 0.6737027140625 0.17090156875 0.7032646359375 0.1991861296875 0.7153398046875 0.21696834687500002 0.7287911515625 0.2250470734375 0.740054540625 0.1858626171875 0.7700134203125 0.16269282499999999 0.7789319953125 0.15010034375 0.772206221875 0.11942820937500001 0.755992040625 0.098749890625 0.692591046875 0.0386546875 0.658643865625 0 0.53617621875 0
24 0 0.34769861562500004 0.040017512500000005 0.5301940078125 0.074035971875 0.5095580843749999 0.07675728281250001 0.5006624656249999 0.0971638265625 0.4765420171875 0.1007778203125 0.4557379765625 0.1105719046875 0.4577911015625 0.1202606375 0.45403731093750005 0.13487745625 0.44079871875 0.14411373593750001 0.42432863750000005 0.15320139531250002 0.375222 0.1531459 0.311051359375 0.1456827578125 0.266363596875 0.1348784109375 0.233070978125 0.15142921250000002 0.2286521 0.15697719062499998 0.21666777812500002 0.1377859765625 0.1611071828125 0.147642146875 0.14213757968750002 0.16150267812500002 0.13610295625 0.1406314578125 0.1101661125 0.11031325 0.0890855203125 0.089243546875 0.088875853125 0.07982760625 0.08322074375 0.0712422578125 0.0866799421875 0.06410740000000001 0.09675392656250001 0.05307353124999999 0.09969984531250001 0.0417546484375 0.07471365937499999 0.0269271234375 0.0763384234375 0.027586175 0.0714944296875 0 0.0788596265625 0 0.34769861562500004
24 0.1629399859375 0.3131044828125 0.1635288359375 0.321116325 0.1753622578125 0.3377960765625 0.1657167921875 0.36837950468749997 0.1738619125 0.3895450203125 0.21125289375 0.42157435000000004 0.2403934015625 0.42663125625 0.265287803125 0.41765071562499995 0.2750508453125 0.43021520156250004 0.281218715625 0.41573135937499994 0.298798590625 0.3946996140625 0.3069625265625 0.3680127609375 0.30716100625 0.34228558593749997 0.31133280625 0.340004753125 0.307948334375 0.3245702515625 0.30941763906249997 0.283332671875 0.286271921875 0.1564733625 0.252272 0.054685165625 0.2457454046875 0.0274636265625 0.21229653593750003 0.031570631249999995 0.21288495 0.034858846875 0.21075248906250002 0.051766306250000005 0.20546855625 0.0324090015625 0.1831802953125 0.035145656250000004 0.18758136718750001 0.0579527328125 0.17601414375 0.117057453125 0.1847791546875 0.13572344375 0.18875247343749998 0.1591697859375 0.1833343015625 0.251643028125 0.1629399859375 0.3131044828125
24 0.286271921875 0.1564733625 0.2958364859375 0.1947650265625 0.311562328125 0.30376621406250004 0.3136138890625 0.355733846875 0.2991456921875 0.4016089921875 0.2762595859375 0.435727525 0.279265915625 0.4547640109375 0.27016603125 0.46652964218750004 0.264419575 0.5042411421875 0.27487681875000003 0.530624384375 0.278471996875 0.5576727109374999 0.29430977812500003 0.58728744375 0.32476438281250003 0.6036635859375 0.36141789375 0.5950445234374999 0.3657260875 0.5880592390625 0.3645794328125 0.5615241921874999 0.372092434375 0.547848221875 0.371733109375 0.503597840625 0.3921086078125 0.4899887546875 0.39593330625 0.480798546875 0.3953632734375 0.4249343375 0.3722486 0.287563665625 0.39199761875 0.36164746875 0.3972539890625 0.4069244125 0.4191420625 0.3789073875 0.44155689843749996 0.379924928125 0.4709081125 0.396595659375 0.476214340625 0.3835088765625 0.484043403125 0.3872536453125 0.4932486390625 0.381294928125 0.4948665640625 0.3726938984375 0.4734064921875 0.3387452125 0.4617405078125 0.306849646875 0.4588395328125 0.293620075 0.462106425 0.2659066609375 0.457996709375 0.247164765625 0.397620859375 0.15825368281250002 0.3364593609375 0.016325353125 0.21748176875 0.030933964062500003 0.22445780937499998 0.09828849843750001 0.23252862031250002 0.1031357359375 0.24625275625 0.10180556249999999 0.2481434703125 0.08379563749999999 0.2534186578125 0.08122021406249999 0.286271921875 0.1564733625
24 0.4694186875 0 0.3914820109375 0.0095694203125 0.409491915625 0.079228703125 0.40670851875 0.10914704687500001 0.41019834218750006 0.1303884625 0.4218953671875 0.151772665625 0.40103637187499996 0.163176821875 0.41321689843750004 0.1867659515625 0.44091914374999996 0.22254907343750002 0.48686443125 0.26163057031250003 0.5083245015625 0.29557925625000003 0.5282287296875 0.3171062453125 0.5785442984375 0.32817973437500003 0.6037857953125 0.326108571875 0.6191278609374999 0.3161773734375 0.6266408609375 0.3025014046875 0.6343645671875 0.3004392609375 0.637842165625 0.2843396734375 0.6588685984375 0.2577197015625 0.667999525 0.23544270625000002 0.65719518125 0.202150084375 0.642913234375 0.184957053125 0.6248997203125 0.1454201421875 0.5848184703125 0.1117750640625 0.54183624375 0.0649004140625 0.5207853578125 0.0168383796875 0.5175717265625 0 0.4694186875 0
24 0.7959147875 0.22754846718750002 0.780681371875 0.20068989375 0.76760816875 0.189009184375 0.7536422843749999 0.1892368921875 0.736093446875 0.199757275 0.7253756375 0.22012393437500002 0.6715269828125 0.1609793890625 0.6419340203125 0.1432061921875 0.6236909828125 0.13990781875 0.6211060625 0.1440989875 0.6265298703125 0.17416011874999998 0.608844640625 0.1893849484375 0.6100533796875001 0.194897271875 0.637408528125 0.22377101562499999 0.6738447437499999 0.2887314921875 0.6886412265625 0.297618090625 0.6954722531249999 0.30746436875 0.7157113578125001 0.2985597296875 0.7330927546875 0.3032551609375 0.7545217859375 0.3477152109375 0.766280896875 0.3480766875 0.7768745375 0.3697554796875 0.8061514421875 0.3701079359375 0.8213262140625 0.3434344359375 0.7959147875 0.22754846718750002
24 0.09095173749999999 0.6719239609375001 0.089017753125 0.66310424375 0.11218887500000001 0.6569178171875001 0.13149203125 0.6330919578125 0.21296299218749998 0.589166975 0.22219927031250003 0.5726968921875 0.2258132609375 0.5518928562500001 0.22332147343750003 0.5245499375 0.2075147328125 0.4844238390625 0.1818828609375 0.45275598281249996 0.166696009375 0.41013036718749996 0.172002240625 0.3970435796875 0.1627226890625 0.3866840234375 0.1329124296875 0.44249036875 0.11867375625000001 0.4521269734375 0.09991618125 0.4571350359375 0.0915104984375 0.48271942343749996 0.048490640625 0.53154950625 0.0461164296875 0.5473545015625 0.043619556250000004 0.5466207296875 0.073161153125 0.6813418765625 0.078058196875 0.6823684390625 0.09095173749999999 0.6719239609375001
24 0.66959768125 0.48242178906250005 0.709437184375 0.5149644 0.72081815 0.5189278609375 0.74814225625 0.5583129671875 0.748700065625 0.5768361718749999 0.7218406390625 0.587508359375 0.7177741921874999 0.59559610625 0.6987438265625 0.6100130640625 0.701644803125 0.6232426375 0.7274130671875 0.6502060453125 0.7295887984375 0.660128225 0.7193855265625 0.6721884499999999 0.7061448859375 0.6757235500000001 0.7042852140625 0.6832221109375001 0.7155297875 0.691890021875 0.7388062609375 0.6915105078125 0.750428978125 0.6965764328125 0.7740958250000001 0.7299359359375 0.8041224218749999 0.8082777921875 0.81330884375 0.8501714375 0.8064157328125001 0.8613478890625 0.812143375 0.87148875625 0.8445940437499999 0.8756618859374999 0.86428756875 0.8855750484374999 0.8906324546875 0.8832092921875001 0.9053546265625 0.8757776156249999 0.9188991 0.8523222515625 0.9162586906250001 0.7923427765625 0.9231950703124999 0.8079959671875001 0.874120240625 0.5841956953125 0.8584498937499999 0.5393651515625 0.804105515625 0.4406746765625 0.7828128828125 0.3915101765625 0.768667334375 0.36961269375 0.7501825484375 0.36521185625 0.7328942765625001 0.32898233593750004 0.727092325 0.3025231921875 0.7217117875 0.29929170156249996 0.6932654781250001 0.30805355156249997 0.6903767281250001 0.33216498125 0.6811714921875 0.3381237015625 0.6672366515625 0.3278400453125 0.6563391765625 0.326081515625 0.6419951484374999 0.3299112078125 0.6293433578125 0.341458153125 0.619412875 0.344109478125 0.6067178140625 0.32882678125 0.5907869031249999 0.3307461375 0.584346246875 0.3546388796875 0.5627620062500001 0.36273564375 0.5769940921875001 0.43829240468749997 0.5857901437499999 0.4464470359375 0.615655896875 0.454811334375 0.66959768125 0.48242178906250005
24 0.5305813109375 1 0.5381397484375 0.9990719406249999 0.55592811875 0.9760725906250001 0.5527853953124999 0.9617405515625 0.541677215625 0.94836819375 0.51903945 0.8983958203125001 0.5046088859375 0.8485662328125001 0.49279427656249997 0.78403411875 0.48803363125 0.7783031046875 0.4762745171875 0.7779416296874999 0.46147803749999994 0.76905503125 0.43536266875 0.735182246875 0.42651676250000004 0.785391346875 0.3911152578125 0.8263523734374999 0.3731261921875 0.8614974671875 0.3599720875 0.9186918484375 0.365606603125 0.96036680625 0.3739934671875 0.982634784375 0.3873084203125 0.995417959375 0.4051484921875 1 0.442900496875 1 0.46117325 0.9967030343750001 0.463047921875 1 0.5305813109375 1
24 0.30888801250000003 0.8774813265624999 0.329684925 0.88709989375 0.3637535203125 0.8826719984375 0.3726116546875 0.8698039015625 0.3732625890625 0.8567930171875 0.38694345625 0.8286332062499999 0.4191711953125 0.7838515046875 0.4031970171875 0.758941221875 0.39469256875 0.693525328125 0.406377371875 0.6775685265625 0.40702830624999997 0.6645576421875 0.39646570625 0.6323674859375 0.3749002828125 0.5926118859375 0.3305230640625 0.6032930921874999 0.3075193796875 0.5942637078125 0.2806787703125 0.557083528125 0.2750132140625 0.525919934375 0.25065216874999996 0.47874167500000003 0.24123622500000003 0.47308656562499996 0.220408271875 0.473979359375 0.21168653124999998 0.482143009375 0.223017640625 0.5444701984375 0.21548582187499998 0.6059985328125 0.22625912656249997 0.6498025171874999 0.2406153796875 0.683313828125 0.25648420625 0.702417196875 0.26511282187499996 0.7257876375000001 0.29547429687500004 0.7736978671875 0.304524321875 0.8202959640625 0.30888801250000003 0.8774813265624999
24 0.39849685625000003 1 0.3891370515625 0.9984307578125 0.3794793609375 0.991673184375 0.36619545 0.968378646875 0.36087699687499997 0.9441244328125 0.36851416718749996 0.888403009375 0.35479003124999997 0.8897331828124999 0.335865015625 0.9099570531250001 0.305465909375 0.9577515578125 0.3001286390625 0.98134970625 0.3012247734375 1 0.39849685625000003 1
24 0.232330728125 1 0.274360375 0.9543863 0.2890825453125 0.946954621875 0.30302397812500004 0.8720449078125 0.2870686140625 0.7992822578125 0.228571253125 0.655020246875 0.214308125 0.5899748484375 0.17665658125 0.6046954171875 0.1367672171875 0.630516534375 0.12656394531249998 0.642576759375 0.122224709375 0.6600734046875 0.11140154843750001 0.6746331484375 0.0915405875 0.6799358015625 0.07837425625 0.6997891796875 0.1053757125 0.8069469140625 0.10337964375 0.8191499265625 0.143036371875 1 0.232330728125 1
24 0.7672516140625001 0.8904763984375 0.749609653125 0.9325308703124999 0.7270273796875 0.9467291390625 0.7180328484375 0.9643016859375001 0.7169269500000001 0.9771196328125 0.7676637640624999 0.9708899343749999 0.874792746875 0.9422877078124999 0.838395134375 0.900657090625 0.815286096875 0.88582079375 0.8013202093749999 0.886048503125 0.7883523593749999 0.880174703125 0.7672516140625001 0.8904763984375