5 1 0.45945712656250004 0.9938272515625 0.44160927812499995 0.9912615921875 0.42904745625 0.9913776546875 0.4081661171875 0.9866426031250001 0.395118153125 0.9799362859375 0.3876218859375 0.9692494125 0.382439403125 0.9455201609375001 0.384230378125 0.930276365625 0.391268046875 0.9210224218749999 0.3992298421875 0.9174641359375 0.4037289890625 0.9145902953125 0.41535062968750003 0.9146603453125 0.42358988281250004 0.925135096875 0.4513047671875 0.9306546921875001 0.5264142875 0.9453081328125 0.5578532265625 0.96724425 0.5868820640625 0.9787937015624999 0.6244551578124999 0.9845273890625 0.6297821156250001 0.9944017374999999 0.6300435203125 0.997847965625 0.6276534234375 1 0.504363428125 1 0.45945712656250004
5 0.8420037875 0.661959653125 0.847827528125 0.6562955875 0.845710153125 0.6360288140625 0.8465746984375 0.6211692625 0.858940615625 0.5691631109374999 0.8613541546875 0.5465664984374999 0.860503596875 0.5328558140624999 0.853106828125 0.5088970890625 0.8458321296875001 0.4733969875 0.8450275875000001 0.4305657078125 0.8413292 0.418586346875 0.834622884375 0.4110900796875 0.8260733859375 0.40694409218749994 0.8146440374999999 0.4050797859375 0.7964183203124999 0.40671023125000005 0.7760932625 0.416093790625 0.7702695203125 0.4217578546875 0.7671014890625 0.428992715625 0.7686685093750001 0.44927554374999995 0.7774921984375001 0.4770385859375 0.7831779046875 0.5587362984375 0.7901203812500001 0.581060015625 0.8173799374999999 0.631910371875 0.8233237765625001 0.6619550921874999 0.8277266093750001 0.6618266703125 0.8319052953125 0.665550725 0.8420037875 0.661959653125
5 0.7411249015625 0.6110589453124999 0.75064101875 0.6080342796875 0.754231325 0.6029847796875 0.753989153125 0.5788173703124999 0.7655745640625 0.5213397843750001 0.7707458828125 0.5080028734375001 0.7709319921875 0.49536078906250003 0.7554359796875 0.4123009609375 0.7583678515625001 0.3902386515625 0.7558021953125 0.37767683124999996 0.7461459765625 0.3642229875 0.7386971875 0.3600448953125 0.7300196062500001 0.3581003234375 0.7140273265625 0.35911620625 0.7034105046875 0.362172975 0.6914047921875001 0.3702150375 0.6854209484375 0.378630871875 0.682611146875 0.3891518046875 0.6827512484375 0.40563031250000003 0.6903721609375 0.42573655937500005 0.6914308953125 0.5114151703125 0.6936383187499999 0.520690921875 0.7022898890625 0.5325258093749999 0.7222287359374999 0.5769966578125 0.726477471875 0.5889599671875 0.72820459375 0.6064910265625 0.73125055625 0.6107975375 0.7411249015625 0.6110589453124999
5 0.725632928125 0.58458924375 0.7023859484375 0.5308747453125 0.6957436765625 0.522277771875 0.6924035203125001 0.5135844796875 0.6902120593750001 0.428488328125 0.684836603125 0.42644743749999997 0.6572929015625 0.43714039062500004 0.65470724375 0.4438088484375 0.6554357296875 0.469060909375 0.663196740625 0.505645665625 0.662816534375 0.5688400359375 0.6703794171874999 0.59938695 0.6795553296875 0.6210961015625001 0.6846746234375 0.627539821875 0.696544275 0.6596093765625 0.6990839203125 0.6820615125 0.702648215625 0.686902328125 0.70863806875 0.6878264578125 0.7198692859375 0.6836529234375 0.72284519375 0.6797201859374999 0.72205266875 0.6555688296875 0.7289850984374999 0.611962459375 0.725632928125 0.58458924375
5 0.6502143625000001 0.4549282921875 0.643732190625 0.4435795484375 0.637902440625 0.4399036515625 0.6254364234375 0.4369707390625 0.6226206140625 0.43815171093750005 0.6173532359375 0.4531396859375 0.601565096875 0.4695333703125 0.585718925 0.496367721875 0.5834314984375 0.5640130796875 0.5851646296874999 0.5908840984375 0.606862615625 0.652335653125 0.609306203125 0.67643885 0.6155262031250001 0.6828504640624999 0.6231991390625 0.6831760796874999 0.6287987375 0.6813644890624999 0.6329073765625 0.6768492921875 0.63379793125 0.6520994234375 0.652147690625 0.5916774375 0.6549774921875 0.5619262296875001 0.649668046875 0.5115344687500001 0.6502143625000001 0.4549282921875
5 0.5455872359375 0.6667595875 0.56583820625 0.5925466484374999 0.5602665890625 0.5372177625 0.5471601703125 0.5452919265625 0.5186238421875 0.5730458453125 0.5025154984375 0.5949430671875 0.49468246562499996 0.597369221875 0.52020691875 0.6685987203125 0.5232328796875 0.6921355109375 0.53407985625 0.694566228125 0.5424952609375 0.691573665625 0.54550319375 0.6870905734375 0.5455872359375 0.6667595875
5 0.6027318187499999 0.42115039374999996 0.5933558015625 0.4406535671875 0.5755643781249999 0.463149296875 0.5285261718750001 0.5161667734375001 0.5164944484375 0.5340991484375001 0.50607575625 0.5431937578125 0.4983828234375 0.56209841875 0.48453993593750005 0.582830721875 0.4883984234375 0.5920583140625 0.500282065625 0.5955576312499999 0.50659211875 0.590978221875 0.5191101546875 0.5741305015625 0.558615528125 0.5372659203125 0.599721915625 0.47288365 0.6173532359375 0.4531396859375 0.6211997015625 0.44368735625 0.6194785921875 0.4354962578125 0.606520253125 0.42213873281250003 0.6027318187499999 0.42115039374999996
5 0.4965276203125 0.5467687765625 0.5102164140625 0.538128203125 0.5980147921875 0.43612231562500003 0.6018932828125 0.4261196296875 0.601400959375 0.41569501249999996 0.5837455968749999 0.39807912968750003 0.5632424078125 0.38219457343749996 0.5501619984375 0.38037842187500004 0.5349502203125 0.3868657359375 0.5128520296875 0.40783883125 0.4705048359375 0.4557746984375 0.46621609375000006 0.4822719421875 0.428836075 0.501493096875 0.423138446875 0.5522059109375 0.415797734375 0.5650566796875001 0.40230706875 0.5797350906250001 0.39978545312499997 0.5853028390625 0.4018968171875 0.5962296515625 0.40652979843750003 0.6015887156249999 0.41251965156250003 0.6025128421875 0.41756889375000006 0.6007173078125 0.4317700140625 0.5832710734375001 0.4530937125 0.5661665109375 0.4965276203125 0.5467687765625
5 0.36520124374999996 0.6225733 0.3811395296875 0.6885882109375 0.38044109375 0.7100359546874999 0.385138115625 0.7142943125000001 0.395012465625 0.7145557171875 0.40006170937499996 0.71276018125 0.40365201562499997 0.70771068125 0.404964846875 0.6851461750000001 0.43130172812499995 0.6102063046875 0.43345910468750004 0.592012525 0.43157789218750003 0.586573196875 0.42885814218749996 0.5861031062500001 0.42222788749999995 0.5961860546875 0.414138690625 0.6030150375 0.40649777656249997 0.60213906875 0.39869075781249996 0.5946749062500001 0.397942271875 0.58865311875 0.402857425 0.5797190390625 0.417026521875 0.5628231578125 0.4171866234375 0.5600713890625 0.4088992953125 0.5608625359375 0.4029734859375 0.5588377 0.3994732328125 0.552896175 0.40043384218750006 0.5363855640625 0.38997711874999996 0.5366905625 0.3872313578125 0.5461107890625 0.38373711250000003 0.549509228125 0.37418897812499996 0.553084246875 0.3723578140625 0.5751144499999999 0.363622203125 0.5836105500000001 0.3617209890625 0.5974014984375 0.36520124374999996 0.6225733
5 0.427005221875 0.542339653125 0.42991074218750003 0.5173486671874999 0.4349659828125 0.49104966250000004 0.43926205781250005 0.4781941140625 0.44167704375000005 0.47549508124999995 0.420699771875 0.4582574609375 0.4202580703125 0.4551570640625 0.41713028437500005 0.45545585937500005 0.4139783046875 0.456170446875 0.408908540625 0.4577711921875 0.40416950937499996 0.4608151359375 0.4017395171875 0.463376646875 0.40031180156249996 0.4665315703125 0.39882360625 0.47072601875000003 0.3989103546875 0.4727990078125 0.3989003328125 0.4765352265625 0.40013658437500005 0.48023510781249995 0.4018750171875 0.4859958640625 0.4018287265625 0.4903558015625 0.40095156249999997 0.49473997656249996 0.3979367921875 0.5002242578125 0.399052096875 0.5060031890625 0.400463934375 0.5173773703125 0.400300815625 0.5308730046875 0.40003091875 0.5497681046875 0.40073079062500006 0.5555591453125001 0.4062443453125 0.560587125 0.4114129703125 0.5608514718750001 0.4211854828125 0.5568304953125 0.42426073437499995 0.5503066890625 0.427005221875 0.542339653125
5 0.3630657953125 0.5400213093749999 0.3633018625 0.5466560828125 0.3642315578125 0.5484969390625001 0.3660163046875 0.549897740625 0.369255046875 0.5512561390624999 0.37419175312499997 0.5519423453125001 0.377734975 0.5516314546875 0.3819618046875 0.5502628515625 0.3850391296875 0.5472673640625 0.3883846484375 0.5432262875 0.3890540859375 0.5388481781250001 0.3889652640625 0.5332468640625 0.38865454375 0.5243311921875 0.3898361859375 0.5182777140625 0.3914453421875 0.512004221875 0.3947766890625 0.5046427312499999 0.396327440625 0.502937084375 0.4000500140625 0.4959792765625 0.40048547343749996 0.488494721875 0.40015265468749994 0.48352316406250007 0.39845050625 0.47713871875 0.3979441765625 0.46802118750000005 0.40175349374999997 0.46313639375 0.40452425468750003 0.45828187187499997 0.40680493906250004 0.45115858124999997 0.4073084296875 0.4436043359375 0.37140022031250003 0.41459206093749995 0.36839984375 0.42695744375 0.3663026734375 0.43449048125 0.3571737203125 0.45239867343749995 0.35698018125000003 0.455725146875 0.3570548171875 0.458006053125 0.3583152609375 0.4612901171875 0.35963621875 0.46353465937499994 0.3597371359375 0.4689280625 0.35949521406249996 0.473086165625 0.358801584375 0.4778800921875 0.3575936734375 0.48082104687499994 0.356337378125 0.4845936359375 0.3556074296875 0.49001125781250005 0.355853534375 0.492909825 0.356662271875 0.49682971875000004 0.3576666046875 0.5009514640625 0.358914953125 0.5044434390625 0.3603468328125 0.5083451640625001 0.3620106328125 0.5118250125 0.36280727343749997 0.5159528140625 0.362968671875 0.5203067031249999 0.3629465390625 0.52425083125 0.36315635625 0.5277730968750001 0.362926528125 0.5317232921875 0.3628439140625 0.5367069437499999 0.3630657953125 0.5400213093749999
5 0.37056011093749996 0.5537732859375 0.3650970296875 0.5514419937499999 0.363213425 0.5481761234375 0.36240469062499997 0.544256203125 0.3619246390625 0.5382512109375 0.362985303125 0.534276790625 0.362408484375 0.5299350281249999 0.3624164296875 0.522670475 0.3616418921875 0.5145985375000001 0.360806871875 0.5075661203124999 0.355841825 0.500239075 0.3503649390625 0.5159652218749999 0.35029442187500004 0.5207409640625 0.35149892031249996 0.553499053125 0.3511481328125 0.5595282953125 0.3506480375 0.560995746875 0.3485971953125 0.5641688453125 0.3484399453125 0.5668716046875 0.3489300015625 0.56914038125 0.3503981703125 0.57241839375 0.3529795703125 0.577946996875 0.35630504531249996 0.5813783859375 0.363990409375 0.5811542171874999 0.3719177078125 0.57677195625 0.3750171375 0.5698323375000001 0.37604339531250003 0.553155946875 0.37056011093749996 0.5537732859375
5 0.35067675625 0.496349353125 0.3514550578125 0.49010009062500004 0.350388153125 0.48348955312499997 0.35260419375 0.47034913593749994 0.357578925 0.45256211406249996 0.36026085937499996 0.44210628593749995 0.36547371875 0.4344823640625 0.3683875375 0.4236046765625 0.37017826875000004 0.41331407656249997 0.3629666 0.4098568171875 0.35652543593749997 0.40651629843750003 0.350610646875 0.40482085 0.34562552343749997 0.40496625625 0.336266359375 0.40544681093749996 0.33054925625 0.40748152187500003 0.3236968234375 0.4112097859375 0.3181673734375 0.420710909375 0.3183288015625 0.4250647890625 0.3198595125 0.430831603125 0.3221969 0.436989984375 0.322969346875 0.4415335921875 0.3241835 0.44917758750000003 0.3255064828125 0.4549504671875 0.326621803125 0.46072939062499996 0.327835921875 0.46837340312500003 0.3282071375 0.4762495484375 0.3265737703125 0.48293885468750003 0.323901875 0.4896584546875 0.32351479843750003 0.4963114109375 0.324874071875 0.501460559375 0.3272719375 0.5065794203125 0.3312810390625 0.5089531046875 0.3392225078125 0.507891259375 0.3440361984375 0.5071282 0.3480169546875 0.50286105 0.35067675625 0.496349353125
5 0.31104812187499997 0.546638634375 0.3108708265625 0.55681385625 0.3102034796875 0.5647202921875001 0.30992526875 0.5695021 0.3125187328125 0.5748228125 0.3202787640625 0.576879534375 0.3276091875 0.5756279640625 0.3338868609375 0.5710862671875 0.33266775000000004 0.5670918015625 0.333629584375 0.561252296875 0.3346760953125 0.5539574515625 0.33636784999999997 0.5427002953125 0.3407982234375 0.534268990625 0.3466442328125 0.5228906656250001 0.35048569218750003 0.5103254953125 0.35590200312500003 0.4982568203125 0.3526723203125 0.4941269078125 0.3511115296875 0.499568778125 0.3474615203125 0.5052791328125 0.34252690625 0.50812125625 0.3370295921875 0.5099420171875 0.32955192499999997 0.510160125 0.3263615984375 0.5079700953125 0.3232780484375 0.5003806265625 0.3236651234375 0.49372767968750003 0.324808371875 0.484769590625 0.3266494609375 0.478074234375 0.3297609703125 0.47092670625000005 0.326050121875 0.45629875625 0.3236059625 0.45553983750000004 0.3154709515625 0.459928159375 0.313506840625 0.46517424687500003 0.311603240625 0.4693808125 0.3088224484375 0.47797155 0.30494260781250004 0.48763210468749996 0.303761190625 0.4972462484375 0.304227053125 0.4999308453125 0.3060401578125 0.507972490625 0.30752248125000003 0.5145709093749999 0.30812558437500004 0.5220251874999999 0.3090331796875 0.5278101765625001 0.3097472375 0.53692163125 0.31104812187499997 0.546638634375
5 0.3235057640625 0.599823678125 0.3283173578125 0.59553229375 0.328875871875 0.5894969999999999 0.3298739984375 0.583033771875 0.329736040625 0.5781014140625 0.3277098984375 0.5774606999999999 0.32337214375 0.5771721203125 0.3184233078125 0.5766938109375 0.314525165625 0.5759772953125 0.31194585625000004 0.5739770109375 0.3106733171875 0.570900846875 0.310267903125 0.567176740625 0.3106186890625 0.56114750625 0.3110904390625 0.5530392171875 0.3110983875 0.545774665625 0.310727203125 0.5378985187499999 0.30940209531249996 0.5285973296875001 0.307111034375 0.5180789984375 0.3014079125 0.5056169703125 0.30489726250000004 0.5383084109375 0.30605337499999996 0.5718981140625 0.30573887499999997 0.5773036359375 0.3048617140625 0.5816878109375 0.30425275625000003 0.5850264078125 0.3042911015625 0.5879310125 0.30439205468749997 0.5933244234374999 0.305432675 0.59682245625 0.3071811484375 0.5988469765625 0.30982090625 0.599807740625 0.313267375 0.601160065625 0.317433725 0.600831 0.3235057640625 0.599823678125
5 0.31450505156249997 0.44289748125 0.317806084375 0.420381509375 0.3254518265625 0.40446471562499997 0.33061083281250003 0.392022953125 0.32862468906250003 0.388429275 0.32309402187499997 0.38510308437499996 0.3150848859375 0.381600078125 0.3052580453125 0.37939563125000003 0.2962977484375 0.37940788125 0.28726484375 0.3806677875 0.281898875 0.383066275 0.279231653125 0.3861333546875 0.27830954375 0.3891495546875 0.27803370156249996 0.3938906296875 0.2783750875 0.400855696875 0.28000655 0.407035803125 0.2822697578125 0.41519034687499995 0.283506721875 0.42387302812499994 0.2837610203125 0.43233525625 0.28388214375 0.43880853750000004 0.2843181453125 0.45698068750000004 0.2832823671875 0.46622787343749994 0.282890378125 0.47296521562500005 0.2833624484375 0.477684496875 0.2889366515625 0.48026209062499997 0.295403959375 0.48032256406249996 0.3016945453125 0.479142646875 0.30566634062500003 0.47504107656250005 0.3070409984375 0.468524178125 0.307725853125 0.461030971875 0.31450505156249997 0.44289748125
5 0.266698921875 0.5128914890625 0.26615714687500003 0.518746071875 0.26486806875 0.52361575 0.2636376609375 0.5274770421875 0.26230165 0.5331534359375001 0.2625658328125 0.5389845015625 0.26335035156250003 0.5427870109375 0.2637084234375 0.5470046421875 0.26441080625 0.5522189078124999 0.26552790000000004 0.5572197421875 0.266668475 0.56181721875 0.26733565625 0.5676365265625 0.2677778609375 0.57386506875 0.2669856484375 0.577109559375 0.265506815625 0.5817834421875 0.265094103125 0.5854195390625 0.26545217499999996 0.5896371593749999 0.266805975 0.594027084375 0.2686448921875 0.5969935015625001 0.273433765625 0.59765916875 0.279431609375 0.5982895687500001 0.28557025937499997 0.5964998265625 0.288103509375 0.5909898328125001 0.28955685937500003 0.5832966515625 0.2896956375 0.5774538406249999 0.29008285625 0.5707984265625 0.29306601875 0.56446998125 0.3000397890625 0.551783690625 0.30518113593749996 0.5424188 0.3065027765625 0.5340475578125 0.3036329265625 0.5315138890625 0.3006926765625 0.5301902921874999 0.296651090625 0.5305095093750001 0.2913418671875 0.53187239375 0.28667234375 0.532612603125 0.2794303484375 0.5326224953125 0.275161775 0.5299282937500001 0.27366718125 0.5279585171875001 0.273735559375 0.5233257796874999 0.273565246875 0.5158812875 0.2744630625 0.5108216828125001 0.27607299531249996 0.507351996875 0.27669891875 0.503508340625 0.2772386796875 0.49423109375 0.2764990859375 0.4861991953125 0.27459544375 0.4739731984375 0.2702189109375 0.44893375 0.2675683265625 0.456460534375 0.26617364375 0.4631453171875 0.264933528125 0.47063095781250003 0.2638459421875 0.475494740625 0.262999271875 0.49004703125000004 0.2627176578125 0.49488731562500005 0.2631833484375 0.5007125 0.2654037890625 0.5074931874999999 0.266698921875 0.5128914890625
5 0.2963193625 0.5292840828125 0.29799925156249996 0.52672728125 0.30070247031249997 0.5209362140625 0.30259346875 0.514750871875 0.30218050625 0.50988663125 0.30118407187499996 0.5030888953125 0.30561705 0.481921909375 0.3001385390625 0.4803881546875 0.29468451562500003 0.48082588125000003 0.2894430078125 0.480003509375 0.2851111515625 0.477900703125 0.2833783546875 0.474189528125 0.28216129218749997 0.46879146250000003 0.28322383125 0.4624909578125 0.2837205296875 0.45634628906249997 0.28397896875 0.44951194843750003 0.2860323609375 0.44053541718749994 0.283074384375 0.4315657375 0.27543960312500004 0.4335996234375 0.2696000078125 0.4478415171875 0.2778177703125 0.49081345781249996 0.27856781875 0.4970610890625 0.27801289218749997 0.5018142343750001 0.27622744843749997 0.5061853109375 0.2754423734375 0.5101092359375 0.27519878124999997 0.514296015625 0.2746032546875 0.5197469640625 0.274802309375 0.523502859375 0.27599361718750004 0.5269511687499999 0.2778238484375 0.5289876203125 0.2809008359375 0.5311270359375 0.2846329703125 0.5315754609375001 0.2885451421875 0.531322034375 0.2963193625 0.5292840828125
5 0.2607277703125 0.48734242656250004 0.2615150421875 0.480803928125 0.2631984046875 0.46935262812499995 0.26814001875 0.4543449203125 0.27379972812500003 0.437483778125 0.2814713828125 0.421264915625 0.28192820625000004 0.41665034062500006 0.2797538859375 0.4085693390625 0.2597645734375 0.3955104703125 0.22787625 0.4121502796875 0.23096057656250002 0.4185758640625 0.232007221875 0.425060865625 0.233845225 0.43193001718749996 0.23535874843750001 0.43738335 0.2362985953125 0.44570398125 0.23674784531249998 0.4554641828125 0.23757885937499998 0.46215909218749995 0.2376660109375 0.4676540375 0.23731002031249998 0.47377273750000004 0.2372310234375 0.482123071875 0.23688689687500003 0.4880378171875 0.2365288703125 0.49069519687499996 0.23564462812500003 0.4954040296875 0.2357534640625 0.4970297375 0.23725308437499998 0.49922571875 0.2387645703125 0.5012177375 0.2406479921875 0.5038097390625 0.24565912812500001 0.5050888453125 0.252407203125 0.504484796875 0.257224409375 0.502104565625 0.25908000625 0.498181846875 0.2597130171875 0.4942947828125 0.2607277703125 0.48734242656250004
5 0.21323346718749997 0.6568331796875 0.2165788546875 0.65877170625 0.22157813124999998 0.6602547750000001 0.2268760984375 0.66010024375 0.23180213906249997 0.6593457265625 0.2360673640625 0.6559635484374999 0.23739473281249998 0.6506309625 0.2372343484375 0.6428984359375 0.23763780781250002 0.6359639046875001 0.24084452343749999 0.6263006828125001 0.2446171046875 0.6208967609375 0.2483778328125 0.61569680625 0.24932139062499997 0.609968190625 0.24972485 0.6030336609375 0.24973264374999998 0.5959070609375 0.250543634375 0.5889606546875 0.2515841734375 0.5850617 0.2534852015625 0.576861828125 0.256693953125 0.5706599171875 0.26083644375000004 0.5623946671875 0.2594317546875 0.5585670359375 0.2557974828125 0.5546008265625 0.24975359843749997 0.550094084375 0.2404494296875 0.545682415625 0.2349476796875 0.545842890625 0.22627074062500002 0.5481320859375 0.220927340625 0.5525637624999999 0.21653158125 0.558189471875 0.21635563750000003 0.5647101343750001 0.2171134171875 0.56916745625 0.2176436828125 0.5740386484375 0.21704834062499997 0.58077516875 0.2148702796875 0.586743396875 0.21281091718749998 0.590672053125 0.210955303125 0.5945947984375 0.20961607031249999 0.6001313406250001 0.2096181203125 0.6035926625 0.21016025156249998 0.6082598890625001 0.2115907234375 0.6151409296875 0.21461571875000002 0.6225862890625 0.21572169687499998 0.6280515140625 0.21565254843749998 0.632736575 0.21512837343750002 0.6382493499999999 0.2142322703125 0.6431621375 0.21270114843750001 0.648500671875 0.212620103125 0.653389690625 0.21323346718749997 0.6568331796875