4 0.47816953125 0 0.3846284390625 0.008183784375 0.3859078625 0.01523854375 0.3954707546875 0.031895821875 0.405622965625 0.0904719359375 0.417188165625 0.126591596875 0.43131872656250003 0.1524339515625 0.4444794109375 0.1668929140625 0.47239108906249994 0.18485913125 0.477146440625 0.184130984375 0.486599765625 0.175270109375 0.4891651265625 0.16499280624999998 0.50520916875 0.141943434375 0.507592028125 0.13087037031249998 0.5177179749999999 0.1177879671875 0.5276092328125 0.0857962265625 0.5272546046875 0.06278671875 0.5212373140625 0.025817556250000002 0.52722315625 0.0018371874999999998 0.5273387546875 0 0.47816953125 0
4 0.5425019140625 0.42617811093749997 0.5440296546875001 0.41853081562499994 0.54037966875 0.40261555624999995 0.5336793875 0.3912859015625 0.5317970171875 0.37592369375 0.5130832375 0.373023228125 0.5011948578125 0.3748435953125 0.46052412656249997 0.3942504859375 0.4371123703125 0.3994827484375 0.39522152187500004 0.420723875 0.372784821875 0.42663054375 0.359426078125 0.44350278750000005 0.341072109375 0.45290283750000004 0.343501975 0.4706523359375 0.35257993125 0.4816179140625 0.37775930625 0.4769387 0.3919002359375 0.4813630765625 0.4039711125 0.480338471875 0.43457845937500006 0.47070957968749993 0.4883576859375 0.44764808125 0.519695028125 0.441202240625 0.534633703125 0.4347962703125 0.5425019140625 0.42617811093749997
4 0.2917665390625 0.4275042921875 0.3304090359375 0.4421799734375 0.358023459375 0.44454126718750003 0.368759465625 0.430541740625 0.3738328109375 0.40258255781249996 0.38060602499999996 0.3891898234375 0.3818365140625 0.3659376 0.41225583749999994 0.24101846249999997 0.413121328125 0.21617471406250002 0.40709885312500005 0.18991454375 0.3944334734375 0.15972930000000002 0.399496446875 0.1531880953125 0.403897171875 0.12945044375 0.4032297359375 0.1229629828125 0.3971968875 0.118120790625 0.39591939374999996 0.11255044843749999 0.4013473671875 0.10760077187499999 0.39775475781249997 0.099090096875 0.38129871249999997 0.0917253859375 0.3731280671875 0.09544760937499999 0.3756830578125 0.1065882890625 0.36714741093750003 0.1087189890625 0.361474378125 0.11617731093749999 0.3567712203125 0.1350190328125 0.3597485828125 0.155155815625 0.3326764703125 0.16589080312499999 0.313582134375 0.1935257828125 0.26409991875 0.407029428125 0.266717471875 0.414865696875 0.2917665390625 0.4275042921875
4 0.19086586875 0.195018440625 0.18335228750000002 0.226646109375 0.1806465984375 0.22915711875000003 0.198568853125 0.3073046453125 0.21281796874999998 0.3086235515625 0.2369545390625 0.31728333124999997 0.2582910578125 0.31731107812500003 0.270737303125 0.2964600171875 0.26923030468750003 0.26127135468749996 0.2812019859375 0.2133106140625 0.2935282953125 0.1883593828125 0.31351404843749997 0.082335709375 0.31059924687499996 0.058894512499999996 0.29738636875 0.026321978125 0.3034244015625 0.020455184374999998 0.3035223890625 0.015279645312500001 0.2383347625 0.0209828234375 0.231426696875 0.02488993125 0.21447016093750002 0.043960490625 0.21378198125 0.0803089921875 0.201455675 0.1052602234375 0.1938169703125 0.14349670781249999 0.19086586875 0.195018440625
4 0.32041790937500003 0.1768286359375 0.33273903125 0.16258639531250002 0.3456650296875 0.15813602031250001 0.3548784796875 0.14107480156250002 0.3620844390625 0.11526019218750001 0.3703802078125 0.10492914843750001 0.37686135468750004 0.06522249531249999 0.39016790625 0.0302366796875 0.3840981203125 0.00823018125 0.30668909218749996 0.015002593750000001 0.304936584375 0.04493485625 0.31448910625000004 0.0830101125 0.304227665625 0.1241193171875 0.298721578125 0.16450037343749999 0.3034717421875 0.17448121562500002 0.32041790937500003 0.1768286359375
4 0.5780949890625 0 0.5675758937500001 0.0096613359375 0.5548845859375 0.033021040625 0.5474335671875 0.0613442984375 0.5177805375 0.1144835546875 0.5056419125 0.129521559375 0.49849851562499997 0.152031759375 0.465550128125 0.2122652671875 0.455596309375 0.24756141562499998 0.45765599218749997 0.2744283765625 0.453927890625 0.2939445 0.45837043125 0.30973839999999997 0.45812018749999994 0.322956034375 0.454334709375 0.3350675796875 0.4469566203125 0.3386684484375 0.4399383453125 0.354569828125 0.4415808390625 0.3617316953125 0.4509038578125 0.37018862656249996 0.46479972812500003 0.3771216515625 0.4743104296875 0.37566535624999997 0.4959075640625 0.341057484375 0.528777834375 0.31625535625 0.5702411234375 0.2967271125 0.571466428125 0.2841838796875 0.5809875 0.26130960625 0.6172312437499999 0.1939818484375 0.6391411890625001 0.142851934375 0.6692165906249999 0.098708784375 0.64657884375 0 0.5780949890625 0
4 0.7161347921875 0.396296325 0.7351596515625001 0.3862444109375 0.7328479953125 0.37616474843750003 0.7267612296875 0.3567786484375 0.7281030140625 0.355474915625 0.7174192046875 0.308889634375 0.7107534875 0.30486509375000004 0.7019154046875 0.302099859375 0.689051971875 0.3032458203125 0.6843539953125 0.3113785484375 0.6856888671875 0.32435346875 0.671235128125 0.3364511390625 0.624719234375 0.34110260625 0.606792828125 0.34878977031249997 0.5930690843749999 0.36407049375 0.580935646875 0.36839950625 0.5760551734375 0.375736471875 0.5745848078125 0.390788346875 0.5664141609375 0.39451057500000003 0.566106540625 0.4003236296875 0.5725043859375 0.406757346875 0.5738392546875 0.4197322703125 0.583527271875 0.429780728125 0.6007184984375 0.4296195015625 0.6102917625 0.42485879843749996 0.6324782140625 0.43216976875 0.6582050859375 0.42987784375000004 0.6677783484375001 0.4251171375 0.6893703 0.4012182578125 0.7161347921875 0.396296325
4 0.4615523875 0.7886488796875 0.47374838593749996 0.7810154546875 0.4775338640625 0.7689039140625 0.4955228375 0.7579123375 0.5292952296875 0.7585070046875 0.5574623375 0.7525465953125 0.58551988125 0.721068034375 0.59699106875 0.69954256875 0.6080295125 0.690438978125 0.6212161265625 0.651352990625 0.6162938312499999 0.6191584015625 0.6117261640625 0.6099733234375 0.5860096671874999 0.5908472703125 0.572483978125 0.5747967828125 0.5555378125 0.5724493625 0.5448069921875 0.5757398984375001 0.5185222515625 0.597062515625 0.5019307140625 0.617724603125 0.47034312343750007 0.637388078125 0.4583870015625 0.653221846875 0.45452858906250004 0.690055778125 0.465968665625 0.7327842546875 0.4551075359375 0.7533926 0.4475469484375 0.7561977015625 0.4401636765625 0.7705075609375001 0.448204015625 0.78410314375 0.45502941874999997 0.788823978125 0.4615523875 0.7886488796875
4 0.3082076984375 0.7174029203125001 0.29631932031249997 0.7192232890625 0.29278408906250003 0.7181171921875 0.30567517187500004 0.7743269859375 0.4041439140625 0.7529591578125 0.41243968437499995 0.742628115625 0.40410727968750004 0.7027186171875 0.398256934375 0.6986721890625 0.38996635 0.6982942421875 0.3082076984375 0.7174029203125001
4 0.47172466562500004 0.5539820890625 0.4679443703125 0.5553846421874999 0.4615987171875 0.5670644921875 0.43970951718749995 0.57535845 0.4252557765625 0.58745611875 0.39402281562499997 0.6301291 0.38980977656250004 0.6439535265624999 0.3782812125 0.6580744109375 0.38016358125 0.67343661875 0.3894240375 0.6851979609375001 0.40392996875 0.6912138640625 0.4158183453125 0.689393496875 0.4602171765625 0.6504704859375 0.48040651093750003 0.627610084375 0.4855997921875 0.6037510734375 0.4830499890625 0.5819014015625 0.49079825781249997 0.5691830718750001 0.4887282078125 0.563734090625 0.4807452453125 0.5575430859375 0.47172466562500004 0.5539820890625
4 0.43072523125 0.49683452031249997 0.43193497968749994 0.5164182609375 0.4241241484375 0.532441 0.42637669999999994 0.53868574375 0.43710233593750003 0.5461042015625 0.45130582812500003 0.547224165625 0.46124927656250003 0.533345996875 0.4838110984375 0.5208305125 0.5073009734375 0.48016687343750003 0.5166395453125 0.45649683437500005 0.5285956734374999 0.4406630671875 0.5168272328125 0.44658360625000004 0.49927100625 0.44515330937500003 0.48439489375000006 0.44825487031250005 0.4459193390625 0.4665019234375 0.44561171718750003 0.4723149796875 0.43072523125 0.49683452031249997
4 0.24017868125000003 0.48873856406250005 0.24772233125 0.489436809375 0.2972885203125 0.4801997359375 0.3151471828125 0.486525971875 0.323255265625 0.48610815625 0.33240615625 0.4723513453125 0.3331413390625 0.46482540468750005 0.32881873281249996 0.4531316796875 0.3130926859375 0.44895001875 0.30864495625 0.4438651109375 0.2589743859375 0.416875040625 0.22159843281249997 0.407721953125 0.24017868125000003 0.48873856406250005
4 0.53968664375 0.574876521875 0.5797995046875 0.5745003234375 0.586447596875 0.5677164046875001 0.586035590625 0.5373023203125 0.593538803125 0.5270926328125001 0.5878761390625 0.513132975 0.5848987765625 0.492996190625 0.5768010609374999 0.47199602656249995 0.539451615625 0.4307637125 0.5226775781249999 0.45063003906250004 0.5276676203124999 0.46881122187499996 0.5216610359375 0.535627553125 0.5238458421875001 0.555885696875 0.528413509375 0.5650707765625 0.53968664375 0.574876521875
4 0.5819736015625 0.49097297500000003 0.585420346875 0.54892843125 0.593877871875 0.5822291078124999 0.599785596875 0.59368011875 0.605025884375 0.5986436687500001 0.6117313515625 0.5992643328125 0.647396484375 0.5938032296875 0.6502694671875 0.577712871875 0.6396845109375 0.5315586296875 0.6263361390625 0.5270128953125 0.6070174828125 0.5143205609375 0.5819736015625 0.49097297500000003
4 0.5553024484375 0.3031330828125 0.571085871875 0.3147193265625 0.6030906515625001 0.3147609453125 0.6182066390625 0.3198597265625 0.6241769234375 0.3280063265625 0.638625475 0.3266176515625 0.6559521968750001 0.2984296234375 0.6650612640625 0.24514126093750002 0.6825182937500001 0.1996354265625 0.6871436328125 0.1768771765625 0.6686547796875 0.09625908125 0.6374361328125 0.13899447812500001 0.6014896390625 0.221927159375 0.5811751843749999 0.25139637812500004 0.572504046875 0.281553875 0.5660384546875 0.2891335578125 0.5645107140625 0.29678085468750004 0.5553024484375 0.3031330828125
4 0.396045528125 0.48155205 0.3761741875 0.47718141562499994 0.3600779578125 0.48211721875 0.36469263125 0.5201248609375 0.35980697031250003 0.5381708171875 0.3720551609375 0.5486509640625 0.3860761546875 0.54897516875 0.39522704218750004 0.5352183578124999 0.41839892343749996 0.5217857515625 0.44024630625 0.47396024687500005 0.4168971109375 0.47588809843749996 0.396045528125 0.48155205