26 0.46775768125 0.21388477031250003 0.46342980625 0.2018313671875 0.450558009375 0.192537875 0.4036493640625 0.177506934375 0.3698631765625 0.1818590984375 0.35955204375 0.18617411875 0.34364715625 0.20017007343749998 0.323428846875 0.2306512171875 0.3194220015625 0.27065938749999996 0.32110628750000003 0.2993147484375 0.3283915546875 0.3325584703125 0.3453063234375 0.37319028125 0.3537114078125 0.3872074734375 0.3743481234375 0.40711602812500003 0.422731853125 0.42560748281249994 0.46187558125 0.43002335937499997 0.4982638953125 0.4241744703125 0.5239443500000001 0.41505879375 0.5468206984374999 0.39651428593750004 0.5733630828125 0.3438131640625 0.5787818734375 0.2795628484375 0.5755323515625 0.263388146875 0.56128285 0.24896227031249998 0.5463517171875 0.24623950312499998 0.5361721968750001 0.2195081203125 0.5201554828125 0.20663735156250002 0.5028656609375 0.2012316265625 0.5000200953125 0.20690803125 0.492213715625 0.21139819843750002 0.46775768125 0.21388477031250003
19 0.3460925515625 0.37408459843749997 0.33355434375000004 0.3446702578125 0.31711922656249997 0.281409790625 0.310488578125 0.280106790625 0.2831869765625 0.288269765625 0.24405770000000002 0.31239248124999996 0.21131563281250001 0.34199787812500004 0.17082309843750001 0.3895268078125 0.1547379109375 0.435405103125 0.1585032109375 0.5002976328125001 0.15123961875 0.509861803125 0.14845719531249998 0.5432408640624999 0.150044103125 0.5735680984375 0.1659292046875 0.61748526875 0.169478075 0.6429136515625 0.174146765625 0.6491155046875 0.17656136718749998 0.6652318234375 0.1811326796875 0.673105546875 0.1938097234375 0.68574278125 0.22466019375 0.7030081906250001 0.23792871875000002 0.7198834875 0.24460805625 0.7203505546875 0.261411 0.7341156421874999 0.321678321875 0.7500807125 0.36214384375 0.7461956125 0.3867946296875 0.7403652953125001 0.42553440625 0.7229300671875001 0.4390391421875 0.7213563890625 0.451117484375 0.7154862625 0.45573025781250004 0.7082547531250001 0.45287746875 0.699661859375 0.4543453265625 0.688853071875 0.47383332187500005 0.6709109703125 0.4898211328125 0.626704546875 0.521380240625 0.5886230203125 0.524371871875 0.580438809375 0.5192090796875 0.568327021875 0.496269590625 0.5591688718750001 0.49076598281250006 0.5529086375000001 0.49359709843750005 0.5186936375 0.4848222984375 0.45345080781249997 0.46644689531249994 0.43789708125000004 0.42332333125000005 0.4298455453125 0.3921807328125 0.4175957546875 0.3592150125 0.3934677078125 0.3460925515625 0.37408459843749997
24 0.2420095984375 0.7937510546875 0.2546794953125 0.8138219515625 0.257085015625 0.8227832546875 0.2986565390625 0.8047067 0.3322966625 0.8028623421875001 0.3743791421875 0.8239907515624999 0.39001054062499996 0.8194882031249999 0.366330471875 0.7702696890625 0.3198299640625 0.7530290453124999 0.2799745578125 0.765629996875 0.2420095984375 0.7937510546875
24 0.2612355171875 0.7755108453124999 0.25558825625 0.7765148515625 0.2627893390625 0.772821696875 0.24451308906250002 0.7267788578125 0.21175353281249998 0.68951555625 0.1886655703125 0.67810878125 0.173184421875 0.656042715625 0.1797483765625 0.6872775375 0.1719792703125 0.7007232812499999 0.21219539062499998 0.753895909375 0.244873803125 0.7925524375 0.2612355171875 0.7755108453124999
24 0.1418075015625 0.76296291875 0.16131298593750001 0.8118895171875 0.18679031562499998 0.8542392015625 0.22948584218749998 0.7928753078125 0.23341699062500001 0.797346903125 0.1906492078125 0.716017821875 0.1696139875 0.7173447015625001 0.1418075015625 0.76296291875
24 0.166587490625 0.72132976875 0.1680601671875 0.720033846875 0.16421016718749998 0.7141690234375 0.12771788125 0.7409941609375 0.0993313296875 0.77258280625 0.12491389374999999 0.8611035906250001 0.12972560625000001 0.8264675265625 0.145762734375 0.81499884375 0.1529517734375 0.787523525 0.149008584375 0.7592697671875 0.166587490625 0.72132976875
24 0.2912609765625 0.949675275 0.3396270578125 0.8929046109375 0.32791476406250003 0.8780965953125 0.27387655 0.84633985 0.257352540625 0.8661678984375 0.21864522343749998 0.8830458359375 0.2439602609375 0.9281819718750001 0.28604274531249996 0.9493103812499999 0.2912609765625 0.949675275
24 0.1146261015625 0.749871003125 0.1262612546875 0.72628410625 0.1299208734375 0.7271591984375 0.1657639859375 0.7114798765625 0.1652650671875 0.6960570765625 0.0933804171875 0.6588556828125001 0.078422275 0.69977674375 0.0641133 0.7295519875 0.08548515 0.746434365625 0.1146261015625 0.749871003125
24 0.42289626562500005 0.7826185625 0.44137982343750004 0.7531352328125 0.38448944687500003 0.746359265625 0.36264276406249996 0.7616184125000001 0.36362856250000003 0.7686818515625 0.38779551093750003 0.8095410015625 0.42289626562500005 0.7826185625
24 0.54747261875 0.7787396765625 0.514319371875 0.7722246734375 0.501263721875 0.852448003125 0.54088773125 0.86780889375 0.5624098296875 0.8581226578125 0.59383491875 0.8463311015625001 0.5853114125000001 0.8247515625 0.5974985421875 0.8074180515625 0.5729258640625 0.7735250375 0.54747261875 0.7787396765625
24 0.5427090765625 0.9085043890625 0.5162579921875 0.8828734296875 0.46893398125 0.8557828921875 0.42965863750000005 0.88241341875 0.4308878765625 0.8852971765625 0.42074144375 0.8915821749999999 0.4344253328125 0.9205170687500001 0.44859609999999994 0.9410926046875 0.4707673703125 0.9202605484375 0.4881148796875 0.910282396875 0.5219293390625 0.9294337484374999 0.5427090765625 0.9085043890625
24 0.07669411875 0.6814701859375 0.1166186296875 0.64369384375 0.120793215625 0.6439857578125 0.1575980390625 0.587805553125 0.14825103125 0.55637611875 0.12468823281250001 0.5771108671875 0.0884514328125 0.623538484375 0.07669411875 0.6814701859375
24 0.227270809375 0.782928109375 0.20470585312499998 0.8345084609375 0.205772796875 0.8401786734375 0.21724165312500002 0.859166365625 0.2457334359375 0.87374881875 0.27928036875 0.8495155249999999 0.293114509375 0.8518818046875 0.2725541234375 0.8210671578125 0.2458595984375 0.7996158765625 0.227270809375 0.782928109375
24 0.3317317890625 0.9804832937500001 0.3276095859375 0.9846351765625 0.3927652890625 0.9914833171874999 0.41693961249999995 0.9808460015625 0.4167652796875 0.95985029375 0.387206553125 0.9395976296875 0.38081693437499997 0.9293585171875 0.3533350328125 0.96940383125 0.3317317890625 0.9804832937500001
24 0.422169103125 0.9630259671875001 0.4252076390625 0.982823059375 0.425532225 0.9772501515625001 0.458916865625 0.9558033140625 0.44769144687500007 0.9326359343749999 0.42599501562500003 0.9213264656250001 0.40920348593750006 0.89776986875 0.38793686875 0.9270585859375 0.3831942578125 0.9365192625000001 0.422169103125 0.9630259671875001
21 0.6039839359375 0.3602231734375 0.58697305 0.3884105828125 0.5745545265625001 0.433705934375 0.56310975625 0.4622825625 0.5098830015625 0.41659354843749996 0.483780584375 0.43295400781250004 0.488965053125 0.48787368593749997 0.48809653124999997 0.5507635078125 0.5151967859375 0.5652486531250001 0.5210183828125 0.585240353125 0.4909968625 0.6209113796875 0.4787406296875 0.663420275 0.49365375624999996 0.6952389296875 0.5285351578124999 0.7200604921875 0.5865736234375001 0.73111344375 0.62110635625 0.7139435921875 0.640819153125 0.687344021875 0.6530513 0.5972707984375 0.6707804546875 0.5327621859375 0.695398153125 0.4939154890625 0.6801484 0.443887578125 0.6495797921875 0.3690071515625 0.6039839359375 0.3602231734375
21 0.8070088906249999 0.42478050625 0.7354038093749999 0.45474592031250005 0.6785495625 0.519316440625 0.6586053703125 0.5738778546875001 0.6495499687499999 0.6333973921875 0.6859160875 0.6807051984375 0.7177830375 0.73329399375 0.7540559671875 0.7582128640625 0.8127556453125001 0.7819021609375 0.8879913765625 0.8095455765624999 0.9345609890625 0.80161083125 0.937019459375 0.8073783484374999 0.9812582203125 0.0478281375 0.64174401875 0.01214375625 0.6482631046875 0.031779893749999996 0.7617674437499999 0.14603338125 0.8028761734375 0.18388051249999998 0.7841973453125 0.3126721734375 0.7768821421875 0.41428043125 0.8070088906249999 0.42478050625
24 0.6714929921875 0.80839554375 0.676073309375 0.8017213265625 0.6745194875 0.8044104765625001 0.6976645125000001 0.7668597 0.7285906796875 0.7396453421875 0.67273111875 0.6671931046874999 0.650698059375 0.6376743796875 0.6418049484374999 0.694407459375 0.6197959734375 0.712453059375 0.6302910749999999 0.748159478125 0.631033434375 0.7594025984375 0.657565665625 0.78364033125 0.6714929921875 0.80839554375