15 0.425796878125 0.260721884375 0.436267475 0.325110371875 0.4520228171875 0.3435151546875 0.482561159375 0.3596299390625 0.4861723484375 0.36291701249999997 0.47698408593749997 0.3484581296875 0.4678028890625 0.32283096875 0.49803477812499997 0.30412679374999996 0.51742956875 0.28114554062499997 0.5506173515625 0.26310019375000004 0.5539291515625 0.22040003593750002 0.559220965625 0.1632480546875 0.5434832828125 0.116922575 0.5139384796875001 0.0879977453125 0.4603976890625 0.085993003125 0.4242504796875 0.10896366093750001 0.4114192375 0.1414749546875 0.41041156875 0.17662155625 0.425796878125 0.260721884375
27 0.579090903125 0.42768613125000005 0.610284540625 0.44642915937499994 0.6372187593749999 0.4480885921875 0.6690924218750001 0.43037089375 0.7026078515624999 0.41363967187500006 0.732170315625 0.4146438078125 0.7525409859375001 0.4067732015625 0.8097106281249999 0.38414432187499997 0.817937140625 0.36115600312499996 0.8389666390625001 0.350329503125 0.8879238968750001 0.328352384375 0.9079739828125 0.307999378125 0.9061036890624999 0.2736261640625 0.9056410187499999 0.2717704984375 0.8233066671874999 0.18115296875 0.7707806109375 0.13283334375 0.7418734406249999 0.1344574515625 0.707389196875 0.12490975156249999 0.6390265515625 0.1866205390625 0.5604785718749999 0.2522666296875 0.497051834375 0.3001844265625 0.46353287187500003 0.3224997875 0.4733728984375 0.3451710546875 0.49240825 0.3711329296875 0.48747940625 0.3737576421875 0.5107918406249999 0.3888824171875 0.5367289875 0.4089360359375 0.579090903125 0.42768613125000005
2 0.523147075 0.5895908359375001 0.5251094296875001 0.6030597109375 0.5096676046875 0.60830560625 0.49260166875 0.58464433125 0.4683062921875 0.5655771875 0.42923144999999996 0.5432159046875 0.42626849062499994 0.5537253546875001 0.436104984375 0.5819807625 0.46892626406250004 0.6240468203125 0.5395082640625 0.688801809375 0.6196061734375 0.7693298046875 0.70561586875 0.85117545625 0.7838870390625 0.9292309703124999 0.8363410640625 0.8660396984375 0.5536924828124999 0.594537340625 0.523147075 0.5895908359375001
2 0.5613922812500001 1 0.5748624578125 0.9966415078124999 0.57709943125 0.9795294078125 0.5738300187500001 0.9552199 0.5833494609375001 0.96540876875 0.589610090625 0.9345357140624999 0.5820706640625 0.909895028125 0.5945459984375 0.9207427218750001 0.5994889703124999 0.8957814531249999 0.5982172359375 0.8290994328125001 0.582155440625 0.77587569375 0.571022484375 0.7200272390625 0.5726642546875 0.721013715625 0.5706948374999999 0.7187131171875001 0.572008959375 0.71838546875 0.5355658953125 0.689784753125 0.37459821249999997 0.7103771 0.2956342765625 0.9143125421875 0.2597327375 1 0.5613922812500001 1
2 0.2465365859375 0.639016171875 0.2780649375 0.647905046875 0.319130390625 0.63906209375 0.3516558140625 0.62955678125 0.38221181875 0.61775086875 0.41080193749999994 0.5980602203125 0.4035866265625 0.5803177953125 0.3996477890625 0.5757166 0.4324937953125 0.5786936875 0.41576610468749997 0.53959411875 0.4459732703125 0.5599789171875 0.4427003265625 0.54125355 0.4371444453125 0.49657690624999995 0.4260397484375 0.396055340625 0.405767984375 0.247570059375 0.2570363 0.13809250625 0.1516000203125 0.12948536093750002 0.10393569375 0.18463966406250001 0.1277903875 0.3810851296875 0.158853328125 0.606441296875 0.20581644062499999 0.6212525546875 0.2465365859375 0.639016171875
2 0.8695783 0.769816409375 0.8521423296874999 0.8118506765625 0.907025503125 0.7688546609375 0.9127085484374999 0.612502303125 0.9078786093750001 0.45877112656249996 0.8553242937500001 0.45512461562500006 0.849419571875 0.44263868124999994 0.8697831781250001 0.445936353125 0.8809620515625 0.429191 0.7850522796875 0.41960444375000006 0.70195255625 0.41101142656249995 0.62801636875 0.45596626406249996 0.5994509781249999 0.436567940625 0.6197969203125 0.46778630468750004 0.62239690625 0.5118041203125 0.5974003140625 0.5627025359375 0.5599354515625 0.59158498125 0.5707654843750001 0.6070303390625 0.6170556406250001 0.64713404375 0.6846782140625 0.7168143453125 0.7135677203124999 0.7431109328125001 0.758874934375 0.77927226875 0.8133916031249999 0.7963876562500001 0.849848796875 0.80265181875 0.8696030265625 0.7307274375 0.8695783 0.769816409375
5 0.32532743750000004 0.7087035390625 0.35817344218749997 0.711680625 0.394637703125 0.7067765078125 0.4458849609375 0.699582390625 0.46625916093750003 0.68612764375 0.504379321875 0.659873446875 0.5106187546875 0.6625052250000001 0.464987428125 0.619445625 0.4318385 0.57606544375 0.40063426562500004 0.5740748296875 0.40916016875 0.59707374375 0.3924006859375 0.6082314249999999 0.3585576078125 0.6236485265625 0.31945803906250003 0.640376215625 0.2852908453125 0.6488950546875001 0.25276895625 0.6528162296875 0.2330394515625 0.6856516375 0.2408994625 0.7227747250000001 0.274724878125 0.73527831875 0.307577946875 0.727087128125 0.32532743750000004 0.7087035390625
3 0.7189754749999999 0 0.71435810625 0.012902857812499998 0.6969221359375 0.05493712656250001 0.6959356609375 0.05657889687499999 0.664724359375 0.0657565609375 0.6466401578125 0.0939943078125 0.6429971796875 0.140964484375 0.6449418703124999 0.1823540546875 0.705416246875 0.1281932921875 0.7362893015624999 0.134453921875 0.7737365046875 0.1334921703125 0.7790106578125 0.1042608875 0.7721300578125 0.0766643078125 0.791535446875 0.0369306375 0.7977925421875 0.011641721875 0.788956446875 0 0.7189754749999999 0
26 0.5586637156250001 0.5249029609375 0.5363483546875 0.49138399687499995 0.5107388546875 0.4726445015625 0.4700045796875 0.47721743906249997 0.45324156562500006 0.49395925781249994 0.448302125 0.5133363875 0.45747979218749996 0.5445476890625 0.473562784375 0.564266596875 0.47323513593750005 0.562952471875 0.5136276328125 0.5794019687499999 0.5497642468749999 0.5731837296875 0.561601946875 0.5534824828125 0.5586637156250001 0.5249029609375
26 0.5557113546875 0.5186599953125001 0.566530790625 0.55085776875 0.5686421421875 0.5513283609374999 0.567517265625 0.549216 0.588550296875 0.5328053578125 0.5872609 0.494044034375 0.5724884984374999 0.47958162031249996 0.5557113546875 0.5186599953125001
26 0.5708608578125001 0.4562585875 0.5393113125 0.4808745484375 0.5442366234375 0.4838339734375 0.54128073125 0.48317514531250005 0.5416083781250001 0.48448926875 0.5488201578125 0.5078158312500001 0.562292565625 0.500269340625 0.5780726375 0.47958515 0.5708608578125001 0.4562585875
26 0.4874158234375 0.47427214375000004 0.5179612312499999 0.47921864843749995 0.533068346875 0.48382690781250004 0.5472031125 0.46774038281249997 0.5552176734375001 0.46373943906250004 0.5245495078125 0.449659715625 0.5170030171875 0.43618730625 0.50910415 0.4604897484375 0.5025441328125 0.44537556875 0.48907525625000003 0.44733792499999997 0.4782346265625 0.44864498125 0.4874158234375 0.47427214375000004