24 0.1134568203125 0.385955159375 0.07580054375 0.41503209375 0.0492534875 0.464897253125 0.045303851562500004 0.4844656328125 0.0575582453125 0.5129959765625001 0.09196807031250001 0.5525002484375 0.1156293890625 0.5635961593750001 0.1605895421875 0.571827775 0.16388989062499998 0.5659756328125 0.1554408453125 0.5209249687499999 0.1372350515625 0.490382659375 0.14218556875 0.48160445156250004 0.1767488078125 0.4859341203125 0.18391751875 0.494164178125 0.18857946406249998 0.49148207812500005 0.25181755781250004 0.528731971875 0.265298390625 0.531353859375 0.275199428125 0.5137974421875 0.276714440625 0.4817928828125 0.240582296875 0.44673870625 0.2376517953125 0.4128441625 0.22926576875000002 0.39839601406249997 0.18782238906249998 0.37974018125 0.14565757968749998 0.376324615625 0.1134568203125 0.385955159375
24 0.262313134375 0.6902186015625 0.280446784375 0.7222849359375 0.3257676578125 0.722896415625 0.3870131140625 0.7064394187499999 0.422947075 0.6818125796875 0.4546428265625 0.6828502249999999 0.4852655546875 0.6746217265625 0.48404824062499996 0.6684036359375 0.44224414687499997 0.6573679359375 0.3028369 0.6644336875 0.2691302578125 0.6739422421875 0.262313134375 0.6902186015625
24 0.40476865625 0.5548906296875 0.405120246875 0.5793970421875 0.44532806249999995 0.6560878796875 0.43664433750000003 0.679862384375 0.46217225937500006 0.683460146875 0.49114481093749995 0.6781577203125 0.5100811671875001 0.6613332125 0.5029124515625 0.653103153125 0.5042110328125 0.625670671875 0.4960414375 0.6066504421875 0.44714989687499995 0.5537341125 0.4142368328125 0.546478375 0.40476865625 0.5548906296875
24 0.3760125328125 0.555620978125 0.3797457390625 0.540624678125 0.36290154375 0.5132524093749999 0.3432711296875 0.4489375421875 0.2936581546875 0.41126148125000006 0.2426023125 0.4040659546875 0.236073765625 0.4142462046875 0.23506375781250002 0.4355825796875 0.24179960937499997 0.45295679843750003 0.279365496875 0.48965698281250003 0.2989328890625 0.523369328125 0.33484860156249996 0.5629955859375 0.3640914796875 0.61585014375 0.3875363671875 0.6315181375 0.3827483859375 0.5729951953125 0.3760125328125 0.555620978125
24 0.375950375 0.26953010312500003 0.39065764375 0.24624353281250003 0.395184428125 0.2144829390625 0.38622125625 0.21222700625000002 0.323614203125 0.22551396562499998 0.3139295953125 0.2384983 0.3490608546875 0.26276230312500004 0.375950375 0.26953010312500003
24 0.8243337453124999 0.6011165078125 0.7650179125000001 0.6406778765625 0.6697954937499999 0.60848644375 0.604898103125 0.606289165625 0.660173903125 0.6520732953125 0.69581016875 0.6656691140625 0.692437678125 0.673045278125 0.6567201453125 0.6931000375 0.6374230734374999 0.7175446812499999 0.623581525 0.7225429265625001 0.6262956 0.76100955 0.613094215625 0.7844181046875 0.6250691609375 0.78691800625 0.6620761484375 0.7715573124999999 0.8015737906249999 0.6987144390625 0.9597730312499999 0.7312099484375 0.966193146875 0.7034013734375 0.8927926796874999 0.687745184375 0.8421696984375 0.6714055 0.8394464984375001 0.665065421875 0.8553710828125001 0.6479969453125001 0.839031890625 0.6099564875000001 0.8243337453124999 0.6011165078125
24 0.5899113828125 0.60354529375 0.6351601109375 0.6056807984375 0.672672103125 0.5796519171875001 0.701581640625 0.543746965625 0.78140273125 0.5180855953125 0.79130376875 0.5005291828125 0.7242694515625 0.4476730640625 0.71229450625 0.44517316406249996 0.673853775 0.45888784375 0.6377033828124999 0.48808676562500003 0.628595921875 0.48887888593750006 0.6184063109375 0.512531409375 0.5880000140625 0.5161878265625 0.5559344203125 0.5548968609375 0.557791896875 0.5795252578125 0.567611665625 0.59561941875 0.5899113828125 0.60354529375
24 0.740645146875 0.35720733125000004 0.8004568593749999 0.339104325 0.826994784375 0.3213657109375 0.8291499640625 0.307771453125 0.8219091046875 0.301065425 0.772575578125 0.28941980156249997 0.6840798890625 0.306729134375 0.66327693125 0.33105179218749997 0.663917096875 0.349462096875 0.693529815625 0.362569975 0.740645146875 0.35720733125000004
24 0.581634003125 0.45906692812500005 0.6436730328125 0.425845634375 0.7132506234375 0.3611077203125 0.6642778125000001 0.3418419640625 0.62103085 0.3612868 0.5798577953125 0.40078795625 0.49558206250000003 0.45668589375 0.581634003125 0.45906692812500005
24 1 0.3317388296875 0.9920020968750001 0.316373696875 0.9943737015625 0.2982073578125 0.97201096875 0.259678965625 0.9326506234374999 0.22895290156249998 0.8855444171875 0.2021889984375 0.84201800625 0.1956033921875 0.8131175953125 0.19938179375 0.7805561203125 0.2166324703125 0.7462093109375 0.20773071875000002 0.7185983609375 0.21620318749999998 0.695090453125 0.16993267343750001 0.62431380625 0.1641994046875 0.6179295421875 0.1713315984375 0.62617128125 0.1888278015625 0.6082449343749999 0.1843159359375 0.5938262390625 0.20150639531249998 0.538820759375 0.21387925000000002 0.5169447765624999 0.2289357625 0.512850853125 0.25155219687499997 0.5440416015625 0.2632580296875 0.5831946421875001 0.2664296265625 0.657415925 0.26326270625000003 0.6779933234375 0.275638675 0.6843684624999999 0.300633025 0.7127638671875001 0.3075228109375 0.7782384062500001 0.2975278734375 0.89254146875 0.3098467484375 0.9123435421874999 0.2747339171875 0.9199451171874999 0.2738198125 0.9847521140625 0.3417942140625 1 0.3459602125 1 0.3317388296875
24 0.5740324296875 0.45998103125 0.5986316109375001 0.45126459687500003 0.6485514078125 0.41859145625 0.6715095437499999 0.380674540625 0.6725916953125 0.3578141390625 0.666072271875 0.335867840625 0.6458555890625 0.3158717359375 0.6574067984374999 0.29538925312500003 0.641274909375 0.2849032625 0.646730434375 0.2654568671875 0.6560543234375 0.260092665625 0.644007234375 0.259116790625 0.6104448796875 0.26557729218750004 0.52460936875 0.2586241796875 0.480433665625 0.265754815625 0.3941652953125 0.2679458640625 0.393011 0.29233029374999997 0.411081634375 0.29379410781250004 0.42105481562499997 0.2747136625 0.4419838109375 0.311596046875 0.44484216718749997 0.34701461562499997 0.44928768437500005 0.3489045984375 0.455473765625 0.2820913875 0.4604242875 0.273313178125 0.4679537171875 0.27392310000000003 0.47755705624999994 0.29458934375 0.48637594218749997 0.29989332968750004 0.50099281875 0.3423838828125 0.48247107343750006 0.41431732343750005 0.50448221875 0.42833930468750003 0.5274312265625001 0.4225489390625 0.5448616953125 0.40560244687499997 0.5523911234375001 0.4062123671875 0.5486579203125 0.42120867031250003 0.5082784421875 0.44394552656249997 0.4970879484375 0.45680787812499996 0.5740324296875 0.45998103125
24 0.2936855328125 0.3148818375 0.2366061453125 0.30719837499999997 0.21078965156249999 0.30969671875000004 0.124674690625 0.27671316562500003 0.10330371093749999 0.2811014890625 0.09691944999999999 0.288233684375 0.0977669203125 0.334198459375 0.044267328125 0.346693296875 0.04347375 0.36345759218749996 0.11432254374999999 0.3676668359375 0.17463926093749998 0.33889563906250003 0.2553890875 0.3255484671875 0.3003492421875 0.33378008124999997 0.2995647890625 0.3184178296875 0.2936855328125 0.3148818375
24 0.4718038328125 0.3522583921875 0.44871053749999995 0.3610968125 0.4417673796875 0.31616812968749997 0.4209826703125 0.2762376921875 0.4076370015625 0.3026942984375 0.2681128453125 0.2164284609375 0.24422597031249998 0.24203117343749997 0.2540457390625 0.2581253359375 0.2472286171875 0.2744016921875 0.22141212187499998 0.276900034375 0.2119439453125 0.28531229062499996 0.2115110859375 0.2944564515625 0.22334174375 0.30000440781250004 0.2418361140625 0.3244506078125 0.2492121296875 0.36023513125 0.2869944453125 0.3923632375 0.321332128125 0.433391534375 0.33610241875 0.440707484375 0.34599433125 0.45527761875 0.38571539062500004 0.47838354843750003 0.4100890171875 0.5063657390625 0.44472439843749995 0.50917138125 0.46694285 0.55074783125 0.47289424999999996 0.5527597953125001 0.46100969999999997 0.48448277187500005 0.5082784421875 0.44394552656249997 0.49056852500000003 0.43486157968750005 0.482326784375 0.4173653796875 0.492814096875 0.3554902015625 0.48040629218750003 0.3621344578125 0.4718038328125 0.3522583921875
24 0.1473881609375 0.595236325 0.0933205453125 0.58779683125 0.097901221875 0.61876530625 0.11295095468750001 0.6521116984375 0.108920053125 0.7053306515625 0.11328429843750001 0.7408712046875 0.1103872609375 0.7498157578125 0.17358884531250002 0.754935409375 0.17315902656249998 0.7533707187500001 0.185359528125 0.7191719953125 0.21125729375 0.6830230765625 0.22323223906249998 0.6855229781250001 0.2292466578125 0.718137465625 0.23663180156250002 0.7217954390625 0.272069884375 0.6757102390624999 0.28770589375 0.66473786875 0.338004659375 0.5601915 0.28094352499999997 0.4882549421875 0.2757765765625 0.50160523125 0.2797170875 0.5141633953125 0.266804278125 0.5314758421875 0.2592748453125 0.5308659203125 0.19632532656249999 0.48751991875 0.1484976875 0.47599627968749997 0.1357291640625 0.49026067500000003 0.1539349609375 0.52080298125 0.163673459375 0.570547715625 0.183529428125 0.598163953125 0.1615091578125 0.61626851875 0.1473881609375 0.595236325
24 1 0.3656375921875 0.9620916796874999 0.3414884734375 0.96152365625 0.3215541421875 0.94596891875 0.2988759359375 0.9134887140625001 0.2824760359375 0.8923250375 0.3144188296875 0.869231740625 0.32325725 0.8518734171875 0.338679715625 0.838248296875 0.33910588124999996 0.8241994453125001 0.3165496609375 0.8181758984374999 0.316061725 0.7929995703125 0.33697037500000004 0.7344773140624999 0.359767446875 0.73482890625 0.384273859375 0.749238478125 0.399209946875 0.75310684375 0.413292140625 0.7281469484375 0.4296287109375 0.725703196875 0.449319078125 0.785063796875 0.5046133234375 0.772150984375 0.5219257703125 0.7437555796875001 0.5150359843750001 0.707821615625 0.539662825 0.6678658734375 0.585382071875 0.6667837203125 0.6082424750000001 0.732393421875 0.6273260328125 0.753484953125 0.5969072671875 0.7625202671875 0.597639171875 0.7725564687500001 0.6091612515625 0.7906271031250001 0.6106250640625001 0.8277062328125 0.5937403437500001 0.8404656312500001 0.6116024984374999 0.8620347921875 0.6668951890625 0.8692035046875001 0.6751252453125 0.8827564796875 0.6762231078125 0.8892128859374999 0.6675668828125 0.88427149375 0.64421854375 0.9041365859375 0.6397082328125 0.90966425 0.6187378109375 0.944299634375 0.6215434546874999 0.9719827328124999 0.611546959375 0.992230640625 0.5906205953125 1 0.5569678031249999 1 0.3656375921875
24 0.916607409375 0.6636664953125 0.9721398421874999 0.67764340625 0.992412240625 0.5898340015625 0.9867621453125001 0.5867363640625001 0.967465075 0.61118100625 0.95204549375 0.617581296875 0.9082305109375 0.6170918000000001 0.911016728125 0.654034396875 0.916607409375 0.6636664953125