15 0.38293993125000003 0.331523715625 0.3683264125 0.313834159375 0.36197264218749997 0.31031576250000004 0.356451759375 0.3098393734375 0.3422702921875 0.31956805 0.33610317031250003 0.330266728125 0.3252428578125 0.33489860781249997 0.3218042 0.3420272359375 0.3216625265625 0.353199434375 0.32582697656250004 0.3684094671875 0.332778640625 0.37903353125 0.34142025625 0.38660124218749997 0.3390840625 0.40083266562500003 0.3424743703125 0.4119847765625 0.3472556859375 0.4165276984375 0.35806245 0.4215441421875 0.3733861578125 0.43567512812500003 0.4016524046875 0.45277924062499997 0.4106810921875 0.46237591250000004 0.44078416249999997 0.4738838875 0.4612123078125 0.4869702578125 0.46578280000000005 0.4864364734375 0.48041008906249993 0.47772083906249996 0.48455893593750005 0.4670336421875 0.49158832343750003 0.4588690140625 0.5095263671875 0.42779176406249997 0.516045984375 0.41099759531249996 0.5158939124999999 0.404904971875 0.43768914375 0.36167976875 0.43249138125000003 0.3556158453125 0.4240899625 0.35261688125 0.41832888593749995 0.34757174062499996 0.39285505625 0.33451406875 0.38293993125000003 0.331523715625
15 0.4457123515625 0.4758870203125 0.40679141406249997 0.45985908281250004 0.37645334531249997 0.45241476875000003 0.35983195625 0.45200151406250005 0.33902714375 0.45415100312499995 0.323959234375 0.4704859984375 0.31885999531250003 0.48016302343749995 0.31151789218750003 0.51118000625 0.31358114531250003 0.5365578 0.31973449375 0.5522643140625 0.3325353578125 0.5664096453125 0.351831665625 0.5729011765625 0.3638877640625 0.582480628125 0.3973707421875 0.5878758921875 0.4375358140625 0.5998344265625 0.45009128125000003 0.600778603125 0.4604764015625 0.5956416296875 0.4773223875 0.5747264046875 0.4947800390625 0.534511659375 0.4997703484375 0.49182886562499994 0.4971248046875 0.48524263593750006 0.48732717656249996 0.480220453125 0.46800669531250005 0.48286929062499995 0.455926421875 0.48243020625 0.4457123515625 0.4758870203125
15 0.6908632765625 0.3099685828125 0.7007419968749999 0.252532059375 0.6970285703125 0.24696748125 0.69008210625 0.24497582968749998 0.6044920859375 0.25968075625 0.5696820484375 0.268511175 0.5551722546875 0.2751949765625 0.5519737984375 0.28689235156250004 0.549730928125 0.3082323125 0.5386753953125 0.33368471875 0.5368731453125 0.347405315625 0.539166190625 0.3600870421875 0.549356090625 0.3757705953125 0.568686971875 0.390386578125 0.5934454109375 0.3983704140625 0.6365445656250001 0.40320319531250004 0.646694690625 0.4021298875 0.6591274578124999 0.3964734765625 0.678574009375 0.356755209375 0.687469596875 0.34248648125000003 0.6899578640625 0.3343476796875 0.6908632765625 0.3099685828125
15 0.21298013437500002 0.5142793875 0.22299195625 0.48070826875000006 0.24845355468750002 0.4241987015625 0.2465234046875 0.42268630468749996 0.2229659515625 0.437546215625 0.199520796875 0.4417418859375 0.19017419062500002 0.44636515781249997 0.18213566875 0.454535525 0.1761793703125 0.47031090937500003 0.1658582 0.4830643765625 0.168650615625 0.48711081875 0.18224979531250002 0.4961737046875 0.1947275375 0.515906571875 0.20426079531250002 0.525500371875 0.2067542625 0.52599398125 0.21298013437500002 0.5142793875
15 0.3713195359375 0.45396734062500005 0.3384913703125 0.402359409375 0.33418525 0.39832157343749997 0.32664609375000003 0.3978566625 0.2419685125 0.449117325 0.2172171046875 0.5020683171875 0.21627191875000001 0.5096905515625 0.21200037031250002 0.51377716875 0.21016354375000001 0.5193733140625 0.21084956093749999 0.5249551078125 0.2166987625 0.5284763781249999 0.216551890625 0.531016165625 0.2118345265625 0.5340897375 0.21828161875 0.5447166734375 0.22882401093750002 0.5543047328124999 0.2323318203125 0.563425015625 0.24106156093750003 0.5694688515624999 0.2623571671875 0.5937216828125 0.267173059375 0.6063890578125 0.2973780265625 0.5899679703125 0.315267725 0.57717145625 0.3271371765625 0.5725338328125 0.3345536328125 0.566398165625 0.321395071875 0.549715915625 0.31476653125 0.533504315625 0.3152209203125 0.49947976250000004 0.31714587031249997 0.4923597453125 0.3292105421875 0.4669015984375 0.3373371890625 0.4572073578125 0.34612047968750004 0.4536028671875 0.3713195359375 0.45396734062500005
15 0.5374070875 0.3468944890625 0.5430056890625 0.3285821875 0.5421140515625 0.3265560953125 0.5325272453125 0.32661061875 0.5182870265624999 0.3373552125 0.506839221875 0.3521462515625 0.4921048375 0.3801585328125 0.4919337890625 0.391838690625 0.5055917171875 0.3998856609375 0.513042746875 0.40187444375 0.51530121875 0.40643171406249995 0.5137339671875 0.4160886515625 0.5149833 0.420651659375 0.5338683625 0.4342545984375 0.5719857828125 0.446732571875 0.612895621875 0.463256990625 0.6234034390625001 0.464720596875 0.632656721875 0.4529887859375 0.6493800078125 0.4254729796875 0.660435540625 0.400020571875 0.660400965625 0.3918961203125 0.6574616765625 0.3903894671875 0.6496581531250001 0.394496171875 0.6363631187500001 0.39761853125 0.6162097484375 0.3972253625 0.59673719375 0.393781578125 0.572542071875 0.384778953125 0.5525303734375 0.3732135875 0.5396707609375 0.36008417187499997 0.5374070875 0.3468944890625
15 0.5569503359375 0.2706147484375 0.5446938140625 0.273223409375 0.5428224125 0.2706951015625 0.5392904328125 0.27071518906250003 0.5089627640625001 0.2805356984375 0.46847977343749997 0.28279710625 0.4156227640625 0.28969900625 0.4152167203125 0.305442821875 0.42583346562499996 0.3399122 0.4260442875 0.344988909375 0.4237616421875 0.34957200781250003 0.4250991 0.35261114375 0.45081312812499996 0.370237565625 0.46690057500000004 0.3711616515625 0.49221193124999996 0.36086188125 0.49906507031249997 0.355744996875 0.5051786421875 0.35469464687499996 0.513809859375 0.3449975375 0.52787383125 0.3373006890625 0.5327086953125 0.332195284375 0.5424129984375 0.330108928125 0.5550997359375 0.3026160828125 0.5599829484375001 0.279229940625 0.5569503359375 0.2706147484375
15 0.7606583421875001 0.533507278125 0.753549403125 0.5081581796875 0.744168221875 0.5046570015625 0.7134189078125 0.5043240953125 0.7027642171874999 0.5054002750000001 0.6847811953125 0.51108825 0.6722603031250001 0.5182685296875 0.6684933265625 0.5223522765624999 0.640391384375 0.5809080265625 0.6383195609375 0.590567828125 0.64066615625 0.5936012265625 0.6394324250000001 0.61493545 0.6425152125 0.6575723250000001 0.64247726875 0.6931178828125 0.645686128125 0.6986853296875 0.681838825 0.70152645625 0.6976860734375 0.6978817921875 0.7440770125 0.6981257359375 0.7688146484375 0.6715799312499999 0.8058969312500001 0.6409015890624999 0.80678336875 0.6342952703125 0.8035589078125 0.6028305921875 0.79758180625 0.5840763375 0.7664539953125 0.54667686875 0.7606583421875001 0.533507278125
15 0.2510167484375 0.7374909203125 0.2777347125 0.7464791921875 0.28800753437500004 0.7520064625 0.3135453140625 0.77268063125 0.3379218828125 0.78726791875 0.36959852656250003 0.8165396125 0.40824533125 0.8163198109375 0.40893478906249997 0.815300309375 0.41463192031249996 0.8127289531249999 0.43100271093750003 0.791308640625 0.44620709375 0.7551690328125 0.4519801140625 0.6815065625 0.448320234375 0.6662936625 0.4501224828125 0.6525730656250001 0.4491081484375 0.6439463921875 0.44399331093749994 0.6277261859375 0.4418471359375 0.6125046734375 0.4367962484375 0.6039009609375 0.4276794375 0.5958281609375 0.41239030468750004 0.5898216328125 0.3576808671875 0.5764224421875 0.31886885781249996 0.593400275 0.30922850468749996 0.6031031265625 0.28743535625 0.63978799375 0.2891011375 0.645872009375 0.2868530671875 0.658579559375 0.2539991828125 0.7120844265625 0.247185821875 0.7339581749999999 0.2510167484375 0.7374909203125
15 0.650748671875 0.4803065796875 0.5951717671875 0.45574093125 0.5571424687500001 0.44173908749999996 0.533692115625 0.43730234531249995 0.52841143125 0.44139470156250005 0.50783824375 0.48315054062499996 0.4978212203125 0.5080892515625 0.488612915625 0.5452103359375 0.47806195 0.570659875 0.46848555000000003 0.5879792203124999 0.45142873906250003 0.6038177390625 0.44668720000000006 0.6160316796875 0.4517674625 0.624127434375 0.4604384546875 0.6311871890625 0.5123071265625 0.6588206671875 0.5492391640625 0.674352128125 0.57417385 0.6792882203125 0.5912998093749999 0.6796986078125 0.5983585687499999 0.671026021875 0.6062104453125 0.648638578125 0.613416078125 0.6374261999999999 0.62008256875 0.6180922437499999 0.6361837875 0.5926111406250001 0.642703403125 0.5758169718749999 0.680293625 0.50146575 0.680024053125 0.497404959375 0.650748671875 0.4803065796875
15 0.3567011046875 0.5759202250000001 0.3658662625 0.5657122859375 0.36654708125 0.562661671875 0.36503337343750003 0.5626702796874999 0.349186121875 0.56631494375 0.32962544375 0.5643950328125 0.30609736718749997 0.578746984375 0.2755105296875 0.6017715234375001 0.266697865625 0.6058839671875 0.26861424375 0.633801553125 0.280768865625 0.6591219546875 0.2832917109375 0.6591076046875 0.28827345000000004 0.6514624109375 0.3125842375 0.6061307828125 0.3344171625 0.5862027765625 0.3567011046875 0.5759202250000001
15 0.7350587265625 0.7057938859374999 0.7343139625 0.70122800625 0.730424284375 0.698711175 0.6987833328125 0.6963521781249999 0.6895836 0.698435665625 0.641115634375 0.6992191140624999 0.6236371796875 0.7049042203125 0.6182977484375 0.7100124921875001 0.6095144593749999 0.7136169828125001 0.580265078125 0.739680659375 0.575283340625 0.74732585 0.555052246875 0.765721375 0.5485274312499999 0.7738831328125 0.5471951734375 0.7794764062499999 0.55058028125 0.78199610625 0.5581488109375 0.7819530625 0.5674366703125 0.7783457015625 0.5780913578125 0.7772695234375 0.663392834375 0.7762765828125 0.6755906046875 0.7746838390625 0.6838693265625 0.7710822171875 0.6987022390625001 0.758810884375 0.708430715625 0.747584159375 0.7221317921875 0.7287179828125 0.7258935671875 0.7160018234375001 0.7311448781250001 0.7124174234375 0.7350587265625 0.7057938859374999
15 0.45298588124999994 0.7251708328124999 0.44515297968749995 0.7297854984375001 0.4424694921875 0.758744825 0.417712878125 0.8030634078125001 0.41569980624999997 0.8117072999999999 0.4184628453125 0.8162616984375 0.4862609390625 0.8158760984375 0.5097206203125 0.7994933765625001 0.52277545625 0.7918022671875 0.5356540437499999 0.7871589078125 0.5462154109374999 0.7789741875 0.5498544875 0.7596574484375 0.547091446875 0.7551030484375 0.5314204453125 0.75569996875 0.5231365234375 0.750669175 0.4935086453125 0.739666290625 0.474535459375 0.727587225 0.45298588124999994 0.7251708328124999
15 0.54095524375 0.6693213359375 0.49965833593750003 0.6507679578125 0.464475003125 0.6311642296875 0.4579449859375 0.630693578125 0.45319824375 0.634275109375 0.4509155984375 0.63885820625 0.44885417656250004 0.6657828343750001 0.45162241718749996 0.6789696453125 0.44754792187500003 0.714538159375 0.449125578125 0.7221460453125 0.4574388734375 0.7266688796875 0.483353321875 0.7321071906250001 0.5111339734375 0.731441396875 0.5265647796875 0.7262757296875 0.53623450625 0.7160649203125 0.5463154765625 0.6987427046875 0.5489506203125 0.688064115625 0.5485583484375 0.67740274375 0.54095524375 0.6693213359375
15 0.6437991234375 0.6702597875 0.6408044578125 0.6260990375000001 0.6368162546875 0.607841259375 0.63132475 0.6068569109374999 0.6242020421875 0.6079130046875 0.6106876140625 0.640996253125 0.6019976484375 0.6517092796874999 0.593718928125 0.6553108984375 0.5958357265625 0.6710403687500001 0.5916868796875 0.6817275671874999 0.5794009828125 0.6848441859375 0.573997603125 0.6823359671875 0.548710421875 0.6834953671874999 0.541867684375 0.70587706875 0.5431515953125 0.718564534375 0.5536594125 0.7200281421875 0.5624133265625 0.7169316109375 0.5720295046875 0.716369128125 0.5830125171875 0.7183378265625 0.58775925625 0.7147562953125 0.6122429234375 0.7100469281249999 0.620163946875 0.7039083921875 0.6423891421875 0.69464175625 0.6437991234375 0.6702597875
15 0.7007422859375 0.40080690937499996 0.6864864625 0.385654271875 0.6734506 0.375572603125 0.6699186203124999 0.3755926921875 0.6609003375 0.383260840625 0.644211621875 0.4189010984375 0.6288205921875 0.4408236296875 0.6235796859375 0.4616728515625 0.628214128125 0.4687555609375 0.690948315625 0.500389571875 0.712497896875 0.5028059593750001 0.7439573984375001 0.4995802921875 0.7466564890625 0.49651819843749995 0.747484178125 0.49092779374999995 0.7457440484375 0.459962465625 0.74092295625 0.43866268125 0.7367930828125 0.4315770984375 0.7007422859375 0.40080690937499996