15 0.5154687296875 0.7715900234374999 0.4860556921875 0.7937763765625 0.4714437203125 0.8102861406249999 0.47279786718750005 0.8102625031249999 0.474024109375 0.8126115781250001 0.46690169218750005 0.8604841109375 0.47545203281250004 0.8847169296875 0.50690468125 0.901777190625 0.5490014109375 0.9078151859375 0.5854451859375 0.9004062609375 0.6171883296875 0.8565062890625 0.6404284062500001 0.7910817921875 0.6562763406250001 0.7677776578125 0.659700590625 0.7311447890625 0.6389629296875 0.7071246999999999 0.6172020375 0.702086303125 0.612092728125 0.7197847546875 0.5919696234375 0.730972478125 0.5731533890625 0.739428271875 0.5449054062500001 0.750757815625 0.5342140515625 0.7590717890625001 0.5154687296875 0.7715900234374999
2 0.11650248125 0.41959581874999996 0.1314385140625 0.4992541015625 0.14347715781249998 0.568126484375 0.1720324234375 0.5744008453125 0.18307832500000001 0.5863990718750001 0.17341020625 0.57573135625 0.21410551406249997 0.5790846953125001 0.2477937234375 0.56901475 0.280340515625 0.5711557609375 0.28827630000000004 0.56018076875 0.3287116046875 0.5486384953125001 0.374539859375 0.5356475281249999 0.40540159062500003 0.5188541234375 0.4226982203125 0.500942940625 0.43992393906249994 0.4789693171875 0.46247169843749997 0.451484559375 0.42472104843749997 0.46162541562500004 0.399063171875 0.4661369515625 0.38523806562499996 0.450123559375 0.373932159375 0.423229721875 0.37334124062499996 0.38937605625 0.3685460640625 0.34746842031249997 0.37313536406250003 0.29997874375 0.367529684375 0.2892401171875 0.33567521093749997 0.2491593625 0.3093082328125 0.2130465015625 0.29035018125 0.2133774140625 0.26877838125000003 0.21917218906249997 0.2350429 0.226533840625 0.2120933171875 0.230998103125 0.22311558437499998 0.24164218437499999 0.1933007234375 0.24080804531250002 0.1611084796875 0.25897923125 0.1555737109375 0.25230304531250003 0.1422686125 0.2660808796875 0.08857548125 0.2941092796875 0.1031333265625 0.3521012171875 0.11650248125 0.41959581874999996
4 0.22746781562499999 0.7237892890625 0.25450347500000003 0.7206082609375 0.28275146093750003 0.7092787171875 0.351151109375 0.6701571390625001 0.353859403125 0.670109865625 0.3625347796875 0.623903425 0.38325565781250004 0.5693593703125 0.40939312031249997 0.5147207734375 0.36368305156249997 0.534482475 0.32061036249999997 0.5501344625 0.276183528125 0.5658100859374999 0.23152032656250002 0.56794424375 0.1937933140625 0.5794392453125 0.15849095625 0.5746372125 0.15205113750000002 0.59371345 0.13218803437499999 0.6197967859375 0.1134427125 0.632315021875 0.0867852421875 0.65716239375 0.08471514062499999 0.693771625 0.101413996875 0.7192167703125001 0.11930154374999999 0.735159253125 0.15324975624999998 0.7399849203125 0.1787185375 0.7246402109375001 0.19629880625 0.7229787890625 0.22746781562499999 0.7237892890625
0 0.2450717203125 0.7234820125 0.22889287343750003 0.7278280921875 0.230388840625 0.735929334375 0.24461577031249998 0.77496321875 0.2560398609375 0.808627790625 0.274281959375 0.8448824734375 0.2940505125 0.81338255 0.3363904640625 0.7557520171875 0.33587045625 0.7259607921875 0.340388846875 0.674408675 0.3056064953125 0.6993978671875001 0.27334334375 0.7135066140624999 0.2450717203125 0.7234820125
0 0.6640939453125 0.75003193125 0.6578195828125 0.77858719375 0.6301861515625 0.82512455 0.6132677109375 0.8647020796874999 0.5950785062499999 0.9040292750000001 0.5991048359375 0.9069406265625 0.59519285625 0.9070089109374999 0.607796996875 0.9392983265625 0.620504325 0.9688768218750001 0.6366358984375 0.9618224484375 0.6708509703125001 0.9043337359375 0.70782160625 0.8495060421874999 0.74189485625 0.78389245 0.7522080203125 0.75391213125 0.74902699375 0.726876471875 0.771149290625 0.6750170765625 0.7903269265625 0.6096634875 0.7986713921875 0.54449899375 0.8058744390625 0.4915454546875 0.8091568671875 0.44678770781250005 0.8194936687500001 0.4181615328125 0.7924816453125 0.422696709375 0.7628322421875 0.43134159531250005 0.7345606203124999 0.44131699375 0.7048639421875 0.4472535875 0.7011560515624999 0.467636696875 0.711225996875 0.50132490625 0.7239805968749999 0.53361169375 0.7215795796875 0.5512628734375 0.7422226937499999 0.5698663749999999 0.748230196875 0.60362549375 0.7214309078125 0.6203479890625 0.6998118343749999 0.6234344671875001 0.6921360515625 0.6493050734375 0.685885328125 0.6792144828125 0.657660978125 0.6918981750000001 0.6347823078125 0.700424878125 0.65958240625 0.7243740562500001 0.6640939453125 0.75003193125
3 0.589771409375 0.6050368421875 0.5319449265625 0.6290737140625 0.5116800015625 0.632136559375 0.49431246250000005 0.6459853 0.49150962343750004 0.6406159875 0.485707996875 0.6962541843750001 0.47380431562499997 0.712716671875 0.467435409375 0.73585535 0.4558390046875 0.7699217468749999 0.4456912984375 0.8093810906250001 0.4674285546875 0.8130653421874999 0.4941333 0.7909262625 0.5113353796875 0.76759849375 0.5516761390625 0.75063963125 0.5919696234375 0.730972478125 0.6133050546875001 0.7116362374999999 0.6429544609375 0.70299135 0.6683996046875 0.68629249375 0.68042146875 0.6766007359375 0.6921596890624999 0.6506592203125 0.6984104140625 0.6207498124999999 0.707913078125 0.6219385015625 0.7280361828124999 0.6107507765625 0.7576619515624999 0.60075174375 0.74093945625 0.573952453125 0.7298226453125001 0.5578917859375 0.7147143 0.5459644703125 0.67434990625 0.5615691843749999 0.6705001968750001 0.5738274156250001 0.6624935 0.5807399671875 0.6502352703125001 0.576890259375 0.639473009375 0.5811417921875 0.589771409375 0.6050368421875
0 0.4282367671875 0.1974250046875 0.411129234375 0.2261693609375 0.392643915625 0.2535832078125 0.3728517234375 0.2837289828125 0.37558365312499997 0.28503585781249996 0.372898996875 0.286437278125 0.40140698593749996 0.2900033453125 0.43390650468749997 0.2894360640625 0.47186988437500005 0.2914825296875 0.5178635953125 0.2879705875 0.577398775 0.284222278125 0.6261716875000001 0.284725503125 0.6721417609375 0.279859415625 0.6780074468749999 0.3054936546875 0.681472115625 0.348779071875 0.6820630328124999 0.3826327375 0.6773791859375 0.42470583125 0.7205936921875 0.41717872187499994 0.7555651375 0.4030227015625 0.795882259375 0.3847096921875 0.8266258078125001 0.36114555625 0.8167685921875 0.3396446671875 0.813587565625 0.3126090078125 0.7995497281249999 0.284408296875 0.7933531312500001 0.23981600625000002 0.7795989343749999 0.22786505156249998 0.7412337296875 0.20279809375000002 0.7163863562499999 0.1761406234375 0.6850755281249999 0.1672052421875 0.6415064671875 0.15442015 0.6413173734375001 0.1435869796875 0.6262326703125 0.1330138078125 0.5853482671875 0.11882729843749999 0.5458180109375 0.10461715 0.5361262531250001 0.0925952890625 0.5173336578125001 0.10240522656249999 0.4852832375 0.12870129375 0.4612867859375 0.1507931015625 0.4282367671875 0.1974250046875
0 0.3585668875 0.6293909203125 0.341979359375 0.6879265015625 0.3342563046875 0.7110888156249999 0.3333985296875 0.73954953125 0.338883425 0.7570630609375 0.3391223921875 0.757058890625 0.3404765390625 0.757035253125 0.34190159531250003 0.76107405625 0.35724630625 0.7865428375 0.3659384671875 0.8189005375 0.3932814046875 0.8333234140625001 0.43155205937499996 0.8529737859375001 0.44685635156250003 0.79852428125 0.46349115156250004 0.74269699375 0.4749930046875 0.7032140109375 0.48295242812500006 0.6935931625 0.4942651890625 0.6432770078125001 0.4987126703125 0.5876624500000001 0.49655487656249997 0.5416451015625 0.5024746875 0.49277764062499996 0.4841616796875 0.45246052031249995 0.4597634046875 0.4515318328125 0.43467281093750004 0.48854289062499995 0.4054252265625 0.5202082703124999 0.38479889843750004 0.580168909375 0.3585668875 0.6293909203125
0 0.400123046875 0.8372676718750001 0.3685758515625 0.8147908234375001 0.357340853125 0.7919594265625001 0.3364377375 0.7584603109375 0.3364141 0.7571061640625001 0.32192031249999997 0.780386659375 0.30063215312499997 0.80243119375 0.28224138125 0.835261625 0.2464357984375 0.879232509375 0.2105356671875 0.91778680625 0.22811593593750001 0.9161253828125 0.248593590625 0.9252498578124999 0.27693612500000003 0.9193369 0.2990042953125 0.9419792062499999 0.3258035875 0.9252567109375001 0.3431238515625 0.9086996734375001 0.36576615625 0.886631503125 0.37914216562499997 0.8769161109375 0.400123046875 0.8372676718750001
2 0.49672033281249994 0.5511241296875 0.5001377265625 0.591701253125 0.5028460203125 0.5916539796875 0.5211117546875 0.6292628078125 0.556177746875 0.6205233734375 0.593786575 0.602257640625 0.6407798828125 0.5784098609375 0.6770345625 0.5601677640625 0.710722771875 0.550097821875 0.72576020625 0.5579626953125 0.7308931515625 0.5416183890624999 0.71958724375 0.5147245515625001 0.695526734375 0.455543925 0.6979986609375 0.441955184375 0.6774737328125 0.4301224171875 0.6516976734375 0.4278632203125 0.6192927 0.43384708749999995 0.5923988625 0.4451529953125 0.5561678171875 0.4647492390625 0.526612959375 0.4788107140625 0.5078676375 0.49132894687500006 0.49762538125000005 0.5253717078125 0.49672033281249994 0.5511241296875
2 0.3895132375 0.46223997031249997 0.39899226250000003 0.4620745125 0.3989686265625 0.460720365625 0.4773200359375 0.4485162625 0.5462633296875 0.44054005781249994 0.621882809375 0.42702908125 0.6719625984375 0.42480037812500004 0.6793783765625 0.3840341578125 0.6759609828124999 0.3434570328125 0.676535115625 0.29874655781250004 0.666654265625 0.27589152031249997 0.615314878125 0.28356045 0.5489853296875 0.286072796875 0.4961972484375 0.288348775 0.45690336093750006 0.28768009375000003 0.412240159375 0.2898142515625 0.3918097765625 0.28339806875 0.3665300890625 0.309575953125 0.3689006140625 0.3677806203125 0.3738848859375 0.420521428125 0.3895132375 0.46223997031249997