5 0.767448928125 0.1466215984375 0.709768703125 0.2862483171875 0.7088158046874999 0.3017098609375 0.7118296703125 0.30871659687499997 0.7371983375 0.3189492390625 0.76826431875 0.323143340625 0.7746291515625 0.3282985953125 0.7861144484375 0.3266098875 0.7990321390624999 0.3287869140625 0.804133134375 0.325647321875 0.8185872640625 0.28425799375 0.8694681937500001 0.1668560984375 0.8720609781249999 0.1434224375 0.8683084031250001 0.111129153125 0.869002084375 0.0897083421875 0.876585725 0.0564510859375 0.885476140625 0.0318148734375 0.8563852359374999 0.0292697484375 0.8356871109374999 0.07117944375 0.8226720625 0.087524275 0.8150951125000001 0.09187129375 0.8123015265625 0.09823256875 0.7972772328125 0.10990624375 0.767448928125 0.1466215984375
5 0.8200452171875 0.33853546093750003 0.8774650171875 0.3590021546875 0.900843909375 0.3608592671875 0.907844009375 0.355706828125 0.9090366546875 0.349908925 0.905575546875 0.3450764 0.9072154359375 0.3371042859375 0.966924375 0.198444353125 0.9713967921875 0.1767022203125 0.9678194625 0.1110695859375 0.9727391234375 0.0871532390625 0.98274030625 0.06380166875 0.9855728375 0.0500316515625 0.9825589734375001 0.0430249140625 0.9755978187500001 0.040768609375 0.967314409375 0.041330575 0.9538910625 0.0524408734375 0.9454908218750001 0.07522907031250001 0.9236477656250001 0.1128319390625 0.907281746875 0.1310282515625 0.8927047 0.1405277109375 0.8757618296875 0.157918603125 0.8503603109375 0.20921080625 0.81121111875 0.3056773953125 0.808527665625 0.31872267656250003 0.8200452171875 0.33853546093750003
5 0.669807190625 0.6754409703124999 0.698118528125 0.6785876015625 0.725742875 0.6742448046875 0.760983115625 0.6581462453125 0.7706277234375001 0.64735726875 0.772138003125 0.63640551875 0.76973993125 0.62279545625 0.74659469375 0.57648588125 0.7355633296875 0.547090140625 0.7078032859375 0.49433720000000003 0.6899014296875 0.47307353281250003 0.6443040328125 0.442059909375 0.6303105296875 0.423454553125 0.6247300421875 0.4072668640625 0.6140290875 0.397923140625 0.600644684375 0.4016246953125 0.59332695625 0.4119309859375 0.604228709375 0.4383470921875 0.6083378625 0.4580777859375 0.6049150953125 0.5288628578125001 0.6139177453125 0.5572918140625001 0.65903504375 0.652004496875 0.66344235625 0.6702857156250001 0.669807190625 0.6754409703124999
5 0.548920996875 0.541172140625 0.554929253125 0.5588899859375001 0.5640682046875 0.5613883390625001 0.580972128125 0.5514061906250001 0.5920880703125 0.53707420625 0.596968790625 0.5205666046874999 0.596917065625 0.5027694828125 0.589158784375 0.48633974531249996 0.5869487390625 0.46459620468749996 0.5710110953124999 0.401296334375 0.556142578125 0.38333503125 0.5315193125000001 0.3694786984375 0.5251934234375 0.3569147015625 0.5229444375 0.3425799 0.5158536687499999 0.3373439640625 0.5053924640624999 0.3376638828125 0.4982432859375 0.3435410578125 0.4987745 0.38066545937499996 0.4851826015625 0.39620486875 0.47750829375 0.4190737484375 0.48379524218750003 0.43904649375 0.483140503125 0.45305855937499995 0.49107342656249997 0.5191752890625 0.49966777812499996 0.5423697140625 0.5064603812499999 0.549055128125 0.514166940625 0.54768774375 0.5235328578125 0.5346438703125 0.532412590625 0.5311829546875 0.5419987828124999 0.5315070921875 0.548920996875 0.541172140625
5 0.5855656546875 0.8106329484374999 0.570839525 0.82085714375 0.5194535421875 0.8685200296875 0.5150590078125 0.8754446781249999 0.5126153062500001 0.8981535953125 0.5407513984375 0.934639575 0.5484384859375 0.9369765624999999 0.5640201546875 0.9298126796874999 0.6355119515625 0.871040903125 0.6610948046875 0.84052545625 0.6744859 0.8079136640625 0.691558375 0.79350240625 0.7453296484374999 0.734243715625 0.7477149375 0.722647909375 0.7373121484375 0.7118547109375 0.722197190625 0.7131400046875 0.716908175 0.72441308125 0.702758896875 0.7354426968750001 0.68120121875 0.7463902234375 0.6470757375 0.7715083671875 0.6128790609375 0.7825337625000001 0.5855656546875 0.8106329484374999
5 0.611306790625 0.782534775 0.6197733859375 0.7799515687499999 0.6354902390625 0.7764120515624999 0.6499057421875001 0.77062643125 0.650646396875 0.761310803125 0.6499073171874999 0.74918755625 0.6510071296875 0.726696021875 0.653952228125 0.7138075046875 0.6555628640625 0.7031201390625 0.6573267281249999 0.695974046875 0.659622146875 0.68624386875 0.6626342921874999 0.6716006812499999 0.662260759375 0.6662728296875 0.6577943859375 0.65226689375 0.639612846875 0.61206701875 0.62903475 0.5885432296875 0.624413159375 0.5945186437500001 0.6241019046875 0.5988893281250001 0.6245424625 0.60246251875 0.6247978703125 0.6083646140625001 0.6251793859375 0.61222493125 0.62651706875 0.620009425 0.6273391609375001 0.627442934375 0.62854275 0.6387367609375 0.629864484375 0.6494563375 0.6315266109375 0.6699510640625 0.633202690625 0.6789479140625 0.6348276921875 0.6867643546875 0.6342211328125 0.6925706468749999 0.6299894296875 0.6988550859375 0.627895128125 0.703321278125 0.6281585203125 0.7077558359375 0.6298585328125 0.712350065625 0.633030340625 0.721219475 0.636701765625 0.73337495 0.6387481875 0.7377139875000001 0.6416486124999999 0.7436164015625 0.6394952515625 0.7483697046875 0.6357360421875 0.7523571718750001 0.630134746875 0.7567272671875 0.624533446875 0.761097384375 0.62008943125 0.764127675 0.608843721875 0.7702199203125 0.6023884125000001 0.7730266921875 0.5947247296875 0.77599281875 0.5858606703125 0.7776508062499999 0.5794133265625 0.7789900140625 0.5799129625 0.782276103125 0.5807941203125 0.7894224734375 0.5856036828125 0.793187584375 0.5953489000000001 0.7986759859375 0.5984153375 0.7951988828125 0.6035090140625 0.7890102390625 0.611306790625 0.782534775
5 0.5453096015625001 0.7031170343750001 0.5531001359375 0.741048265625 0.5652657296875 0.7757592171875001 0.5690249984375 0.77914226875 0.577736178125 0.7801104609375 0.5900964890625 0.7777777 0.615860675 0.76803900625 0.63203866875 0.7579761734375 0.6371591328124999 0.7511322109374999 0.63811203125 0.73567066875 0.602600396875 0.637577753125 0.579824515625 0.603911453125 0.5658115390625 0.5890104671875 0.550223778125 0.54205824375 0.5421478625 0.5307823546875 0.5318357390624999 0.5303775328125 0.5245569515625 0.5332750765625 0.51783554375 0.5406824125 0.5158974953125 0.5501040046875 0.517589103125 0.559929009375 0.5252177765625 0.5733791109374999 0.53018246875 0.5961701234375 0.5303376375 0.6495614890625 0.5351337796875 0.6767816109375 0.5453096015625001 0.7031170343750001
5 0.4618663984375 0.686429765625 0.47392125468749996 0.79748305625 0.481420315625 0.807953525 0.52021233125 0.807075865625 0.5497747265624999 0.7933114796875 0.5546749140625 0.773099503125 0.550228659375 0.7622270265625 0.54217890625 0.7183365296875001 0.5342910187500001 0.6989271593749999 0.52972184375 0.6561648140624999 0.5209394703125 0.6411038671875 0.51169038125 0.6319215109375 0.49878607343750003 0.57192400625 0.49207135625 0.5504211031249999 0.485855603125 0.5445411124999999 0.474091615625 0.5439749234375 0.46971655312499994 0.5471952 0.468374828125 0.553717840625 0.4704552640625 0.57248175 0.47335899374999996 0.5728044796875 0.4749209921875 0.5796498515625 0.47495324375000003 0.6011513421875 0.472729815625 0.6372282765625 0.4618663984375 0.686429765625
5 0.2650914609375 0.9499627203125 0.37103854687500004 0.9691511593750001 0.385109940625 0.972939028125 0.3879941953125 0.97696613125 0.41792594687499995 0.9758450171874999 0.426455796875 0.9560364546875 0.42809568281250004 0.9480643375 0.4253605078125 0.9433124984375001 0.40289556875 0.9334025875 0.38132511406249997 0.919144246875 0.31028785625 0.8638052343749999 0.2872460640625 0.8530899 0.2232928796875 0.8318970640625001 0.199265940625 0.8151417796875 0.15911942031249998 0.7973362125000001 0.1531628875 0.7974154875 0.1483405828125 0.8028099750000001 0.1149538140625 0.8532146671874999 0.1040970890625 0.8735059203125 0.10986559843749999 0.8815601281250001 0.1323305390625 0.8914700375000001 0.18671700156249998 0.908634365625 0.2417515109375 0.9406968640625 0.2650914609375 0.9499627203125
5 0.3166399078125 0.8437546234375001 0.3311323796875 0.8779828890625 0.3432657234375 0.8911923500000001 0.3497991078125 0.891918496875 0.36742896406250003 0.8820170296875001 0.40725175937499997 0.85086034375 0.412372228125 0.84401638125 0.41155563125 0.8335473203125 0.39802883906250003 0.8090633765625 0.3691083984375 0.7836098296875 0.36643163749999996 0.767744875 0.3561973984375 0.7525225640625 0.33811421406250003 0.710482140625 0.2798845109375 0.6506361515625 0.2505947140625 0.6125393296875 0.23897980625 0.6112484046875 0.22572501250000002 0.6179295953125 0.2153544734375 0.6286378921875 0.21561369218749998 0.6345971593749999 0.22300261875 0.6383836203125 0.23148683281250002 0.654894040625 0.2654881890625 0.7639387046875 0.30182980625 0.81468020625 0.3077279234375 0.825714046875 0.307818590625 0.8361024265625 0.3166399078125 0.8437546234375001
5 0.5108357265625 0.8694674828125001 0.5172384015625 0.86770953125 0.524075096875 0.8651766437499999 0.5314710500000001 0.8585899859375001 0.536601546875 0.8536722875 0.5431921546875 0.8469960765625 0.549830475 0.841422796875 0.554747703125 0.8362069828124999 0.5593964765624999 0.83096134375 0.5631846875 0.8258944609375 0.5686462796875 0.819367190625 0.571566475 0.8158502015625 0.5761675265624999 0.8095016812500001 0.5780213453124999 0.8044942031250001 0.5746706515625 0.7979656625 0.5474799515625 0.7994533328125 0.5342331203125 0.8051153328125 0.518846109375 0.8091674734375 0.509277128125 0.8102991078124999 0.5004106187499999 0.8106856265625 0.490635803125 0.8101480140625 0.48023610000000005 0.8059737984374999 0.4760034453125 0.80385698125 0.4724881390625 0.7982527578124999 0.445612675 0.8007536359375 0.423727525 0.8043579421875 0.41149934374999997 0.8104075500000001 0.40484609843749997 0.8187231484374999 0.408787921875 0.824923584375 0.41171860000000005 0.8293652484375 0.41277005000000005 0.833598053125 0.4131742328125 0.8383077078125 0.41218094687500006 0.8431364390624999 0.40855828125000004 0.8473985359375 0.4051011625 0.8508558374999999 0.400088471875 0.8538658625 0.3966313515625 0.857323175 0.395487440625 0.8602143890624999 0.398197390625 0.8657291109375 0.39871193437499997 0.869902240625 0.40233010625 0.876341084375 0.40644495625 0.8803655796875001 0.414594096875 0.8834664609375 0.41984542031250005 0.8859708968750001 0.4254830015625 0.8865974796874999 0.4313965140625 0.88588275 0.43806018281250003 0.8855257890624999 0.4456396140625 0.8847218218749999 0.4618871859375 0.8804909171874999 0.4814039640625 0.8777209687499999 0.494532971875 0.8739666484375 0.5023882921875 0.871821365625 0.5108357265625 0.8694674828125001
5 0.5692345296875 0.585829553125 0.5701236890625 0.592642978125 0.57558435 0.5986455109375 0.5812410390625 0.603046053125 0.5835987734375 0.6090325484375 0.5877549734375 0.61402679375 0.59148885625 0.6189741125 0.5954655703125 0.625890834375 0.6002847984375 0.6314025671875 0.60295898125 0.6368787124999999 0.6059615359375 0.6441176609375 0.6085569 0.6516566 0.6132615359375 0.6690973234375 0.6272899046875 0.705360159375 0.6289005234375 0.7019254312500001 0.6342091 0.6915581265624999 0.633122534375 0.6800437234375 0.6228039937500001 0.5924739953125 0.6211525734375 0.585385215625 0.612672196875 0.5661438015625 0.6018554484374999 0.5414637890625 0.5979370890625 0.5285988578125 0.597002534375 0.5264234125 0.5911663328125 0.5430378499999999 0.5868670359375 0.550501028125 0.5812954015625 0.555751228125 0.5749187234375001 0.559876159375 0.5688291640625 0.5609256499999999 0.56547380625 0.5688390109375 0.5666485515625 0.5765653375 0.5692345296875 0.585829553125
5 0.3668204640625 0.7766837796875 0.36983433125 0.7836905140625 0.3914047859375 0.7979488531250001 0.4124568046875 0.80028865625 0.43310052656250003 0.797393925 0.4431534328125 0.791839478125 0.4490193015625 0.7813718265625 0.45455475625 0.75085215625 0.45560501249999996 0.71686875625 0.46987781249999994 0.6547026671875 0.4729178390625 0.6290947953125 0.46865351874999994 0.5559727359375 0.4710777515625 0.5369681859375001 0.46825191093749996 0.52182796875 0.46231485 0.518202871875 0.44982492812499997 0.5175560015625 0.4396229421875 0.523835184375 0.428053065625 0.56925161875 0.417961215625 0.582214809375 0.3969152859375 0.6339911093749999 0.384295153125 0.7133909468749999 0.3714614375 0.75051253125 0.3668204640625 0.7766837796875
5 0.2670325296875 0.5254094265625 0.2619637875 0.5500505125 0.262605140625 0.593858921875 0.259286421875 0.6172118953125 0.26069934375 0.62478200625 0.269203028125 0.6375880546875 0.2819521671875 0.6441941921875001 0.29807174375 0.645244478125 0.3190330984375 0.6371959015625001 0.33435555 0.624072753125 0.33912613125 0.60088114375 0.333798775 0.5365366203125 0.3128118625 0.49417346406249996 0.308482434375 0.46107475937500003 0.3009638984375 0.4543086609375 0.28977676093750004 0.45454789375000004 0.28190165 0.460344390625 0.2764373890625 0.5049568109375 0.2670325296875 0.5254094265625
5 0.39164025625 0.5044173703125 0.373407384375 0.546128021875 0.3705164359375 0.5710111578125 0.38222201093749997 0.5826904609375 0.3946924578125 0.5870417031249999 0.4100861078125 0.5880113031249999 0.4164898828125 0.585757815625 0.43470328125 0.547751534375 0.4403488734375 0.5239158671874999 0.4540509078125 0.515060465625 0.459288203125 0.48599026875 0.4582385515625 0.43694732968750005 0.4660814109375 0.40964934218750004 0.46381295 0.3990189140625 0.45687126562499997 0.39305823906250004 0.44655914374999994 0.3926534171875 0.43881363906250004 0.40142954687500004 0.4324421171875 0.4251845296875 0.3957950421875 0.48782908125 0.39164025625 0.5044173703125
5 0.319734071875 0.5038385109375 0.3209979140625 0.512133359375 0.329799759375 0.52348993125 0.341822965625 0.5300153890625 0.3636009171875 0.5324358734375 0.377879803125 0.5243858875 0.3913810359375 0.4984581 0.3987766546875 0.473334325 0.41721032812500003 0.44869605625000003 0.42535135 0.41994859062499995 0.4239579 0.408674109375 0.4274579515625 0.4060978921875 0.43666200625 0.368572890625 0.4356768578125 0.3625329390625 0.4294611046875 0.35665294375 0.42220178906249994 0.3558461171875 0.41404798906250007 0.35938771406250003 0.4089080515625 0.3699360515625 0.3726954375 0.40520052343749996 0.365228628125 0.41623155 0.35021711875 0.45311109062500005 0.3237397796875 0.48797496249999994 0.319734071875 0.5038385109375
5 0.36735470000000003 0.39867647812499996 0.325808040625 0.398506665625 0.280093815625 0.389719275 0.2594695640625 0.38890963125 0.2482434859375 0.3965576078125 0.2432526296875 0.40638120468750005 0.23961628125 0.43488803125000003 0.2465190203125 0.4482574515625 0.25826353750000003 0.4525280078125 0.2842674703125 0.45245295781249995 0.309564940625 0.44859285 0.34599113593749997 0.45560662656249995 0.3664018 0.41413802187500004 0.3761954890625 0.40262430312499997 0.36735470000000003 0.39867647812499996
5 0.321781053125 0.6671536078125 0.32728365312499996 0.698158784375 0.34717527656249997 0.72779798125 0.3689727015625 0.7265140953125 0.3815015625 0.719752221875 0.384295153125 0.7133909468749999 0.395573559375 0.6405137515625 0.39042084374999997 0.625856221875 0.391632959375 0.616353946875 0.38821079687500004 0.6041126796875 0.3712034265625 0.5785005828124999 0.37038682968750003 0.568031525 0.3584220359375 0.550392953125 0.3547406546875 0.532192415625 0.343572990625 0.5287272765625 0.3376164546875 0.528806553125 0.33508208281249996 0.541127096875 0.339534428125 0.6061156734375001 0.3353796421875 0.622703959375 0.31990810937499997 0.636551846875 0.321781053125 0.6671536078125
5 0.1275934171875 0.770110459375 0.14486669531250002 0.7727715859375001 0.1695873171875 0.7681060609375 0.180962478125 0.75973334375 0.191929340625 0.7461260984375 0.1949109515625 0.731631340625 0.1942696 0.687822934375 0.2072201453125 0.6284751171875 0.2072785578125 0.6173620015625 0.2056453625 0.5964238796875 0.2013287171875 0.5885310390625 0.1989501171875 0.5712166078124999 0.1973753359375 0.5391653703125 0.1939337015625 0.530628475 0.18509291249999998 0.5266806453124999 0.17768451406250002 0.52659855625 0.1651556515625 0.5333604296875001 0.1576109515625 0.5592089421875001 0.130141775 0.616943103125 0.12464526093749999 0.6400540296874999 0.12108010625000001 0.682653603125 0.10435082343749999 0.7423227453125001 0.10473965156250001 0.751261646875 0.10991183906249999 0.7622148046875 0.1275934171875 0.770110459375
5 0.193400675 0.7425830906249999 0.181688409375 0.759814028125 0.1723614359375 0.7654491546875 0.1701446984375 0.7726158515625 0.1734372515625 0.781877484375 0.18772891875 0.7990333671875 0.20163175781249998 0.807250346875 0.21484761093750002 0.8079779 0.2267801515625 0.8041149765625001 0.24910270156249997 0.7858393890625 0.259363103125 0.7684470906249999 0.2608928515625 0.75379096875 0.246640128125 0.7292263421875 0.2187048390625 0.7098127484375001 0.19778911875 0.68154234375 0.19401038125 0.681863665625 0.193115896875 0.68621209375 0.19669992187500002 0.7229344890625 0.193400675 0.7425830906249999
5 0.197096646875 0.5369104734375 0.1990280015625 0.55639911875 0.2120296671875 0.5978747624999999 0.21221099843750002 0.61865151875 0.2169748890625 0.624370146875 0.2292250625 0.6153533765625 0.2517678875 0.6104458015625001 0.2590661484375 0.6038438859374999 0.262773690625 0.5894298109375 0.2625601109375 0.5471515640625 0.26628712499999996 0.5290331171875 0.2595529359375 0.5112345859375 0.23666691874999998 0.4708842796875 0.23125498437499997 0.45026748281250006 0.222135503125 0.4440647578125 0.21007335624999998 0.4449480484375 0.20145284062500002 0.45436822968749996 0.20022125468750002 0.4675748765625 0.20293695625 0.4760310890625 0.197096646875 0.5369104734375
5 0.11617443281249999 0.5657231375 0.10901531406250001 0.5716486296875 0.0843275578125 0.6916652109375 0.095782634375 0.686513709375 0.1228173515625 0.6561596265625 0.1318918 0.61565499375 0.15936097968750002 0.5579208312499999 0.16157771875 0.550754134375 0.1594193921875 0.5468077140625 0.14720816406249998 0.54841574375 0.11617443281249999 0.5657231375