9 0.7510595859375 0.4600989140625 0.7748662296875 0.38254926875 0.7625611421875 0.385732396875 0.745806925 0.387882478125 0.719406159375 0.3907969109375 0.6997509375 0.39363218125 0.683964275 0.396856165625 0.6706924640625 0.4009188453125 0.6512556359375 0.40570501875 0.6348643640625 0.40850198750000005 0.6220991859375 0.4099541109375 0.6140239734375 0.41026592500000003 0.6033785828125 0.4114934984375 0.5967349984375 0.4346741953125 0.59439866875 0.4596392171875 0.5943574515625001 0.4755481515625 0.5920178578125 0.49277394374999994 0.592614703125 0.495118740625 0.6311711343749999 0.49327052812499994 0.66138311875 0.48965927656249997 0.7065847703125 0.48883750625 0.739466090625 0.48823458437499995 0.7436237234374999 0.48601528125 0.7510595859375 0.4600989140625
9 0.5618846578125 0.5466017437499999 0.5537601343749999 0.534471653125 0.5518545828125 0.5245752625 0.5462216984375 0.5108012468750001 0.53295499375 0.4908887609375 0.526166746875 0.4792043140625 0.520201090625 0.4684329046875 0.5152389828125 0.4611097375 0.51109861875 0.4526235734375 0.45252009062500004 0.4643831203125 0.4206640828125 0.4767517203125 0.3970033421875 0.48602548749999996 0.3925724453125 0.48827827187499995 0.3973183359375 0.5019379234375 0.40420637031249995 0.5064704640625 0.4201704015625 0.5249672875 0.439992375 0.55241490625 0.45629092812499994 0.57206114375 0.470112075 0.5661322281250001 0.49266866406250004 0.55848611875 0.5097272921875 0.5525192171875 0.52786629375 0.5493076515624999 0.5462629703124999 0.5479384171875 0.5618846578125 0.5466017437499999
9 0.318824703125 0.7078514140625 0.362856784375 0.7312250640625 0.36961992499999996 0.7250718765624999 0.3817486296875 0.714401575 0.3991515375 0.696380778125 0.452895690625 0.6467545390625 0.440127153125 0.6375911859375 0.42095501718749995 0.63133741875 0.3992093609375 0.61904004375 0.34710335937500003 0.5953562203125 0.303608971875 0.5634729046875 0.28326390468749996 0.556827971875 0.20164919375 0.649797878125 0.22079174531249998 0.6596014171875 0.2640553734375 0.6789348609375 0.318824703125 0.7078514140625
9 0.39770863125 0.4130697859375 0.439205984375 0.408698365625 0.4424313265625 0.40830737343749995 0.41306291093749997 0.3510917515625 0.3869656890625 0.3090223484375 0.3818108203125 0.3044921359375 0.36780811562500004 0.306422115625 0.3731549390625 0.29964990937499997 0.3653219984375 0.2873822640625 0.2786330609375 0.3039373125 0.25999022968749996 0.30945305312500004 0.2462996953125 0.3053761640625 0.2468142796875 0.310345215625 0.25599233125 0.332444625 0.3324149328125 0.42160490624999997 0.39770863125 0.4130697859375
9 0.5146882749999999 0.36750651093750003 0.5288069203125 0.3574971984375 0.57651595625 0.3325250890625 0.55211330625 0.2930432375 0.486683384375 0.31428584375 0.4546734859375 0.33277375781249996 0.41893917031249994 0.35996774375 0.42955928906249996 0.374411709375 0.44079113281250004 0.3833360328125 0.4532523734375 0.39539588281250004 0.46369771562500006 0.41141685937499994 0.47291517499999997 0.4278459828125 0.4881003328125 0.45089872656249996 0.5584717921875 0.41973554531249996 0.5568147703124999 0.4178052390625 0.52482628125 0.382743584375 0.5146882749999999 0.36750651093750003
9 0.5154777375 0.367497246875 0.587091775 0.450524515625 0.5944077156249999 0.446859325 0.603259621875 0.4113540140625 0.6355390859375001 0.408219 0.7037788609375 0.3936371015625 0.6930217062499999 0.366201190625 0.6731389515624999 0.332178703125 0.6484756171875 0.298606071875 0.6305858703125 0.3106283640625 0.59440715 0.32404650468749996 0.5154777375 0.367497246875
9 0.7299821140625 0.362767559375 0.7581652328125 0.3416917875 0.7537959515625 0.3311401046875 0.7541505203125001 0.319610946875 0.7608713703125 0.3047800421875 0.7646675187499999 0.295515496875 0.7437679421875 0.2966828 0.7727660890625 0.25992350000000003 0.7807094921875 0.221567278125 0.7915315921875 0.1905533015625 0.7340893828125 0.23824937968749998 0.6986192531250001 0.270935625 0.6565783203125 0.308769990625 0.6822703296875 0.34765347343749997 0.710521965625 0.36760592812500004 0.7299821140625 0.362767559375
9 1 0.19997220468750002 0.974693753125 0.2450401828125 0.9695214234374999 0.24932357968750002 0.9408772453124999 0.24074511406250002 0.8799045156249999 0.1815738390625 0.861494440625 0.181338396875 0.8205604578125 0.20758930156250002 0.79375279375 0.237310540625 0.9275285984374999 0.3145648765625 0.9719933953125001 0.28636075625 1 0.2638488328125 1 0.19997220468750002
9 0.942866146875 0.38837674375 0.9315974546874999 0.36829155625 0.9149117421874999 0.3449003421875 0.8985963484375 0.30947054375 0.7785765640625 0.37998088124999996 0.7658254203125 0.4202992515625 0.8048827546874999 0.4723100140625 0.8597755359375 0.43797005312500004 0.905932025 0.412878621875 0.942866146875 0.38837674375
9 0.715499753125 0.5541701125 0.7307810046875 0.5402670140625 0.8225983812500001 0.478515996875 0.814548796875 0.469581665625 0.80742919375 0.471832125 0.8007904671875 0.4697431265625 0.7833742171875 0.4768093890625 0.7739524656250001 0.457417765625 0.7690785375 0.44266774687500005 0.7595019046875 0.43772399999999995 0.7436330921875001 0.48955490625 0.6566983609375 0.4909362953125 0.6565641875 0.492753503125 0.715499753125 0.5541701125
9 0.9441607734374999 0.43784319062500004 0.9222467578125 0.431352315625 0.9107061890624999 0.4257519203125 0.901420365625 0.4259650375 0.891246728125 0.43094735 0.8791966921875 0.4368508203125 0.8778932562499999 0.4373837640625 0.8765383874999999 0.4383808703125 0.8722692546875 0.4417214625 0.8708059734375 0.44264483906249996 0.8618368437499999 0.44784747343750003 0.854554778125 0.45288077187500003 0.8463875734374999 0.45966545937500003 0.8549164250000001 0.46623913281249996 0.8542797984374999 0.4837725 0.8533837234374999 0.4979539 0.8457213734375 0.509178109375 0.835470396875 0.5315669546875 0.912438228125 0.52290345625 0.9517115984375 0.5190685453125 0.9719913828125 0.48239110468749996 0.97724346875 0.45938610156250004 0.9833605500000001 0.43772057656249996 0.9612643999999999 0.44506532656250003 0.9518295406249999 0.44180202343749997 0.9441607734374999 0.43784319062500004
9 1 0.4904194109375 0.9669485859375 0.49247425468749995 0.9508846484375001 0.5198483015625001 0.8421962093750001 0.5338489296875 0.8445886968749999 0.53628660625 0.9387966000000001 0.5792777640625 0.9646253843749999 0.5604653578125001 0.9700998843749999 0.5554845765625 0.968387996875 0.5448039765625 1 0.5055921671875 1 0.4904194109375
9 0.7644226671875 0.5197228468749999 0.755309540625 0.5287952421875 0.7506055671875 0.60350585625 0.80347709375 0.619330434375 0.8432461453125001 0.5792422609375001 0.8697787781249999 0.5488532734375 0.841520065625 0.5347245078125 0.825796071875 0.5276788390625 0.7804001265625 0.5166432671875001 0.7734759515625 0.5216410390624999 0.7644226671875 0.5197228468749999
9 0.60154034375 0.7383328125 0.6061512390625 0.7406221656249999 0.6583708234375 0.7003133874999999 0.6554906734375 0.678129303125 0.6565983281250001 0.644048878125 0.6560940390625001 0.6218369109374999 0.66126978125 0.6099266453125 0.6644346421875 0.602779778125 0.6376130296875 0.6173139609375 0.6343166703125 0.6256473437500001 0.61584460625 0.6424534796875 0.6146929046875 0.6501691703125 0.5982679640625 0.6699136796875 0.60154034375 0.7383328125
9 1 0.502943340625 0.9687785765625 0.5457927484375 0.970769090625 0.5558484124999999 0.9485450562500001 0.575217390625 0.9953468015625001 0.6419777203125 1 0.50872753125 1 0.502943340625
9 0.5825386859374999 0.657047559375 0.5882822062499999 0.6303542531249999 0.5344022734375 0.6138983203125 0.4515272046875 0.5969878359375 0.4540544171875 0.606495815625 0.45450441406250003 0.6239761640625 0.45340190781249995 0.6339241328125 0.4524317 0.6426783671875 0.45181429843750004 0.6482492203125 0.4448695890625 0.6606501671875 0.44173097656250004 0.671019425 0.440143365625 0.6853445125000001 0.4428403203125 0.69455939375 0.47622901406249996 0.704393684375 0.5263895296875 0.71850888125 0.5680923984375 0.7263649 0.5758705265625 0.6956737375000001 0.5825386859374999 0.657047559375
9 0.7578940015625 0.6065407031250001 0.7495422703125 0.6066387140625 0.7391190625 0.61214654375 0.7272740515625 0.61277514375 0.7175097187499999 0.6256191171875 0.71669705625 0.6373788593749999 0.7380646671875 0.6836393234375 0.7376843515625 0.6870709328125 0.7317936125 0.6959527125 0.7318502437500001 0.69986878125 0.734634921875 0.7013048796875 0.7428756937500001 0.6977810265625 0.7486646718750001 0.7030986015625 0.752103621875 0.7030582453124999 0.764600603125 0.6965468953125 0.83309641875 0.6761593953125 0.8358741921874999 0.6643765921875 0.844056028125 0.652530371875 0.8515858953125001 0.6465669046875 0.842797215625 0.646180453125 0.8325867296875 0.640914765625 0.8250453562500001 0.6248467359375 0.8180021640625 0.621991840625 0.8150521921875 0.6176201328125 0.793872890625 0.6183582734375 0.7669092109375 0.6225914359375 0.767887165625 0.6137673078125 0.77885828125 0.61216978125 0.7655371328125 0.6084093765625 0.7590961828125 0.6089745546875001 0.7602417328125 0.6074923359375 0.7578940015625 0.6065407031250001