13 0.5052260609375 0.3055526328125 0.5011976578125 0.2889313328125 0.48410659218749996 0.267138490625 0.47367021249999997 0.262148646875 0.47067436875 0.2570490125 0.4670989875 0.256073003125 0.4554421140625 0.2710886703125 0.449041484375 0.2902153328125 0.446723334375 0.3067098328125 0.4471369703125 0.35659899375 0.45390083593749997 0.41036255781250003 0.45332497031249996 0.4182337859375 0.45873712343750006 0.43255668125 0.4586032578125 0.4448303921875 0.466641696875 0.45933498437500003 0.468699465625 0.47488311406249994 0.471546753125 0.477266053125 0.48256266718749996 0.47813227031250005 0.48439208906250003 0.483983953125 0.4927890671875 0.49216367656250004 0.4973208890625 0.5014292031250001 0.49870464062500003 0.4991308 0.5096481140625 0.5005124703125 0.5175233 0.497309959375 0.5213847781250001 0.4924765546875 0.524072484375 0.48089999375000003 0.5074344421875 0.47475244375000003 0.5116360890625 0.4448561609375 0.5095709734375 0.42181282812500004 0.5044449156249999 0.4016805203125 0.5082266046874999 0.3898673640625 0.5108308515625 0.36756345156250003 0.5088996 0.33224640625 0.5034837750000001 0.31417590781250004 0.5052260609375 0.3055526328125
13 0.18490562500000002 0.5205154296875001 0.1883581640625 0.5450079578125 0.1795485765625 0.5624065640625 0.1739374671875 0.5683680375 0.185692496875 0.5790701328125001 0.19511835625 0.5950239203125001 0.2003746015625 0.5991349171875 0.20613794375 0.5996377421875 0.2232720671875 0.5909343140625001 0.2309299265625 0.5892781625 0.24521676406249998 0.5781917953125 0.252794834375 0.569555890625 0.262988171875 0.54985888125 0.27186285625 0.5244496187500001 0.2777994453125 0.4784348609375 0.2763936546875 0.4582476515625 0.2697426390625 0.445192259375 0.261928875 0.4366365109375 0.25521276249999997 0.43159177031249996 0.246602134375 0.42870600625 0.23617310156250002 0.43121136875 0.22064372968749998 0.43981763437500004 0.193102615625 0.47351203281250004 0.186698315625 0.48889109218750004 0.18490562500000002 0.5205154296875001
13 0.5843893484375 0.69325894375 0.5859289984375 0.7011724390625 0.5898014984375 0.707581840625 0.596151725 0.71145624375 0.6212518421875 0.7177728640625001 0.6595484890625001 0.716987309375 0.69061825625 0.711017584375 0.7054919749999999 0.703302796875 0.724947921875 0.6818524703125 0.7280776312499999 0.6746783921875 0.726827746875 0.6647030875 0.70519750625 0.6261495140625 0.6908923062500001 0.618497871875 0.6725046265625 0.613478390625 0.6347114015625 0.60690816875 0.5749771546875 0.616828071875 0.55295634375 0.626338440625 0.5466208109374999 0.637454446875 0.54640715625 0.6427484078125001 0.5575065375 0.6543419796875 0.5638641093750001 0.665711584375 0.5843893484375 0.69325894375
13 0.379664478125 0.5838501703125 0.385808396875 0.6005137390625 0.401012296875 0.6319607609375 0.43329256562499996 0.6702102156249999 0.4626384109375 0.691601775 0.4915385859375 0.7048432453125 0.5164938171875 0.7121907703125 0.5519505234375 0.7165174828125 0.591627246875 0.7096859203125 0.5862114234375 0.6916154234375 0.561299246875 0.6537716296875 0.5436249671875 0.632354809375 0.524277171875 0.615298209375 0.5042049546875 0.6033961437500001 0.4917942671875 0.5935855234375 0.465375496875 0.581556653125 0.45873917343750004 0.583491665625 0.439569325 0.5991325765625 0.428984390625 0.5914260390625 0.405264346875 0.5790634125 0.385275590625 0.5778886984375 0.3801715734375 0.5802419999999999 0.379664478125 0.5838501703125
13 0.68394271875 0.22641922343749998 0.6957014234375001 0.24086891875 0.705920475 0.2474051203125 0.7219606171875 0.2389382859375 0.735146128125 0.2205933109375 0.7438795984375 0.1999625546875 0.7457594234375 0.1828131703125 0.7440638640625 0.1646877765625 0.7452009 0.133954915625 0.735093671875 0.0926593890625 0.7249397171874999 0.0781125296875 0.7108555140624999 0.07266213125 0.697293103125 0.078593965625 0.6783405765625 0.09268851875 0.6669010296875 0.10615782343749999 0.655106615625 0.1296996 0.6663041484375001 0.16701093125 0.66836559375 0.1863066625 0.6746543968750001 0.20193932343749998 0.676780934375 0.213224396875 0.68394271875 0.22641922343749998
13 0.3107888453125 0.7191942499999999 0.301533584375 0.72844276875 0.2987009890625 0.7410502359375 0.303758278125 0.765445603125 0.3041425296875 0.78535395 0.296227959375 0.8228003328125 0.300317784375 0.8276633734375001 0.3060086859375 0.8286816515625001 0.31497417968749997 0.8214949453125 0.32394701875 0.8218034421875 0.3308006671875 0.8183220718750001 0.35414013125 0.8145239515625 0.37382809687499996 0.8065176749999999 0.393936025 0.7804282703125 0.4064622078125 0.759227165625 0.41526077499999997 0.73058575625 0.41880676875 0.70158095 0.418136421875 0.6874820203125 0.41512955625 0.671139578125 0.4092790796875 0.6561618 0.403508390625 0.6481637703125 0.393655225 0.6427979046875001 0.375568334375 0.6469594171875 0.356615809375 0.6610539703125 0.3297266765625 0.6901092921875 0.3107888453125 0.7191942499999999
13 0.5280792765625 0.7731580515625 0.5261233375 0.787075284375 0.5275511671875 0.8297481031249999 0.534916609375 0.9018736531249999 0.5414264140625 0.919707559375 0.5459004921874999 0.9444789468750001 0.5502149875 0.955290834375 0.5620498109375001 0.9729726796874999 0.5740184937499999 0.9783808140625 0.5851031765625 0.9749839765624999 0.5908591750000001 0.967991596875 0.6008462046874999 0.96108375 0.608420603125 0.94870024375 0.6116190796875001 0.9372631124999999 0.6171210125 0.8943410734375 0.61658453125 0.8679684312499999 0.61167213125 0.842542159375 0.5978483109375 0.80504913125 0.5863069296875 0.789053075 0.58074989375 0.775761084375 0.5727875734375 0.764488640625 0.5623475234375 0.755751196875 0.554099103125 0.750288165625 0.5428621875 0.7472207046875 0.5387797109375 0.7498528656250001 0.5334693875000001 0.7649953359375 0.5280792765625 0.7731580515625
13 0.3582221796875 0.513769421875 0.3431384796875 0.530525775 0.333390815625 0.558372871875 0.3149490625 0.5726068546875 0.30540403125000004 0.583917184375 0.2989272859375 0.5998117 0.29004158125 0.61397815625 0.28510448906249997 0.637786165625 0.28226455 0.642898428125 0.277160534375 0.645251728125 0.266800271875 0.643494034375 0.260019065625 0.646459953125 0.240882275 0.6958292828125 0.23921610468750001 0.7076847046875 0.240168875 0.712226621875 0.2484172921875 0.7176896484374999 0.2552819609375 0.7254510828125 0.2808855015625 0.724411928125 0.29867895 0.718564625 0.3100607484375 0.72060118125 0.31414322656250004 0.7179690203125 0.3303860046875 0.692965415625 0.33577978750000004 0.6885503015625 0.3682002421875 0.6465537546875 0.3781578859375 0.6096650953125 0.3811931109375 0.580520859375 0.3773059203125 0.55912105 0.36502542656250003 0.5332891156249999 0.3609970234375 0.516667815625 0.3582221796875 0.513769421875
13 0.075009090625 0.37790373593750004 0.0768783046875 0.3796985421875 0.089506315625 0.38796280156249996 0.10665513125 0.39424978125 0.158387675 0.40730130625000005 0.1781554296875 0.40627478124999994 0.20441094999999998 0.40059654531250005 0.2108987140625 0.395944840625 0.22497556875 0.3939000359375 0.2315357765625 0.388732875 0.24743470781250002 0.38504454843749997 0.263837059375 0.37400045 0.26660455625 0.3694036390625 0.2688539390625 0.3571721921875 0.2657783078125 0.34509280468750003 0.2605908296875 0.33671875625 0.2310276546875 0.3168735546875 0.2007437328125 0.3059304875 0.155288975 0.2972688171875 0.14872509375 0.298688375 0.13968715781250002 0.306390534375 0.11678234843749999 0.307095934375 0.10956649062499998 0.313154571875 0.0937399984375 0.3163274453125 0.08878454062499999 0.3213974421875 0.08250984375 0.3245331109375 0.075009090625 0.37790373593750004
13 0.22209786875 0.2860687859375 0.25694564999999997 0.26453830625 0.2879209359375 0.23659842812499998 0.2891561265625 0.23158332499999998 0.28681593437499997 0.2255922125 0.265725853125 0.21715888749999998 0.24836338281249998 0.21616586875000002 0.231953684375 0.21971476562499997 0.20074637968750003 0.2342105953125 0.15582443125 0.24817397031250002 0.15298081875 0.2495386328125 0.149778665625 0.257228159375 0.1364409265625 0.2691088421875 0.13141670156250002 0.27844189375 0.1457943453125 0.28557808281249997 0.17600215156250001 0.2932890015625 0.20437686249999998 0.2914006359375 0.22209786875 0.2860687859375
13 0.550741215625 0.22698855468749998 0.5410696671874999 0.2580677984375 0.54034891875 0.26696993281250003 0.5483149140625 0.28198997812500004 0.5570777734375 0.291340040625 0.5727126499999999 0.31594673906250004 0.5901622546875 0.3314147140625 0.60985389375 0.3271560390625 0.6231916328125 0.3152753578125 0.624270921875 0.30004835937499996 0.6378076203124999 0.267883309375 0.6495799921875001 0.22185592031249998 0.6509453749999999 0.20081950312500002 0.64728285625 0.185368540625 0.6403457453125 0.1781225578125 0.6216646234375001 0.1714172859375 0.6004406765625 0.1752576703125 0.59424635625 0.18159516874999998 0.5844766515625001 0.18695665625 0.5804702890625 0.192820965625 0.5691682765625 0.1977641640625 0.561445321875 0.2074309734375 0.550741215625 0.22698855468749998
13 0.335135321875 0.179907340625 0.32363434999999996 0.20513490625 0.32447896875 0.24818374843750002 0.3223020296875 0.2598997375 0.32434877812499996 0.2642050609375 0.3393169796875 0.2784604296875 0.35207150781249996 0.266955771875 0.3766928953125 0.2313938859375 0.399651778125 0.21143502500000003 0.4128483078125 0.204332853125 0.42151668593749997 0.19171275625 0.413010534375 0.1465724640625 0.40511330624999997 0.1272893640625 0.3946732546875 0.1185519171875 0.3836646875 0.1251809046875 0.372786309375 0.1157885765625 0.356670053125 0.12102326249999999 0.347632115625 0.1287254203125 0.33918841093749996 0.14729436093749998 0.3328492046875 0.154662765625 0.3311105921875 0.16703364062499998 0.335135321875 0.179907340625
13 0.4256873234375 0.2790230421875 0.45048297968749995 0.27241106406250004 0.457409071875 0.2684142421875 0.496179753125 0.2302920953125 0.516360121875 0.20368723906250003 0.515990565625 0.1987693015625 0.5137264874999999 0.1960103390625 0.496066903125 0.189583928125 0.4819029125 0.1771537765625 0.47832753125 0.176177765625 0.417803765625 0.1992628546875 0.39928589375 0.2102646890625 0.3844158484375 0.2217270796875 0.36641609375 0.240363546875 0.3551975453125 0.2560340953125 0.35177806875 0.2652699859375 0.35207518437499996 0.2707033765625 0.38359796875 0.28037894375 0.390966059375 0.2807846046875 0.4256873234375 0.2790230421875
13 0.6706227499999999 0.47969278906249996 0.6920062734375 0.4898119046875 0.7084196484375 0.4900106109375 0.70790520625 0.48612357812500007 0.6981208062500001 0.47649465625 0.6749041890624999 0.45677625781250003 0.670379709375 0.45500593437500003 0.6706227499999999 0.47969278906249996
13 0.6640956046875 0.5185883671875 0.6691565625 0.546731334375 0.68371215625 0.5865650359375 0.707457909375 0.6251608734375 0.7179163281250001 0.6526363296875 0.7363874703125 0.6683831625 0.7419408328125 0.6779275499999999 0.7458059859375 0.676841746875 0.7463818468750001 0.6689705203125 0.75716941875 0.6601402921874999 0.7664897749999999 0.642881115625 0.7739770359375 0.61602265625 0.7729261125 0.58576298125 0.7815981625 0.5768904890625 0.7887342328125 0.5638520984375 0.7663979375000001 0.5491910703125 0.7509152968749999 0.531048665625 0.7480606625 0.5211705234374999 0.739377590625 0.5188002125 0.73317225 0.513894903125 0.7283506562500001 0.5066911890625 0.721199890625 0.5047391671875 0.7028920000000001 0.5066994375 0.692459296875 0.5054571953125 0.6645118890624999 0.49675763906250003 0.6640956046875 0.5185883671875
13 0.121792309375 0.58089484375 0.10583930156250002 0.60383663125 0.10497734375000001 0.6175172734375 0.10819418750000001 0.6248181500000001 0.1162252796875 0.6318275390625 0.11390712968750001 0.6483220390625 0.1208515875 0.6630632265624999 0.12378600937499999 0.6799211203125 0.1323388921875 0.6983127453125 0.1441700375 0.7122469875 0.1517013796875 0.7303597546875 0.16462283125 0.7403098015625 0.1801054765625 0.7584522046875 0.18776701093749998 0.7605436546875 0.195131428125 0.7572017140625 0.1995036734375 0.7525077390625 0.20525599843750003 0.7417677578124999 0.2062701890625 0.7345514140625 0.20326229687500003 0.6427414796875001 0.1935136078125 0.595121084375 0.18562372656249998 0.5833331875 0.1723400640625 0.5759604046875 0.1495838109375 0.5793825015625 0.1406944328125 0.589801353125 0.1348513 0.5823187812499999 0.121792309375 0.58089484375
13 0.74353713125 1 0.7469187609375 0.9934655328125 0.7549057703125001 0.9555037000000001 0.7563325765625 0.922709025 0.7526516890625 0.8885200484375 0.7504600578125 0.8852456328124999 0.7433092921875 0.8832936124999999 0.7069108374999999 0.88566779375 0.6983002078125 0.8827820328125 0.6918738656250001 0.875675478125 0.685965640625 0.8762035609375 0.6833650640625 0.9022550765625 0.6698173484375001 0.92317731875 0.6683685015624999 0.933486384375 0.6718247125000001 0.9617265140625 0.6668839515625 0.9817869187499999 0.6673128609375001 1 0.74353713125 1
13 0.439873784375 0.612061175 0.46260432656250006 0.5824058640625001 0.46923697343750004 0.57672325 0.474833390625 0.55577136875 0.477220309375 0.5350138140625 0.4681960421875 0.4822388875 0.4603639109375 0.45494512968749995 0.4433993625 0.4133833734375 0.4390885375 0.4063190875 0.4336149640625 0.40375445 0.4072870015625 0.4099481375 0.4048927375 0.42321048906250003 0.4050559890625 0.4409175921875 0.4156235828125 0.5053536140625 0.41790969687499996 0.5305981890625 0.42764736562500005 0.5669757765625 0.42912192656250003 0.5828999265625 0.4341755375 0.6035476921875 0.4368816125 0.610709140625 0.439873784375 0.612061175
13 0.1726842234375 0 0.1736001078125 0.0009337796875 0.20614443124999998 0.0108882078125 0.22088796406250003 0.0191947328125 0.25218607656250003 0.0229214578125 0.2637888765625 0.027159256250000003 0.2732688109375 0.0238595796875 0.29282425624999997 0 0.1726842234375 0
13 0.46252155625 0 0.459195009375 0.0066398234375 0.4717579265625 0.022914737499999997 0.47424667343750004 0.031622546875000004 0.482571209375 0.040317721875000004 0.4883455703125 0.052063351562500006 0.4965939875 0.0575263828125 0.500104275 0.06651304999999999 0.512808403125 0.07800945625 0.516105034375 0.0922900859375 0.51873499375 0.0962193859375 0.5404844046874999 0.1075088375 0.5547969546875 0.122655684375 0.56785961875 0.12782722500000002 0.5790891874999999 0.12339948125 0.5869607 0.11644936718750001 0.5958464046875 0.1022829109375 0.5961288265625 0.0927258921875 0.5913035609375 0.081774578125 0.5767012406250001 0.06868954375 0.5579293109375 0.0437617171875 0.5484383546875 0.035818584375000004 0.5295939796875 0.0114062125 0.5268022703125 0 0.509680615625 0 0.5075584765625 0.005926171875 0.5003352703124999 0.0044896046875 0.49759558750000005 0 0.46252155625 0
13 0.3848845875 0.327830271875 0.362497890625 0.33617030468750003 0.35235863125 0.3366138515625 0.333605065625 0.3304240359375 0.32528053125 0.3217288578125 0.3270228171875 0.3131055859375 0.2867555390625 0.3128179640625 0.27180570312499996 0.3173006046875 0.26811115 0.34358871406249997 0.276435684375 0.35228389375 0.281543371875 0.35367819218749996 0.292182384375 0.34213126875 0.2976522828125 0.3409483015625 0.295124153125 0.366484365625 0.296294246875 0.3694799234375 0.3279766125 0.3931149890625 0.3449805453125 0.400432878125 0.3475307171875 0.3973824265625 0.349505021875 0.4022032015625 0.3689142390625 0.40750154375000003 0.40371162031249996 0.40897212656250004 0.422602721875 0.406635834375 0.4345603859375 0.4008011625 0.43601657656250004 0.3979873015625 0.45170185625 0.39959293749999997 0.45131760625000006 0.3796845921875 0.44882885625 0.370976784375 0.408311190625 0.33850710781250004 0.3961215046875 0.33089772968750003 0.3848845875 0.327830271875
13 0.46461579531249997 0.9228250265625 0.4693943328125 0.9605250125 0.47217285000000003 0.9671710062500001 0.476480003125 0.9704876890625 0.48217090156250003 0.9715059671875 0.4914298375 0.9660050468750001 0.5095020359375 0.9468531296875 0.533029440625 0.9115278359375001 0.536304034375 0.90332285 0.537517184375 0.8758221390625 0.5314310109375 0.8436527109374999 0.515430253125 0.817875671875 0.5167846125 0.7855964515625 0.5081739828125 0.7827106890625 0.505257928125 0.7845908046875001 0.4984153 0.7993149796875 0.49156165312500005 0.8027963515625001 0.47858979531249995 0.8158473671875001 0.46900538281250004 0.8614015687500001 0.468093021875 0.8980832765625 0.464604778125 0.9115822203124999 0.46461579531249997 0.9228250265625
13 0.176821915625 0.9063493656249999 0.186084525 0.9045960515625 0.1920615171875 0.8998049140625 0.19562588125 0.8895381203125 0.1930610171875 0.8775981609375 0.186699771875 0.8624809546875 0.1705578 0.841482425 0.146982640625 0.828088890625 0.1402702015625 0.8267917546874999 0.1278705390625 0.8282239453125 0.11088129843750001 0.8358964656250001 0.1030822296875 0.842331125 0.09572515937500001 0.8531682703125 0.083474053125 0.8573171531250001 0.0721032734375 0.8665234046875 0.06868012031250001 0.87201169375 0.0719767546875 0.886292321875 0.071943603125 0.8868184984375 0.1441646703125 0.90653345625 0.14734955156250001 0.9047267218749999 0.176821915625 0.9063493656249999
13 0.0870779625 0.29202924375 0.0983112046875 0.2913491015625 0.11676030781249999 0.28461032343750003 0.12725810625 0.2778419078125 0.13766509843750002 0.25285093281250004 0.1286849125 0.245047234375 0.128536353125 0.2423305359375 0.13458946562500002 0.24077154687500002 0.136335425 0.235895878125 0.1348718859375 0.23121453125000002 0.12947075624999999 0.22813444062500002 0.11641543593749999 0.2304581046875 0.0971524859375 0.22034529531249997 0.0870779625 0.29202924375
13 0.6384963328125 0.30072025 0.6334180328125 0.329306765625 0.63673670625 0.3660730046875 0.64090999375 0.3816634015625 0.6492382 0.39410618125 0.6607759046874999 0.40635463281249995 0.6616562312500001 0.411412003125 0.6584504078125 0.41535393281250005 0.6588199640625 0.42027186875 0.677866971875 0.428147475 0.6801237015625 0.4234112328125 0.6806922171875 0.40804480468750004 0.68251429375 0.40640128124999997 0.687694425 0.40728012812500003 0.690172153125 0.40474512812499996 0.7002169328125001 0.382331421875 0.7028322 0.3712703140625 0.6993255875 0.3660312484375 0.6963911656249999 0.349173353125 0.6843316703125 0.3255426625 0.6794659953125 0.273367725 0.6745756328125 0.27042706562499996 0.6568472812499999 0.2682637109375 0.6518193828125 0.2738491609375 0.6435893296875 0.28712414218750004 0.6384963328125 0.30072025
13 0.409404571875 0.560925390625 0.3944290203125 0.539174815625 0.38339106875 0.515822984375 0.372440246875 0.5069461093750001 0.35915658125 0.499573328125 0.3606962359375 0.5074868218749999 0.36376452187499997 0.5120710046875 0.36238444687500004 0.5181170109375001 0.3680973875 0.5416209015625 0.380674996875 0.5728862234375 0.408531590625 0.563363228125 0.409404571875 0.560925390625
13 0.3191543859375 0.5464581749999999 0.3273881046875 0.5369307953125 0.3307424875 0.5357055625 0.3405993296875 0.5448190328125 0.3427872890625 0.544345846875 0.34423980625 0.5377843828125 0.341236615625 0.5251895453125 0.3474272640625 0.515104446875 0.35486412343749996 0.511247053125 0.3558095453125 0.5082937624999999 0.3545596609375 0.49831845937499997 0.351857259375 0.49490461249999995 0.3213523390625 0.4817603015625 0.3055185015625 0.47743797031249996 0.27400306093750004 0.475257609375 0.27163083593750004 0.511005571875 0.2694428765625 0.51147875625 0.2578768109375 0.5447169796875 0.2878021953125 0.5619849125 0.3053893359375 0.568926778125 0.3088886046875 0.5666706390625 0.3191543859375 0.5464581749999999
13 0.8629559 0.375374078125 0.8561599984375 0.3633495890625 0.832664628125 0.3569358078125 0.8234744609375 0.35817367031249997 0.8186675609374999 0.365960359375 0.810940934375 0.3718795703125 0.8069345718750001 0.3777438796875 0.8000992890624999 0.39996326249999997 0.78122288125 0.41728996093750004 0.7660089906249999 0.45006762812499995 0.7477157921875001 0.46701830468749994 0.7391125109375001 0.47162774531249996 0.7305890171875 0.483216934375 0.7262965609375 0.49489066406250004 0.734476209375 0.504616746875 0.7401781296875 0.5168778296875 0.7606960203125 0.5369299859375001 0.76727091875 0.5467532328125 0.7761786640625 0.5550723859375 0.8003407078125001 0.5718374984375 0.8178701 0.5942852234375 0.8237819999999999 0.5975047421874999 0.830635653125 0.594023371875 0.83959431875 0.583111475 0.8684149828125 0.37804180625 0.8629559 0.375374078125
13 0.0812693484375 0.691864946875 0.0679967015625 0.69573496875 0.0647945515625 0.7034245 0.055749268750000004 0.7036314546875 0.049917159375 0.707391684375 0.0441611640625 0.7143840671875 0.04008603125 0.7245114312500001 0.03191373125 0.7222805515624999 0.030019212499999996 0.7244395265625 0.0216264234375 0.75774115 0.0101526109375 0.8393815625000001 0.0118976390625 0.8420600046875 0.0127128703125 0.8551280312499999 0.008855065625 0.8637090359374999 0.0066188109375 0.86452585625 0.0060151250000000005 0.8688212984374999 0.03053203125 0.8755139421875 0.040819851562499995 0.8777870890624999 0.049694537500000004 0.852377828125 0.074635078125 0.8447349421875 0.0977608875 0.8462307859375 0.12131033124999999 0.8333911031250001 0.131514690625 0.8249369 0.1511375609375 0.8249412796875 0.1601140734375 0.828997378125 0.162374475 0.8280087375 0.1672244296875 0.7897257765625 0.1706439078125 0.7804898875 0.17785976718750002 0.77443125 0.1809133609375 0.7640250234375 0.179743265625 0.7610294703125 0.1674701203125 0.742692740625 0.147462996875 0.7227800171875 0.138258134375 0.7090274671875 0.1054166953125 0.6936396499999999 0.097675371875 0.6845684484375 0.09118026093750001 0.6817249515625 0.0875287640625 0.6775167921875 0.0812693484375 0.691864946875
13 0.37102121875 0.84535835625 0.371285275 0.81706333125 0.36719545 0.8122002890625 0.35961003125 0.8133409875 0.3540713625 0.81878700625 0.3469967140625 0.8200671359375 0.3356149140625 0.81803058125 0.32612763125 0.8138350515624999 0.32021940312499997 0.814363134375 0.30476247500000003 0.8224539453125 0.2992127859375 0.8166571593749999 0.29591615 0.80237653125 0.27883610625 0.791826496875 0.267816515625 0.7872126765624999 0.24126387968750002 0.7874575187499999 0.2364533078125 0.791496609375 0.23573255624999997 0.8003987453124999 0.23743913437500003 0.8297669421875 0.24154732812500002 0.8533679953125001 0.2502340703125 0.8594859078124999 0.2559359921875 0.871746990625 0.274186134375 0.8852925812500001 0.2879044515625 0.8895726453125 0.29724685 0.8947990828125001 0.30424905625 0.89403440625 0.326139678125 0.900545353125 0.3362789390625 0.900101803125 0.34321605 0.907347784375 0.346791434375 0.908323796875 0.355394715625 0.9037143546875 0.3569957890625 0.8998695890624999 0.37102121875 0.84535835625
13 0.60433564375 0.5022750546875 0.612866484375 0.49818106718750005 0.6132974640625 0.4913407453125 0.6013865265625 0.47042675 0.5916745718749999 0.4602823765625 0.58845405625 0.4492339 0.5798324046875 0.43510532812499997 0.555235709375 0.42143293593750003 0.5385178749999999 0.408305634375 0.5288857078125 0.4051410125 0.5150298515625 0.4093870578125 0.5093499718750001 0.419611584375 0.511422434375 0.450150121875 0.505703171875 0.494618521875 0.506949384375 0.500846228125 0.5150492453125 0.5035925609375 0.5294772890624999 0.4877276828125 0.5395404375 0.4840519875 0.5916425375000001 0.5020214515625 0.60433564375 0.5022750546875
13 0.060926325 0.4781078234375 0.06766814843749999 0.509385778125 0.06709963125 0.5247522078125 0.07587351249999999 0.5453450765625 0.0856615828125 0.5587215999999999 0.106820434375 0.5628918703125 0.1171733515625 0.5571543609375 0.1287724765625 0.55764455625 0.14627248125 0.5501114640625 0.157071071875 0.552524040625 0.1621714140625 0.5464231374999999 0.1700466 0.5432206265625 0.1725967703125 0.5401701734375 0.18291662656250002 0.500704246875 0.1963808828125 0.469054653125 0.20541147343750002 0.4538572875 0.203143721875 0.447350721875 0.1917619234375 0.4453141703125 0.1798005828125 0.4474012390625 0.17162828593749999 0.44517035937499994 0.14491974375 0.43520330312500005 0.13798263125000002 0.42795732031249994 0.1293720015625 0.42507155625 0.10376479062499999 0.42236311249999997 0.0755349625 0.42322056874999997 0.0688277015625 0.4218866140625 0.060926325 0.4781078234375
13 0.7821999078124999 0.0744752296875 0.7699414546875001 0.07112890937500001 0.760896171875 0.0713358640625 0.7382344015625 0.09672811875000001 0.7352569250000001 0.11036649218750001 0.7407562125 0.13916434375 0.737999734375 0.1550039609375 0.741676946875 0.185445334375 0.7386307000000001 0.2033467609375 0.7306216484375 0.21882298437499997 0.72960745625 0.22603932968749998 0.731581765625 0.23086010625000003 0.7661728375 0.24511985468750003 0.77544279375 0.2508617453125 0.78624138125 0.2532743234375 0.8186298015625001 0.2530168515625 0.8276714109375 0.2490622921875 0.8300620015625 0.232052340625 0.8354484421875 0.22014202031250002 0.8379114765625 0.20261661250000002 0.8364442671875001 0.1941876671875 0.8269533093750001 0.1862445359375 0.8232981390624999 0.1782887765625 0.820932234375 0.14606444999999998 0.823529134375 0.1162653296875 0.8222104796874999 0.110553078125 0.801975009375 0.08094390625 0.7902960953125 0.0734739609375 0.7821999078124999 0.0744752296875
13 0.6170764265625001 1 0.615619121875 0.9993710921875 0.59402194375 0.9945459375000001 0.5751198203125 0.9856394249999999 0.5542507375 0.9794073390625 0.5510412421875001 0.979601665625 0.546013340625 0.9851871171875001 0.540688325 0.9853391765625 0.5390680546875 1 0.6170764265625001 1
13 0.6700728171875 1 0.670455659375 0.9790153281249999 0.6772295203125 0.9685542046875 0.6769974984375 0.95511015625 0.6712194640625 0.9396169265625 0.671360671875 0.9348384187500001 0.672592190625 0.9260757140625 0.6816915484375 0.9066152953125 0.6829808140625 0.88234673125 0.674717703125 0.86189329375 0.652286928125 0.8252621031249999 0.6173913890625 0.798073759375 0.598054615625 0.7922599640625 0.5944104640625001 0.795547009375 0.5938382734375 0.8071658375 0.6040720203125 0.8286924484375 0.61227738125 0.8646517484375 0.6080400265625 0.9325395000000001 0.60324414375 0.9515690031249999 0.5855378296875 0.9718912578125 0.58219446875 0.984359296875 0.6005170546875 0.997389434375 0.6166909359375 1 0.6700728171875 1
13 0.47686852343749997 0.7714887609375001 0.4581910734375 0.768531090625 0.447617159375 0.7720673578125 0.44017662812499997 0.77217715 0.43105522812499997 0.7691519578125 0.40806328125 0.7553824015624999 0.40332515 0.758906040625 0.390871409375 0.7795916921875 0.38088805312499996 0.7902471375 0.375360403125 0.8069359640625 0.377284309375 0.8347578062500001 0.3926183953125 0.8501835124999999 0.39415805000000004 0.8580970062500001 0.40320700625 0.861637653125 0.4122596328125 0.868925903125 0.4162045734375 0.8748198500000001 0.4229206859375 0.8798645890625 0.44665909531250003 0.910965225 0.45804456875 0.91674938125 0.46409768125 0.9151903921875 0.47101275156250005 0.8999507625 0.47105947812500004 0.87320209375 0.4767897609375 0.8399765015625 0.478227584375 0.8184246328125001 0.48981201875 0.80392441875 0.4986326265625 0.7977686203125 0.501251565625 0.7904551140625 0.5011717765625 0.7834753640625001 0.498103490625 0.77889118125 0.47686852343749997 0.7714887609375001
13 0.639855990625 0.1250012453125 0.6459852171875 0.12667440624999998 0.66137338125 0.12284664999999999 0.6694585484375 0.11060257656250001 0.6776235015625 0.10533825156250001 0.68381415 0.0952531546875 0.69074024375 0.0912563296875 0.695329815625 0.085015996875 0.7020385796874999 0.0825655328125 0.7115872828125 0.07500280000000001 0.72084989375 0.0732494859375 0.726171234375 0.069349825 0.7435804312500001 0.043594178125 0.7498200421875 0.03019613125 0.631965653125 0.0136327765625 0.6309362000000001 0.029971792187500002 0.622449440625 0.079037003125 0.62260901875 0.09299650468750001 0.626709865625 0.1091023515625 0.6309482484375 0.1166820921875 0.639855990625 0.1250012453125
13 0.71133980625 0.7900004671875 0.6736297015625 0.76900176875 0.6449031171875 0.73439854375 0.5889600109375001 0.7173430640625 0.5899748875 0.76043838125 0.6087275703125 0.790534828125 0.657643434375 0.8324334328124999 0.6800549625000001 0.8742332421875 0.7194553859374999 0.8832047 0.7561628609375 0.8736000859375 0.7218456390625 0.841038915625 0.71133980625 0.7900004671875
13 0.379259721875 0.121302290625 0.39384612343750003 0.11814771718749999 0.4140598921875 0.15042710937499998 0.4262315515625 0.1644543046875 0.4466745515625 0.18252351093750002 0.4729129296875 0.15935646875 0.46241934375 0.12081002656249999 0.43953711249999994 0.09493857812499999 0.40011220156249994 0.060983106249999995 0.3787155515625 0.0622786125 0.3692613296875 0.0918115 0.379259721875 0.121302290625
13 0.4061264015625 0.9780439390625 0.43801397968750005 0.9844350000000001 0.4462281375 0.9656060921874999 0.44933056562499996 0.9057937687500001 0.42280173593750003 0.8807109640625 0.397336759375 0.9486915 0.39368871250000004 0.974648690625 0.4061264015625 0.9780439390625
13 0.381166821875 0.824743065625 0.366617159375 0.8653736609375 0.36227062499999996 0.8963008484375001 0.34966499687499997 0.9356780328125 0.3539994234375 0.9638142828125 0.36676058437500003 0.96729783125 0.3912631734375 0.9541699093749999 0.4033736078125 0.9057370734375001 0.40551014218750003 0.8527974609375001 0.381166821875 0.824743065625
13 0.683663196875 0.5843975546875 0.667554484375 0.5229091515625 0.626971184375 0.5475125921874999 0.6112019015625 0.5842420671874999 0.6148485015625 0.583453421875 0.6190025375 0.6042124375 0.637972203125 0.607606696875 0.6746919234375001 0.6104940890624999 0.683663196875 0.5843975546875
13 0.598282325 0.047270909374999996 0.605097259375 0.0098566703125 0.5495154390625 0.0020451546875 0.5647140125 0.03453921875 0.598282325 0.047270909374999996