24 0.647237540625 0.19113655624999998 0.637160984375 0.1537417296875 0.629534828125 0.1523468640625 0.6217079062499999 0.1574451890625 0.579927725 0.193336121875 0.5470570890625 0.21416909999999997 0.48117603906250006 0.247828484375 0.4247880421875 0.2926563015625 0.38933282812500003 0.3093888125 0.335511609375 0.3213109875 0.28820953125000004 0.3503875625 0.2668574140625 0.354463146875 0.26544644375000004 0.3600094390625 0.275419815625 0.3806978296875 0.28564274843750004 0.383293209375 0.3295327875 0.38188885156249996 0.4268303109375 0.3844486640625 0.4454214796875 0.37696590625000004 0.4902787578125 0.3517954375 0.5204916265625 0.34426171562499996 0.5618458765625001 0.3271570765625 0.5804248453125 0.32257426875 0.6378100843750001 0.2880865 0.66408839375 0.2674988390625 0.6661926499999999 0.26207935 0.6556601671875 0.20936466562499997 0.647237540625 0.19113655624999998
24 0.131444915625 0.54735926875 0.1457299859375 0.573915115625 0.1782046890625 0.6059745890625 0.21385407031249998 0.6255549031250001 0.251455734375 0.6346091046875 0.290480565625 0.6352170546875 0.2953457703125 0.6332047453125 0.305502115625 0.61039383125 0.31457583125 0.5975425421875 0.34658900625 0.5743760921875001 0.387073603125 0.55783793125 0.3860885609375 0.5445979328125 0.361860115625 0.5314598546875 0.340076471875 0.514415665625 0.3274697265625 0.501226628125 0.3299145265625 0.49732051874999994 0.32854015312499996 0.49416695156249996 0.3217958546875 0.48930565000000004 0.3164259296875 0.48759791406249997 0.3122418125 0.4926369828125 0.3066955171875 0.491622534375 0.2572169890625 0.46080623750000005 0.25153091875 0.4517852140625 0.2510749921875 0.436465353125 0.2399824015625 0.4344364515625 0.20476455 0.4359759109375 0.1731285125 0.45195588124999997 0.1539838359375 0.4673184109375 0.1424775140625 0.481175853125 0.13355577031250002 0.4991337609375 0.129851975 0.5136927859375 0.131444915625 0.54735926875
24 0.654770715625 0.3383492015625 0.63206861875 0.3334713125 0.4720515359375 0.437703753125 0.43820805468749996 0.4423967765625 0.44500015 0.518370346875 0.462058365625 0.54543341875 0.470177040625 0.5534482875 0.47572333593750005 0.5544627375 0.5194979921875 0.5392519 0.539159584375 0.5247094640625 0.5445783 0.5148173859375 0.5413126312500001 0.5076901609375 0.6205125078125 0.4416406515625 0.6438656953125 0.41543914375 0.6594041609375 0.3914360109375 0.66800975625 0.3661648171875 0.6675416328125 0.3537449078125 0.654770715625 0.3383492015625
24 0.2928277828125 0.654510575 0.302247646875 0.6830787328125 0.30710065625 0.6839663765624999 0.33076339374999997 0.707884178125 0.3933111875 0.7244033546875001 0.3966134484375 0.7228307187499999 0.4024337 0.699952253125 0.417266678125 0.6787222671875 0.4230869265625 0.6558438015625 0.416883940625 0.6460026828125 0.42055114062500004 0.6401435203125 0.42820169375 0.63573848125 0.4450413453125 0.6322886359375001 0.46672180625 0.6326263875 0.47365467656250004 0.6338944484375 0.4824422421875 0.6478360328125 0.49110222812500004 0.6508710859375 0.5180250359375 0.6420100453125 0.5204698375000001 0.6381039375 0.522470909375 0.6159780125000001 0.5144376171875 0.58766346875 0.501313959375 0.5736543359375 0.477261884375 0.5598229703125 0.45560581874999995 0.5536853109375001 0.43340844062499995 0.5525274671875 0.3773553890625 0.5589626 0.352336071875 0.5688973453124999 0.3302540734375 0.5815459796875 0.3130250859375 0.5950822609374999 0.30168293749999997 0.611146371875 0.292207684375 0.6369840484375 0.2928277828125 0.654510575
24 0.7296493015625 0.5573745031249999 0.7297224890625 0.53997478125 0.720594378125 0.5245198171875 0.714805121875 0.498792359375 0.7071911640625 0.49449753906250005 0.66572153125 0.49779569375 0.644521390625 0.5069778953124999 0.642769878125 0.5110108109375 0.6482185874999999 0.5352248890625 0.651198103125 0.5691449859375 0.6515986390624999 0.6388706796875 0.64529146875 0.6950352109375 0.6516220374999999 0.7157828578125 0.6573325062500001 0.7190039703125 0.6877217453125 0.7107769625 0.6891571109375 0.6994307609375 0.6940223171875 0.6974184515624999 0.724861884375 0.6646052375 0.7330903421875 0.6465205234375 0.7364357953125 0.5934420078125 0.7296493015625 0.5573745031249999
24 0.5921259453125 0.798496134375 0.5962856671875 0.7992569703125 0.6393304453125 0.7926191874999999 0.645934965625 0.789473915625 0.6867113125000001 0.786048953125 0.833378578125 0.7628125609375 0.8406763875 0.759794096875 0.8464478468750001 0.7485154453125 0.8428416343749999 0.7398748390625001 0.8369547953125 0.737347009375 0.821513915625 0.7381505140625 0.814544453125 0.7455823140625 0.8103847296875 0.7448214765625 0.8111024125 0.739148375 0.8078367453125 0.73202115 0.795570546875 0.720345490625 0.777496296875 0.7286483421875001 0.740010015625 0.733400621875 0.7297382906250001 0.7424050578125 0.7092436359375001 0.7488141140625 0.6894178703125 0.7611498812499999 0.686644721875 0.7606426578125001 0.6768355234375 0.742160934375 0.6707723125 0.740326390625 0.6241091265625001 0.741223525 0.5597732234375 0.7374371234375 0.55905554375 0.7431102234375 0.5849257203125 0.7783149703125 0.5921259453125 0.798496134375
24 0.8176027546875 0.8020087515625001 0.78763284375 0.8342554828125 0.787961190625 0.8386688171875001 0.8046000781249999 0.8417121625 0.82524670625 0.84040973125 0.8345211921875 0.82106525 0.8610490640625 0.7823845781250001 0.9055114062499999 0.72739448125 0.9337607953125 0.6505747390625001 0.9351839640625 0.642128490625 0.93293993125 0.63954140625 0.90919180625 0.6359232796875001 0.9131141656249999 0.6518771734375 0.9120315437500001 0.6618368015625 0.915814125 0.66978411875 0.9128280109375 0.6786700453125001 0.903261771875 0.6849013312500001 0.892169184375 0.6828724312500001 0.8932884 0.6642129421875 0.8868846484375 0.66086501875 0.879361675 0.6761765875 0.8794282609374999 0.7015828828124999 0.8755846921874999 0.7081353328125 0.8644677046875 0.7119063406249999 0.8518243671875 0.7074171640625 0.84262306875 0.709361921875 0.8419053859375 0.7150350249999999 0.8504433921875 0.747069615625 0.8455781890624999 0.7490819265625001 0.83314121875 0.7780056156249999 0.8176027546875 0.8020087515625001
24 0.7327761875000001 0.47378307187499996 0.7342405515625 0.5792551078125 0.7362716218750001 0.5912353421875001 0.7438733828124999 0.59843011875 0.750818446875 0.596798225 0.755531678125 0.5896792953125 0.7632132234375 0.53666833125 0.7757533765625 0.5244510734375 0.7955247515625 0.48380905625 0.8028347578125 0.4778906375 0.8089101640624999 0.47682522499999996 0.8064231703125 0.44952512968749997 0.8029933296875 0.4401912390625 0.7771409484375 0.44199260156250003 0.7370212953124999 0.45424423281250004 0.7327761875000001 0.47378307187499996
24 0.7426107828124999 0.4037528015625 0.7329413609375 0.393277653125 0.70209619375 0.3861848015625 0.69391653125 0.3926696984375 0.69214061875 0.4025025234375 0.6867341 0.4094946484375 0.6783170734375 0.431172603125 0.6688174265625 0.46281018749999997 0.66771040625 0.478569721875 0.6721496828125 0.495343709375 0.676120834375 0.49969778593749997 0.709599371875 0.4992912875 0.7171767359375 0.5122859734375 0.7282693265625 0.514314871875 0.73176015625 0.50914899375 0.7309636859374999 0.49231575312500003 0.7375382125 0.45506432500000005 0.7453529359375 0.45286594999999996 0.7495614484375 0.442026975 0.7487771765625 0.4222937796875 0.7426107828124999 0.4037528015625
24 0.4541562609375 0.7333556328124999 0.42219187500000005 0.7449222703125 0.4017516125 0.779637578125 0.38333021718750004 0.8292330671875 0.380258721875 0.8584186671875 0.38168155625 0.8775431125 0.5498421390625 0.9083006625 0.5698787796875 0.8916501859375 0.5903190406250001 0.8569348828125 0.5961636890625 0.8282565078124999 0.5921869375 0.7839963640625001 0.5759861796875 0.7592667671875 0.5599252 0.74254374375 0.48687492031249996 0.7074160359375 0.4742193828125 0.7058268109375 0.4541562609375 0.7333556328124999
24 0.544697284375 0.7339540984374999 0.5613361703125 0.736997446875 0.6078107859374999 0.73969355625 0.61059613125 0.737300828125 0.5852006734375 0.6717099703125 0.5689999171875 0.646980371875 0.56294890625 0.642245875 0.539541325 0.6401411312499999 0.507260790625 0.64439448125 0.4876235953125 0.6531370078125 0.48215608750000005 0.674628903125 0.4850812125 0.6802427453125001 0.5078864921874999 0.7018270734375001 0.5249691015625 0.7230902375 0.544697284375 0.7339540984374999
24 0.439318678125 0.6319674734375 0.422995940625 0.6362374109375 0.41394661875 0.643288790625 0.4109239109375 0.6608745765624999 0.41291838593749997 0.6815546718750001 0.3996605515625 0.6994450296875 0.3954154453125 0.7189838671875 0.396236309375 0.730017203125 0.391310115625 0.7465292781249999 0.39460017812500003 0.747856596875 0.40641045 0.74421239375 0.455001521875 0.7385890609375 0.45816400625 0.72900985 0.47248006875000004 0.7069597734374999 0.4839198015625 0.667696034375 0.48869402031250003 0.6460773328125 0.48440672031250004 0.63440996875 0.472103928125 0.63143416875 0.439318678125 0.6319674734375
24 0.6258550421875 0.69728454375 0.6449143328125 0.7022216921875 0.645279271875 0.6979351640625 0.624718028125 0.6789379234374999 0.5969443578125 0.6426594718749999 0.5810963453125 0.6165432984375 0.563734175 0.5792669874999999 0.5276832578125 0.5726730640625 0.5219849890625 0.56655199375 0.5196011765625 0.5559583359375 0.5111541546875 0.5435301328125 0.4991797078125 0.5449676671875 0.474160390625 0.5549024140625 0.46393745781250006 0.55230703125 0.4606352 0.5538796671874999 0.49334726250000005 0.5707460875 0.5111475578125 0.5863361515625 0.5205674203124999 0.614904309375 0.5194116078125 0.6422636578125 0.5480371374999999 0.64096951875 0.56328945 0.6437592546875 0.5845073875 0.6715831640625 0.5954901953125 0.6997116453125 0.629801796875 0.7074385296875 0.630178934375 0.70025205 0.6258550421875 0.69728454375
24 0.649227025 0.6253770656250001 0.6511427125 0.6235508171874999 0.6502496578125 0.5472051234374999 0.64259350625 0.5117040984375001 0.658095375 0.4964008234375 0.6743937140625 0.49793079375 0.676309403125 0.49610454531250003 0.672320453125 0.4547443578125 0.6659410953125 0.445596525 0.6567098 0.41343512968749996 0.6471801546875 0.4109665546875 0.6062208390625 0.4578908234375 0.5749131484375 0.47828412656249997 0.5444507187500001 0.50391085625 0.5447424734374999 0.5170240546875 0.526795803125 0.5362334328125 0.5173571421875 0.55337125 0.5212917015625 0.5664251890625 0.5268135984375 0.5732395453125 0.5638983484375 0.5814736546875 0.584021465625 0.62215714375 0.605160615625 0.627474709375 0.629261484375 0.6297062609374999 0.6353612875 0.6228409421875 0.649227025 0.6253770656250001
24 0.5137041359375 0.3909062921875 0.5152548828125 0.393366571875 0.5122809687500001 0.399352540625 0.48273698906250007 0.41281297656250004 0.491889496875 0.42246803125000004 0.4960492140625 0.42322886718749997 0.5438926093750001 0.3891724765625 0.5884093453125 0.362488628125 0.5936638859375 0.3503898859375 0.5798957328125 0.32465413125000003 0.566711084375 0.325144765625 0.5510694390624999 0.332441465625 0.4873292375 0.3519815 0.4494292234375 0.3726201203125 0.44785408125000004 0.3759597484375 0.4594269921875 0.387508603125 0.5137041359375 0.3909062921875
24 0.46934137187499997 0.2572725921875 0.42496541250000003 0.20925093125 0.4178805671875 0.202876246875 0.4104307828125 0.20078809375 0.40086454375 0.20701938125 0.3877708828125 0.2271164078125 0.3788979296875 0.2334745015625 0.34318095937500004 0.2711999765625 0.3603123625 0.280863325 0.39245871875 0.3085094671875 0.43190947968750004 0.2903311234375 0.44114737187499997 0.279686503125 0.46934137187499997 0.2572725921875