10 0.4710151953125 0.1274237453125 0.45168321875000006 0.12822744375 0.42738925781250003 0.14038748750000002 0.412832928125 0.14665906875 0.4063130140625 0.151941665625 0.39170893906250004 0.1697565984375 0.3849271984375 0.17619930156250002 0.3752052359375 0.20523847812499998 0.3758168171875 0.219115803125 0.3806124609375 0.2514570171875 0.3887648515625 0.2666927859375 0.397669125 0.2770024015625 0.398938421875 0.281905040625 0.4228642671875 0.30476710625000003 0.443338228125 0.31580975 0.468868240625 0.320719034375 0.4921416640625 0.3155305484375 0.5132795890625 0.3054495140625 0.532261815625 0.2896084 0.548383565625 0.2749576453125 0.5544797421875 0.25145663125 0.55729216875 0.2233657328125 0.5615353375 0.207117765625 0.5566464718749999 0.195604334375 0.548942709375 0.174822375 0.532517321875 0.1515836890625 0.5006615296875 0.13546695625 0.47830762968749996 0.1305206625 0.4710151953125 0.1274237453125
17 0.4955459796875 0.1841983890625 0.49144144531249995 0.1763883890625 0.480199340625 0.18778219062499998 0.505060225 0.278422028125 0.51323996875 0.2844765375 0.5219215671875 0.28364924375 0.52760239375 0.278499803125 0.528175290625 0.2719574578125 0.51286420625 0.2204045109375 0.5076955796875 0.2118211453125 0.50705086875 0.206590115625 0.50322605625 0.1995626140625 0.5017969734375 0.194340721875 0.49878089531249997 0.1883515546875 0.4955459796875 0.1841983890625
27 0.051852909375 0 0.05592450624999999 0.1750568234375 0.0659963515625 0.1872876265625 0.07889203125000001 0.25079409531249997 0.0986389875 0.281576309375 0.10975126875 0.2917842828125 0.123492971875 0.2981531140625 0.1360209734375 0.299095334375 0.14684228125 0.29679299531250003 0.1505841953125 0.294029040625 0.1505082890625 0.2907654796875 0.1359320140625 0.271892665625 0.12169692343750001 0.24431069375 0.0862991546875 0.19521225312499998 0.0784990515625 0.187141996875 0.0699908875 0.172007021875 0.068397653125 0.150262615625 0.0760961484375 0.130586275 0.0793573265625 0.10715310156249999 0.084072571875 0.0994811390625 0.1473055765625 0.036176082812499996 0.1587210859375 0.036043115625 0.1807811875 0.0493880140625 0.1917412546875 0.0296736859375 0.204471275 0.0159235546875 0.23597258906250002 0 0.051852909375 0
27 0.2321581578125 0 0.20710069375 0.012084409375 0.1943453734375 0.0247466875 0.182386671875 0.04828116875 0.1774816609375 0.047794228125 0.15815218749999999 0.034961595312499996 0.1510474921875 0.0334121265625 0.14619308749999999 0.03510089375 0.12179493906250001 0.061500639062499994 0.08614574375 0.0951043984375 0.077271503125 0.1109859140625 0.07451596875 0.1327809765625 0.07035696875 0.14099053125 0.067929965625 0.1535325046875 0.069940284375 0.169831315625 0.0768176609375 0.184985284375 0.12059708124999999 0.24377943124999998 0.1376640109375 0.276225084375 0.18603256562499998 0.34530318437499996 0.199938734375 0.3587430609375 0.2122900203125 0.37546549375 0.2272201203125 0.386173071875 0.23151828281250003 0.38394670937500003 0.232529565625 0.38067048593749997 0.2341852546875 0.3583441609375 0.24905050625 0.272751371875 0.25112368125 0.26837463125 0.2575835734375 0.265579015625 0.2558136234375 0.2596148171875 0.2417176921875 0.2380160375 0.2290754296875 0.208783290625 0.2224257734375 0.20342000468750002 0.21647112656249998 0.181182321875 0.20912566093749999 0.1459030625 0.20899875156249997 0.11706860937500001 0.21382745781249998 0.090896809375 0.2340029515625 0.0465918 0.2545706296875 0.019148525 0.2739663953125 0 0.2321581578125 0
2 0.629313334375 0.9353570203125001 0.6307417046875 0.926635196875 0.6338502703125 0.849884534375 0.6400187875000001 0.81118341875 0.644188840625 0.709937059375 0.6548436890625 0.58358775 0.6581159171875 0.46711776718750003 0.6649288421875 0.4093665515625 0.6695922859375 0.329333334375 0.6720319406249999 0.3173352859375 0.668529996875 0.30703866875 0.6640800234374999 0.3027379078125 0.657506271875 0.3006381796875 0.538964478125 0.30038671875 0.528674115625 0.3021388015625 0.48988946093749997 0.3178246359375 0.45786792343749994 0.320373915625 0.44367118124999994 0.31781890625 0.42443026875 0.3087937625 0.39448150625 0.2835711171875 0.3280869359375 0.281080028125 0.256028690625 0.268861571875 0.24905050625 0.272751371875 0.24539715 0.279322815625 0.2322385921875 0.368160171875 0.2253367140625 0.39870871406249997 0.2176390125 0.4651754203125 0.19652894062499998 0.5628105828125001 0.1876432421875 0.6483337203125 0.17844086875 0.6968635078125 0.16880915624999998 0.7736901515625 0.1525408390625 0.8690926171875001 0.15437404375 0.8777764515625 0.1604674546875 0.88260214375 0.16811574375 0.884145278125 0.1991386453125 0.8854161515625 0.22261446562499998 0.8894953015624999 0.24109671562499999 0.8892800234375 0.26078001875 0.8939474203125 0.3567944234375 0.907519059375 0.47711881875 0.91427865 0.5115045015625 0.9198629437499999 0.557457509375 0.9318413953125001 0.575977709375 0.9332578968749999 0.6207549671875 0.9414415234375 0.625596721875 0.9392088296875001 0.629313334375 0.9353570203125001
7 0.6736781734374999 0.48162650156250003 0.6657140046875 0.48988038281249996 0.6583946390625 0.502479340625 0.658559103125 0.5095503875 0.6882935953125 0.572316646875 0.705019346875 0.6134714609375 0.7064228140625 0.62705696875 0.7677491078124999 0.6921756171875 0.831717471875 0.7539990484375 0.861830696875 0.78629274375 0.8888590625000001 0.8028442203124999 0.9014624859374999 0.8070290828125 0.8968193765624999 0.60740044375 0.738782734375 0.4520322421875 0.7282520031249999 0.44344971875 0.723321690625 0.4418749234375 0.7099215625 0.45019211718749996 0.6736781734374999 0.48162650156250003
25 0.6873020249999999 0.24914815468749998 0.7010816796875 0.2571487609375 0.710828446875 0.2554030125 0.7163276578125 0.258059328125 0.7577294828125 0.2613856046875 0.8218864140625 0.2611823859375 0.8495212328124999 0.25705198125 0.8743495140625 0.24914574531250003 0.8752975453125 0.2431498875 0.8697603812500001 0.238861790625 0.870164815625 0.2328722640625 0.7918229953125 0.18427403281250002 0.76499704375 0.1764253875 0.7486765265625 0.1760714109375 0.7080207140625 0.1814416328125 0.6751523578125 0.194338184375 0.6383147625000001 0.22360319374999998 0.63519235 0.22962437812499997 0.6489593546875 0.2370810578125 0.6873020249999999 0.24914815468749998
25 0.6735468703125 0.1954450328125 0.7220023859375 0.17474988593750002 0.7393721453125 0.1734594171875 0.7737198750000001 0.1774119296875 0.7907105 0.1831988421875 0.8006596859374999 0.19015591874999999 0.8060829921874999 0.18954867656250002 0.8140977640625 0.18347050625 0.777221421875 0.164313365625 0.7349850250000001 0.148483109375 0.7004854843749999 0.1380034703125 0.65244665625 0.12985783281250002 0.6453803109375 0.15333532968750002 0.6381242 0.16865392343750002 0.6202618515625 0.19552161562499998 0.6237764453125 0.2063621625 0.63492668125 0.218201915625 0.6457859406249999 0.2175313546875 0.6735468703125 0.1954450328125
25 0.747499978125 0.12548621875 0.74409924375 0.119541015625 0.7455402640625 0.11136311875 0.7392570875 0.0983785265625 0.7359571593750001 0.07338955 0.732063434375 0.06962638593750001 0.7176267234375 0.0801319515625 0.7036450515625 0.0868236984375 0.6909276828124999 0.10111775468749999 0.6832418390624999 0.1213380234375 0.6839372453125 0.1278588125 0.67914609375 0.1322672125 0.67975294375 0.1349805140625 0.7037850109375 0.139597259375 0.7470326890625001 0.152151296875 0.747499978125 0.12548621875
25 0.730726815625 0.2693171671875 0.7278317234375 0.26173385 0.7229393640625 0.26179083593749997 0.7174275015625 0.25859059218749997 0.680349140625 0.2541258078125 0.6641045265625001 0.2570353921875 0.647392225 0.263214871875 0.641020890625 0.2698179734375 0.6412486093750001 0.27960865625000003 0.6298710546875 0.2813734046875 0.6262303484375 0.288488775 0.616066496875 0.2956801265625 0.6226528984375 0.298323778125 0.6705778703124999 0.3015740734375 0.6714250890625 0.314621984375 0.6685054921875 0.3527411828125 0.66985835625 0.3641509796875 0.672045390625 0.36466958125 0.6732211375 0.36846440468749997 0.6770136578125 0.36787615625000003 0.6844595296875 0.3607164625 0.6879231203125 0.3459861171875 0.695343696875 0.337738571875 0.7056210093749999 0.312047378125 0.7167328921875 0.29886016875 0.717731525 0.2950400203125 0.7226238859375 0.2949830328125 0.721941128125 0.28900617031250003 0.7282618578125 0.2802273609375 0.730726815625 0.2693171671875
25 0.27100759375 0 0.2444447265625 0.027971654687500003 0.226569728125 0.054295420312499995 0.21678540468750002 0.0778045734375 0.20875838125 0.106734 0.2074691734375 0.1214390203125 0.20922687187500003 0.1502544765625 0.221869528125 0.2028824078125 0.2285824421875 0.21096532968749998 0.24457483125 0.24396757500000002 0.2647135703125 0.2682163390625 0.2794918609375 0.2723967953125 0.310552715625 0.27529944687499996 0.324256465625 0.28003649531249997 0.36398955 0.2817499859375 0.3938493515625 0.279769959375 0.39314129375 0.2727052453125 0.3823828421875 0.2543320359375 0.3756948328125 0.2239417859375 0.3758082921875 0.2054419421875 0.38235634375 0.18305863125 0.39230512812499996 0.16662052656249998 0.40878971093749994 0.150650365625 0.42810613281250004 0.1395438859375 0.45398365468749996 0.12999320781249998 0.469735275 0.1292656625 0.505827653125 0.1380945203125 0.526762609375 0.14982030468750002 0.540681425 0.16380410781250002 0.545750903125 0.17136210000000002 0.5601757593750001 0.2071029734375 0.556017159375 0.23870771249999997 0.5590387640625 0.25173029687500004 0.57251479375 0.2466766625 0.584802425 0.23728427812500003 0.6160902 0.20318724531250001 0.6371002640625 0.1713862234375 0.652054871875 0.1363912859375 0.6578063046875 0.10313577031250001 0.6583874546875 0.0813660375 0.65660445625 0.051462728125 0.6504979921875 0.0226979234375 0.64218889375 0.002405753125 0.50436341875 0 0.27100759375 0