24 0.7510484203125001 0.806476496875 0.7338658953125 0.7940815265625 0.723507153125 0.7937181625 0.71515050625 0.7986533921875 0.7108208015625 0.7989561546874999 0.7081033578125 0.806760209375 0.7084061203124999 0.811089915625 0.7244077703125 0.8377078062500001 0.724892090625 0.8757441078125 0.7199984140625 0.8913143734375 0.7218642125 0.9102189890625001 0.697286259375 0.93206045 0.694807265625 0.9354969546874999 0.695110028125 0.939826659375 0.702713478125 0.9474528671875 0.7192147890625 0.9501060000000001 0.7401101171875 0.9611536265625 0.753791828125 0.9623723453125 0.780246959375 0.9518206703125 0.794292034375 0.94268065 0.8060851875000001 0.9402244124999999 0.811660078125 0.9343959843749999 0.8294558000000001 0.9244498328124999 0.8248233328125 0.920422890625 0.8049990515625 0.9169144031249999 0.7953821296875 0.911604428125 0.79288805 0.8992700625 0.7891866265624999 0.8930025765625 0.7642228015625 0.8626605046875 0.7628603703125 0.8431768312499999 0.7541366484375 0.8350851015625 0.755079071875 0.8252297296875 0.7515668765625 0.8216683093749999 0.752736371875 0.8150602171875001 0.7510484203125001 0.806476496875
24 0.513877121875 0.46356997499999997 0.5147589421875 0.46840304843749997 0.528406515625 0.4924662546875 0.535430909375 0.49958909531250006 0.546205946875 0.5059058046875 0.54848804375 0.5307637656249999 0.552995596875 0.540781896875 0.565469965625 0.548067496875 0.5697882921875 0.5553795640625 0.5921294109375 0.555992759375 0.6076732125000001 0.5527303921875 0.6132859484375001 0.547443175 0.6347944703125 0.5361496812500001 0.63758760625 0.529428053125 0.6409068671875 0.5068977046875001 0.6406496203125001 0.4721086828125 0.6326298718750001 0.45852913125 0.6334473796875 0.4546649484375 0.62573039375 0.4454151015625 0.6149818218750001 0.4472544328125 0.6041689375 0.4403965109375 0.5841554312499999 0.4341819578125 0.5488251953125001 0.43447705000000003 0.5347422749999999 0.44307585781250003 0.5282741843750001 0.45168604375 0.5163561156250001 0.46013347031249996 0.513877121875 0.46356997499999997
24 0.45808615 0.6534712218750001 0.4395562796875 0.6373634515625 0.434068459375 0.636659478125 0.40607675624999995 0.6407922859374999 0.37965947031249997 0.651885175 0.3681198546875 0.6657447328125 0.3613640890625 0.6857960859375 0.35110750625 0.6946711890625 0.3664922546875 0.7202445 0.375643653125 0.7266747453125 0.39330308125 0.7303346140625 0.40562606875 0.7354553609375001 0.4226950609375 0.746226690625 0.4269376953125 0.75245633125 0.4362518546875 0.7534366 0.44097139218750003 0.7509311390625 0.45933479374999997 0.7491031859375 0.4741746203125 0.7513286421875 0.4806577984375 0.758489328125 0.49037316718749996 0.74965206875 0.4951419296875 0.74007299375 0.49639849375 0.7269324968750001 0.4936887203125 0.7037360234375 0.49180016249999997 0.700061065625 0.48584681874999996 0.7004773640625 0.46952335625 0.708145128125 0.4702651734375 0.7031985187500001 0.48515422499999994 0.6983503578125 0.4902257484375 0.6931009859375 0.4845108546875 0.689149734375 0.4779141390625 0.680365409375 0.474629015625 0.6800512671875001 0.473232446875 0.6834120828125 0.46878920625 0.68209120625 0.455293015625 0.6601928515625 0.45808615 0.6534712218750001
24 0.7422232984375 0.5558305031249999 0.7312248968749999 0.569652215625 0.7042550171874999 0.5883977796875001 0.7040051890625 0.6003801578125 0.7066241859375 0.606723334375 0.6970223515625 0.61718423125 0.702233878125 0.6217145421875 0.693021875 0.629972740625 0.687182065625 0.6320126796875 0.6868300796875 0.634756590625 0.6960950140625 0.6428104765625 0.7145227281250001 0.649679778125 0.7149162687499999 0.67086278125 0.718969678125 0.6743863546875 0.7260054484375 0.673894365625 0.74391470625 0.6655718546875 0.7487591578125 0.6570752046874999 0.7454475656249999 0.6486050203125 0.762891303125 0.6414027812499999 0.77144855625 0.6315587875 0.780346415625 0.6265857125000001 0.7905008421875 0.608472140625 0.8030471921875 0.593454465625 0.8056246343750001 0.5758707281250001 0.8046406562499999 0.5617991875 0.8003715546875 0.5474135046875 0.791772746875 0.533330584375 0.774843759375 0.5323389374999999 0.7698479265625 0.538670734375 0.763580440625 0.54237215625 0.7622595624999999 0.546815396875 0.7422232984375 0.5558305031249999
24 0.637829765625 0.5484462015625 0.6201854265625 0.56055720625 0.6197842140625001 0.5703747328125 0.60898641875 0.5792876812500001 0.6061175921874999 0.584926884375 0.5822928359375 0.5942069062499999 0.5735463578125 0.6013448343750001 0.5681228468749999 0.6093381171875001 0.5699015765625 0.6347751359375 0.5676496546875 0.6414589187499999 0.5829587125 0.665949803125 0.615874265625 0.677788471875 0.6386809078125 0.6772813953125 0.6476166140624999 0.6728495328124999 0.66031434375 0.6599967125 0.6659384609375001 0.6470946640624999 0.6726714687500001 0.642272971875 0.679340165625 0.6287540218750001 0.691413575 0.5680852171875 0.6889194937500001 0.5557508515625 0.6913341749999999 0.543617090625 0.6858198859375 0.534757075 0.6767328 0.537024084375 0.6711200625 0.5423113015625 0.6635430796875 0.5428411359374999 0.6537255515625 0.5424399249999999 0.6492066203125 0.540036621875 0.6473180640625 0.536361665625 0.64237145625 0.535619846875 0.637829765625 0.5484462015625
24 0.3146733484375 0.32141197187500004 0.3122359078125 0.3487753921875 0.314680765625 0.3681833734375 0.324085703125 0.3860169421875 0.3348985875 0.3928748640625 0.3560702109375 0.40009615312499996 0.3742102484375 0.418406621875 0.38955344375 0.42005301875 0.399458040625 0.4139218265625 0.4161940921875 0.3888217078125 0.4257694609375 0.3702047671875 0.4275672390625 0.3570264265625 0.42332089375 0.327411084375 0.42581126718749995 0.31635975 0.42607247499999995 0.29676254062499996 0.42131138437500004 0.2753410890625 0.41633830937500005 0.266443228125 0.4099308203125 0.2603649671875 0.39598419375 0.25535775625 0.38667003437499997 0.2543774875 0.3731775515625 0.2558648328125 0.36315941875 0.2603723859375 0.3498069390625 0.2716394140625 0.33071680625 0.2941848484375 0.3146733484375 0.32141197187500004
24 0.8184203109375 0.7044145375 0.8118008375000001 0.710859871875 0.8080501906249999 0.7116660015625 0.7940770984375 0.698502746875 0.7770496609374999 0.71165833125 0.757554609375 0.7206355921875 0.758311515625 0.7314598546875 0.7660285015625 0.7407097031250001 0.7783514890625 0.7458304499999999 0.78546295 0.7464208859375 0.792877175 0.7513410296874999 0.7918212140625001 0.7595727625 0.7823593828125001 0.779813340625 0.788263503125 0.786470659375 0.7983837921875 0.791201575 0.804969128125 0.8076007296875 0.7894896421875 0.81956035 0.788509371875 0.8288745093750001 0.8069749296875001 0.8362850249999999 0.82073233125 0.8385861703125 0.8326390203124999 0.8377535734375 0.8399132406250001 0.832894034375 0.852436834375 0.83310601875 0.8565773125 0.8300971921875 0.8636130828124999 0.829605203125 0.8678784765625001 0.820605184375 0.8610017578125 0.7922614953125 0.8506279296875 0.7761272578125 0.8450871734375 0.7591112 0.8358222375000001 0.751057315625 0.8400497859374999 0.7415160843749999 0.8507718921875 0.731520709375 0.8521419937499999 0.7200038531249999 0.84820211875 0.7181039171875 0.841768165625 0.7038696156250001 0.8383316609374999 0.701390621875 0.8301377734375001 0.700875875 0.8184203109375 0.7044145375
24 0.6288406234374999 0.6921098437500001 0.618708953125 0.6949937562499999 0.6098640265624999 0.716278915625 0.5879807593749999 0.7455459796875 0.583476915625 0.7589135484375 0.58261018125 0.769851346875 0.5766568375000001 0.7702676453125 0.5843246 0.7865911078125001 0.59501256875 0.7994402218750001 0.595693784375 0.8091820578125001 0.5981235546875 0.8128191671874999 0.6131526078125 0.817750690625 0.617785075 0.82177763125 0.64287010625 0.8227428140624999 0.6652226046874999 0.8157411781249999 0.6893615015625 0.8031760328124999 0.692885078125 0.7991226218749999 0.6920032546875 0.79428955 0.6730570874999999 0.7722284359375 0.6660591609375001 0.7732616375 0.667504953125 0.7628272078125 0.67110421875 0.7598562249999999 0.6711648218749999 0.7451677796875 0.6624260109375 0.7213051765625 0.6564083562499999 0.71302421875 0.65578774375 0.6885939375000001 0.653974878125 0.6860014078125001 0.6414134390624999 0.6852482109375 0.63909720625 0.6832347390625 0.6289276921875 0.6855774390625 0.6288406234374999 0.6921098437500001
24 0.8167410374999999 0.3537425625 0.8116695140625 0.358991934375 0.793820859375 0.352626 0.780756053125 0.3524518609375 0.7710899062500001 0.354215503125 0.7549178249999999 0.36404811718749996 0.7511293328125 0.364313034375 0.745603665625 0.3630678484375 0.7445326171875 0.3555287109375 0.74031645 0.35745511093750004 0.7377882312499999 0.3679652328125 0.7401573984375001 0.3862907890625 0.737439953125 0.3940948453125 0.7285685578125001 0.4072239625 0.726343103125 0.4220637890625 0.727641221875 0.4328502078125 0.7313426468750001 0.4391176921875 0.7381021203125 0.442452040625 0.7661202890625 0.4464752734375 0.7750181484375 0.44150219999999996 0.78808295625 0.4416763375 0.7954707125 0.4384404375 0.8116806406249999 0.42914903750000005 0.8166764734375 0.42281723906249996 0.8333405453125 0.42002039375000005 0.842087025 0.4128824671875 0.848505890625 0.411345896875 0.8567868484375 0.405328240625 0.8573015937499999 0.397134353125 0.8507805703125 0.389432453125 0.84561826875 0.377828528125 0.842219609375 0.375890746875 0.829192646875 0.3762578203125 0.8280194421875 0.359480215625 0.82628226875 0.35797011093750003 0.8167410374999999 0.3537425625
24 0.5640021734375 0.3404157921875 0.5660307328124999 0.35387042968750004 0.5792241609375 0.3714390796875 0.58554458125 0.3840497421875 0.58844358125 0.40995228125 0.5876146921875 0.42143129375 0.59437416875 0.4247656421875 0.603688328125 0.42574591093749997 0.6187287593749999 0.423062603125 0.6382995015625 0.41516776875000005 0.6608375171875001 0.3874864984375 0.6724491140625 0.3513236671875 0.6724718734375 0.336094009375 0.670431934375 0.3302542 0.6311581171875 0.3052636578125 0.6201181609375 0.2951584546875 0.61746131875 0.288274065625 0.61285531875 0.292403165625 0.6009486296875 0.2932357625 0.5888185781249999 0.31420678125 0.5783349234374999 0.31983460468749997 0.5660384015625 0.32286990000000004 0.5627419 0.3301705875 0.5657507265625 0.3343110671875 0.5640021734375 0.3404157921875
24 0.3760302796875 0.5455424843750001 0.3706824609375 0.5546181921875 0.36959236562500003 0.5856944125 0.37742288749999997 0.5965678999999999 0.3786717828125 0.6144279328125 0.384802975 0.6243325296875 0.3765598625 0.6308914 0.3727335265625 0.630615103125 0.37186308437500004 0.6181672 0.3535602859375 0.605306709375 0.3503508515625 0.6060749953125 0.342058515625 0.6197074796875001 0.34363293125 0.6266675609375 0.3525458796875 0.63746535625 0.36660604375 0.6440962078125 0.374837775 0.6451521671875 0.3879139609375 0.6377114765624999 0.4380954 0.6320270109374999 0.44927165 0.62852619375 0.4678470359375 0.614174646875 0.4764535125 0.5972570375 0.4750532359375 0.57723215 0.469236184375 0.5640424312500001 0.4505170890625 0.5452285953125 0.4300759046875 0.5406755265625 0.419955615625 0.5359446109375 0.41791567656249995 0.530104803125 0.408650740625 0.5220509171875001 0.40878703437499997 0.508444896875 0.40460871093749995 0.5109125125 0.397046815625 0.5272132187499999 0.38748282500000003 0.5382153296875 0.3760302796875 0.5455424843750001
24 0.5208092234375 0.92047110625 0.5267398109375 0.9352844656249999 0.5402738484375 0.9577240343750001 0.5527746812500001 0.9731656765625001 0.5645943015625 0.9788654828125001 0.571088859375 0.9784113390625 0.5831961546875 0.972669978125 0.6142459078125 0.9656040328125 0.6340778593749999 0.9381119890624999 0.6347553640625 0.924468125 0.6104349109375 0.9033266765624999 0.5999210796875001 0.8774127578125 0.586477821875 0.8718264874999999 0.5701657359375 0.871879421875 0.556283421875 0.875569465625 0.548959975 0.8875026187499999 0.5409288484375 0.8815378968750001 0.5302938125 0.8850008687500001 0.5192424765625 0.8825104953125 0.5177702203125001 0.884788884375 0.524279865625 0.9001056125 0.5249610812500001 0.9098474484375 0.5208092234375 0.92047110625
24 0.603104046875 0.8684884296875 0.6023130046875 0.88050865625 0.6054239890625001 0.893887603125 0.609855853125 0.9028233078125 0.619851228125 0.9135454140625001 0.6343390656250001 0.9185147796875001 0.6701726703124999 0.9176406296874999 0.696904096875 0.9032626171875 0.7082052609375 0.893770609375 0.7184504656249999 0.8925103359375001 0.721432828125 0.8884947734375 0.725433303125 0.8757062624999999 0.723329053125 0.8611691984375 0.726235725 0.856071209375 0.7241579421875 0.8496901859375001 0.725024675 0.8387523874999999 0.7149649874999999 0.8193330265625001 0.7085196546875 0.8127135546875 0.6767886859375001 0.8100376640625001 0.6477031796875 0.8218609921875 0.633370428125 0.8424421796875 0.625706375 0.8495044171874999 0.6161916109375001 0.8534329109375 0.603104046875 0.8684884296875
24 0.5001434390624999 0.9282612265625 0.5189787124999999 0.9124412156249999 0.5110435609375 0.8767387921875001 0.48351622968749997 0.8460321203125 0.45212850781249997 0.811969659375 0.4096765859375 0.853008353125 0.4201726859375 0.899408890625 0.4355763171875 0.9382147937499999 0.4633938796875 0.947146790625 0.5001434390624999 0.9282612265625
24 0.5150062156249999 0.466754178125 0.5419786515625 0.43767510468750004 0.5669829625 0.4323009046875 0.585401853125 0.436451525 0.5915205984374999 0.3943277609375 0.5825383093750001 0.369575753125 0.563867115625 0.3618170453125 0.5354187968749999 0.34386482812499997 0.49610828749999997 0.3520522828125 0.477235084375 0.3932550578125 0.4684292390625 0.42287666562500004 0.48861424375 0.4522839 0.5150062156249999 0.466754178125
24 0.571334753125 0.6241602984375 0.5639042046875 0.595674053125 0.5323144734375 0.6105730765625 0.5021882625 0.59455105625 0.4873774609375 0.5901481328125 0.4737020171875 0.6019816046875001 0.46594330624999997 0.620652796875 0.438087815625 0.6371035640625 0.4582728203125 0.666510796875 0.49507267343750005 0.700194803125 0.49927358593750004 0.734345484375 0.4845510046875 0.75712936875 0.496006021875 0.76539268125 0.537120575 0.7570790765625001 0.5783233531249999 0.7759522796875 0.5937146171875 0.7368058484375 0.6121714390624999 0.71557370625 0.626263265625 0.683769603125 0.5873691375 0.6719864234374999 0.5678148875 0.6515994078125 0.571334753125 0.6241602984375
24 0.3435453578125 0.788743825 0.3590248453125 0.7767842046875 0.3778221890625 0.78634695625 0.3893151359375 0.7692275046875 0.3960646375 0.7361239609375 0.37378535625 0.7286175546875 0.35666590625 0.7171246078125 0.346005721875 0.69430279375 0.3595550171875 0.6806652796875 0.3513296328125 0.66673753125 0.33421018125 0.6552445859375 0.31449185156250004 0.658436290625 0.2736295984375 0.670357984375 0.2495083453125 0.6883604921875001 0.2083937921875 0.6966740984375 0.21829706718750003 0.7086716484375 0.24968478906249997 0.742734109375 0.28035353281250003 0.740589540625 0.2763290640625 0.760812475 0.2958833140625 0.7811994906249999 0.3239911078125 0.7683568109375 0.3435453578125 0.788743825
24 0.6737999984374999 0.430270125 0.659153275 0.40228847968750003 0.6245862125 0.4264600265625 0.59043553125 0.430660940625 0.5969830234375 0.4465188828125 0.622239634375 0.4447527671875 0.6357509984374999 0.456498015625 0.6435220703125 0.5157791578124999 0.64130164375 0.5358759421875 0.6599728390624999 0.54363465 0.6933666125 0.528609475 0.689670303125 0.50167496875 0.71635250625 0.4943705703125 0.7544015046875 0.46814268124999997 0.76371195625 0.44573725 0.7108900828125 0.44217945312499995 0.6737999984374999 0.430270125
24 0.8981445453125 0.5015999515625 0.872673559375 0.47437521406250005 0.8300451921875001 0.46104029375 0.80327476875 0.44115788125 0.7620340640625 0.44766744375 0.7478160859375 0.47766750468749997 0.7168571109374999 0.5015867468749999 0.6917266484375 0.50515690625 0.6972270015625 0.5319652609375 0.68750016875 0.5743413234375 0.6873360875000001 0.5979200453125 0.7271891312500001 0.5715660015624999 0.7473238453125 0.5484036640625 0.7916680328125001 0.534425625 0.8092920875 0.553134746875 0.83878754375 0.5601365515625 0.8744899671875 0.5522014000000001 0.8835481140624999 0.526187878125 0.8981445453125 0.5015999515625
24 0.8567389203125 0.7909280046875 0.8806960921875 0.7965042171875 0.91014125625 0.750936446875 0.9264155796875 0.724418321875 0.9221264453125 0.663080834375 0.8991784796875001 0.671936971875 0.9159953375000001 0.627252259375 0.9067104515625 0.5463225921875 0.8997465796874999 0.550435284375 0.879902096875 0.551822946875 0.8332492625000001 0.558710959375 0.8035015031249999 0.5481010687500001 0.8119412593750001 0.5910196671875 0.7783834046875 0.629623565625 0.7895481906249999 0.6596615531250001 0.7765035015625 0.6805152421875 0.7974833421875 0.695363975 0.7541483640625 0.7237743640625001 0.7737026124999999 0.7441613796875 0.8336145109374999 0.7454105265625001 0.8567389203125 0.7909280046875
24 0.527999771875 0.6525706890625 0.569240478125 0.6460611265625 0.5657082499999999 0.5955479015625 0.5657461765625 0.5701651359375 0.5717008421875 0.5516200953125 0.5510994546875 0.54218349375 0.5463939375 0.5008166375 0.5194973609375 0.47913018437500005 0.50338711875 0.482069584375 0.479556096875 0.47829741718749996 0.4644550609375 0.49566917187500004 0.43432885 0.47964715 0.42308820625 0.5003746890625 0.40903430781249994 0.506796028125 0.414282359375 0.5299962953125 0.4480166578125 0.5457660140625 0.47516553593750005 0.57106055625 0.4721502734375 0.6057158421875 0.45897943437500005 0.6247654875 0.49065738750000004 0.6370532703125 0.527999771875 0.6525706890625
24 0.7231778640625001 0.4105015015625 0.7431864265625 0.38553512031250003 0.7409157078125 0.35306233124999997 0.7229131984375 0.328941078125 0.695057709375 0.34539184375 0.67315688125 0.34329757031249997 0.6590271234375 0.40048443593750005 0.6734215453125 0.42485799375 0.692345040625 0.43622478750000004 0.731113015625 0.44620392343750004 0.7231778640625001 0.4105015015625
24 0.79760949375 0.6971680203124999 0.7937491046875 0.693812234375 0.778307546875 0.6803890906250001 0.7916045375 0.6631434890625 0.7782572531249999 0.6278195203125 0.7652125671875 0.648673209375 0.7626136859375 0.6633578625000001 0.7164654546875 0.6774620515625001 0.6891524953125 0.6757462296875001 0.65911450625 0.6869110171874999 0.661385225 0.7193838046875001 0.6733069171875 0.76024605625 0.6473436890625 0.8037574796875001 0.702348059375 0.8126012546875 0.7318055859375 0.844985821875 0.765703965625 0.8371768203125001 0.7767302375 0.7874584312499999 0.7977859375 0.751541634375 0.8046615890625001 0.7202421359375 0.7956778234375 0.6984835656249999 0.79760949375 0.6971680203124999
24 0.449391115625 0.74689793125 0.43185527968750004 0.7553756171875 0.395686184375 0.7307118296875 0.390702796875 0.7890719859375 0.4321199453125 0.8369360406249999 0.44839426875 0.81041791875 0.4779779484375 0.844606528125 0.5209468375 0.8887363421875 0.5384826703125001 0.8802586578125 0.5812751171875 0.8700148578125001 0.6075409390625001 0.8826810937499999 0.6109346546875 0.853437940625 0.648983653125 0.8272100484375 0.6227178328125 0.8145438140625 0.6144545203125 0.8259988312500001 0.593474678125 0.8111500984375001 0.59775145 0.7945352515625 0.5798750921875 0.772218040625 0.5300305515625 0.7593877234375 0.5073348906249999 0.7718519500000001 0.4808167640625 0.7555776265625 0.449391115625 0.74689793125
24 0.517460378125 1 0.5193634609375 0.9998669234375 0.517439334375 0.9941277890625001 0.5372838171875001 0.9927401281250001 0.537574046875 0.9709654515624999 0.5245169953125 0.9138668046875 0.4721617953125 0.94290795 0.4761104078125 0.9734505406249999 0.470697225 1 0.517460378125 1
24 0.4811078375 0.4745631796875 0.51794561875 0.482864421875 0.4904182890625 0.4521577484375 0.4703594328125 0.4245545578125 0.502946009375 0.346135546875 0.5008014421875 0.315466803125 0.474371540625 0.3263792875 0.4413941484375 0.32143383124999997 0.4215496671875 0.3228214921875 0.42768077499999996 0.358650065625 0.3921547953125 0.4209588328125 0.34516143593750004 0.3970519515625 0.3543580984375 0.45079481250000003 0.374202578125 0.44940715000000003 0.4023103734375 0.43656447187499997 0.4022724453125 0.461947234375 0.3747954046875 0.483810134375 0.3590636140625 0.49216166718750004 0.39821004531250004 0.507552934375 0.4248922484375 0.5002485390625 0.43407654687499997 0.47603906250000005 0.462651015625 0.49579532187500003 0.4811078375 0.4745631796875
24 0.3584575859375 0.6390461203125 0.3410858328125 0.6239450859375 0.3503962828125 0.6015396546875 0.3812794 0.6283859390625001 0.3772046359375 0.5960393015625 0.3682602765625 0.5459045296875 0.39947155625 0.5255933734375 0.4016919828125 0.5054965874999999 0.3626717046875 0.49190936562500004 0.39853820624999997 0.4603954953125 0.40088478437499997 0.4421027546875 0.347015771875 0.44949537343749996 0.34297893749999997 0.391765971875 0.31952637031250003 0.3934059359375 0.28936222968749997 0.402766678125 0.2561325359375 0.3942131328125 0.26947981875 0.42953710312500004 0.23826854062499997 0.4498482609375 0.25190605625 0.463397553125 0.2350891984375 0.5080822640625 0.22741871093750002 0.553940265625 0.22813768906249998 0.5901472921875001 0.2141720125 0.6237554390625 0.183591490625 0.6530868140625 0.1876662515625 0.6854334515625 0.21200187812500002 0.6964217953125 0.256724521875 0.6878558875 0.2753074921875 0.6684277890625 0.32879805 0.6556230390625 0.361232909375 0.678735084375 0.38782689062500003 0.6442438796875 0.3584575859375 0.6390461203125
24 0.4326452984375 1 0.4296216515625 0.9567598359374999 0.44418015468750005 0.9575546734374999 0.4701557421875 0.9919955843749999 0.47061005624999996 0.9466421875 0.4317159265625 0.934859009375 0.412237534375 0.8637064656250001 0.3749330796875 0.8228062843749999 0.3464089015625 0.8556195984375 0.33080326250000003 0.8657751749999999 0.346623275 0.8846104468749999 0.35250208125000004 0.916830934375 0.35040780625 0.9387317625 0.37264915625 0.9716209328125001 0.3993313609375 0.9643165343750001 0.4325962453125 1 0.4326452984375 1
24 0.39032434375 0.7836598546875 0.3762704484375 0.7900811953125 0.3661148703125 0.7744755546875 0.3436715078125 0.7905478703125 0.33338978125 0.7731381859375 0.28480675 0.7783483078125 0.302140571875 0.81883210625 0.301560109375 0.862381459375 0.32660235000000004 0.83162449375 0.36150993593749997 0.8382478437499999 0.3696471 0.8249887828125001 0.4087556 0.8657628109375001 0.4282595578125 0.83358025625 0.39032434375 0.7836598546875