27 0.72036835 0.7049868703125 0.737198890625 0.703343640625 0.752735934375 0.694884859375 0.766470778125 0.6801560421875 0.7631525203125 0.6153589578124999 0.750900259375 0.61209258125 0.6763023703125 0.6067813828124999 0.668561459375 0.6118014296875 0.666637109375 0.61714610625 0.6657686468749999 0.667840209375 0.660976178125 0.681729003125 0.6505144031250001 0.699510009375 0.651807903125 0.706325559375 0.6572262078125 0.710358328125 0.6726410953124999 0.7135142625 0.6794566453125 0.7122207625 0.6811115890624999 0.7142739609375 0.6879823593750001 0.7145617765625001 0.6963608156250001 0.7126859515625 0.7048681218749999 0.7144998609375001 0.707901903125 0.7106996859375 0.72036835 0.7049868703125
4 0.44445321406250005 0.7077613203124999 0.42992687187499995 0.6998246296875 0.41607489218750005 0.6960863703125 0.407114109375 0.6963992875 0.3973015921875 0.702547171875 0.3944334734375 0.711091290625 0.3812073265625 0.7252745968750001 0.3692194578125 0.7446921375 0.3665605109375 0.7743388578125 0.371948696875 0.7926218656249999 0.5569625046875 0.7861610421874999 0.567921265625 0.78261186875 0.5665909515625 0.774742109375 0.5574092859374999 0.76872976875 0.54535280625 0.7559571 0.5230303328125 0.7514591390625001 0.497146975 0.7507797625 0.4783669796875 0.7419361171875 0.466365721875 0.7307447625 0.464054825 0.7250202375 0.4664142453125 0.717021628125 0.46524959375 0.7138958140625 0.454125171875 0.71270104375 0.451887903125 0.7090849375 0.44445321406250005 0.7077613203124999
3 0.3949940328125 0.6213546140624999 0.3911018234375 0.6156853109375 0.39275007031250003 0.6024340609375 0.40017806250000004 0.58845323125 0.390849140625 0.5782240515625 0.384805003125 0.5562697156249999 0.3773703140625 0.554946096875 0.3421831375 0.5598690937499999 0.33322905 0.575486459375 0.3269473 0.592066 0.32393192656249997 0.59639328125 0.3186976921875 0.5976315609375 0.31775392343750003 0.6008310031249999 0.32535427499999997 0.6068985640625 0.35262316718750003 0.617029015625 0.3761169875 0.6399572359375 0.4005361703125 0.659158909375 0.4126411734375 0.6582084453125 0.413529721875 0.6534276890624999 0.4037657296875 0.6458524406249999 0.399855115625 0.63965603125 0.3949940328125 0.6213546140624999
3 0.304469196875 0.5226605156249999 0.3192699625 0.49311754218750004 0.31131987968749997 0.4770349859375 0.298209190625 0.46429913125000005 0.27988267499999997 0.453328659375 0.26603069218750003 0.44959040000000006 0.255691071875 0.455756690625 0.253570940625 0.47060766249999997 0.23981099218750002 0.46950492656250004 0.2325787796875 0.4739794640625 0.229128334375 0.48096067343750004 0.2299499515625 0.48937594375 0.22742486875 0.4926306078125 0.22762734375 0.49842876093750005 0.2333401578125 0.510895209375 0.2394144140625 0.51859930625 0.25523425624999996 0.5333515484375 0.26354578125 0.54467175 0.2804014265625 0.5588600734375 0.284268534375 0.548697825 0.304469196875 0.5226605156249999
21 0.424224090625 0.6271945999999999 0.42059627343750006 0.644209209375 0.420872378125 0.6521157828125 0.423747190625 0.6588761109375 0.40425100625 0.6748616140625 0.4019836203125 0.685495746875 0.4250356734375 0.6957734515625 0.4413273984375 0.7089259703125 0.46266929062499995 0.7155691625 0.468939328125 0.713766965625 0.4762384734375 0.6960964 0.48047372031249996 0.6964762515625 0.49452817656250003 0.7060126640625 0.5071602875 0.70504379375 0.5096669640625 0.7012620234375 0.5014842875000001 0.6936315546875 0.4966600203125 0.67638435 0.4910944609375 0.668134740625 0.482948596875 0.6615584828125 0.48231105 0.658414259375 0.514641821875 0.6472580390625 0.5164256125 0.6530009703124999 0.5134470515625 0.6583824609375 0.5151204 0.6609627640625 0.525264240625 0.6643027671875 0.5403913171875 0.6743294703125 0.552514728125 0.6739061125 0.5861088796875 0.6838156796875 0.58989065 0.68632235625 0.596075346875 0.6971890828125 0.6171227296875 0.6953985968749999 0.6286270015625 0.6923581203125 0.635491075 0.6773414859375 0.6535649125 0.6508507 0.6516890875 0.6424722421875 0.6401965265625 0.630735375 0.635390665625 0.6140152750000001 0.6243883953125 0.6012057921875 0.5941108234375 0.61070706875 0.58882136875 0.6103640343750001 0.585511484375 0.6062576375 0.5866075234375 0.5771932421875 0.5843886625 0.574104240625 0.5701200171874999 0.5735470171875 0.5441379296875 0.55492766875 0.53724875 0.5541127484375 0.490962253125 0.573672528125 0.48134551875 0.57031411875 0.4745299671875 0.57160761875 0.47202329218749994 0.5753893875 0.47182751093749997 0.58489568125 0.4652144390625 0.5919873328125 0.4612737015625 0.6000411625 0.46020778125 0.6148553203125 0.4496288703125 0.6141692484375 0.4414646015625 0.6070658828125 0.43252222500000004 0.60790590625 0.4255594203125 0.6049825656250001 0.4203067765625 0.605693740625 0.42007418437500005 0.6141458234375 0.424224090625 0.6271945999999999
2 0.5045063109375 0.3721277046875 0.49470550781249994 0.363498246875 0.48350745625 0.36019505625 0.4115350578125 0.41495540625 0.3927249453125 0.4203619984375 0.383991740625 0.44230462187499997 0.39538055625 0.46618330781250006 0.42339074062500004 0.46731616249999997 0.450689753125 0.4631963734375 0.4687953875 0.4678415875 0.48113298593750004 0.4584390375 0.48996492031249994 0.4544363859375 0.4933969578125 0.44692807031250004 0.5159637375 0.42819660156249995 0.5173977984375 0.423924540625 0.514522984375 0.4171642125 0.51436903125 0.3976429265625 0.5045063109375 0.3721277046875
7 0.517730778125 0.31255815937500003 0.5238351546875 0.3060120171875 0.5164489890625 0.290965265625 0.4920599265625 0.25751335468750003 0.4690865171875 0.2192622765625 0.4469481125 0.2200353671875 0.43346426875 0.2268392046875 0.40226803125000005 0.2553714796875 0.38804289375 0.271172915625 0.3894652421875 0.28167819843749997 0.39812649843750003 0.3030133921875 0.40051771875000003 0.3261507859375 0.3991941 0.33358547656250004 0.4020321 0.3392915953125 0.44371019843750004 0.338891659375 0.4620116140625 0.33403057812500003 0.47577156093750006 0.3351333125 0.4989758859375 0.3195460671875 0.5168054171875001 0.31628470625 0.517730778125 0.31255815937500003
21 0.2932343546875 0.6845436265625 0.2896851796875 0.673584865625 0.2946064984375 0.663385803125 0.302181746875 0.6536218125000001 0.3208630109375 0.644525484375 0.32747608437500003 0.6374338328125 0.3337093078125 0.634577425 0.34425140781249997 0.6342092874999999 0.36339284374999997 0.6382905828125 0.3687743328125 0.6412691421875001 0.376172209375 0.64153855 0.35205924843749997 0.6159932109375 0.32209960937500004 0.60437348125 0.3062245484375 0.588039925 0.29651577812499996 0.582045990625 0.2828779828125 0.56932854375 0.25132531875 0.5725413765625 0.250087040625 0.567307140625 0.2536479265625 0.5634885609375 0.23073643124999998 0.5421232453125 0.21867325625 0.5140461281250001 0.21011073125 0.5106509031249999 0.200304909375 0.5321032375 0.19001549375 0.569932634375 0.17913705468750002 0.5908946765625 0.1779238765625 0.6014919937500001 0.1813626109375 0.609288125 0.190201240625 0.620589921875 0.2056897578125 0.6258542765625 0.22250858906249998 0.6389883875 0.22736966875000003 0.6572898031250001 0.2441767890625 0.6852012578125 0.269079565625 0.6880258687499999 0.2771518 0.6924937078125 0.28445764218749997 0.6901275921875001 0.29134681875 0.6909425109375 0.2932343546875 0.6845436265625
4 0.746091040625 0.5046000015625001 0.7589557453125 0.495179046875 0.766243178125 0.4922858265625 0.7814120828125 0.4732849484375 0.7913718546874999 0.471353903125 0.79851203125 0.46424384218750003 0.8068536765625 0.4613138078125 0.8099058640625 0.4580407375 0.810573528125 0.44693472031250003 0.8087713296875 0.4406646828125 0.797879503125 0.43101782968749996 0.7751771781250001 0.4307551171875 0.7663268375000001 0.4342306625 0.7318257328125 0.42857475 0.614184296875 0.46012575624999996 0.5943936 0.46767758125 0.584581084375 0.47382546562499994 0.573352915625 0.484772515625 0.571974078125 0.49062589218749997 0.5748304828124999 0.49685911562499996 0.5834666390625001 0.5023627562499999 0.5832340421875 0.51081484375 0.5877269875 0.5185741609375001 0.5879294625 0.5243723124999999 0.597840709375 0.5361644015625 0.6034798953125 0.5465224296875 0.6307973140625001 0.5429297453124999 0.6484611828125 0.5349244421875 0.746091040625 0.5046000015625001
21 0.8330834296875 0.54747620625 0.8352219671875 0.5331523406249999 0.8276584296875 0.5281389890625 0.7923357078125 0.514067803125 0.7722689109374999 0.5137130578125 0.7615795578125 0.50986435625 0.731497765625 0.5098593390625 0.7095066171875 0.51484926875 0.669379715625 0.5294442218750001 0.6632569328125 0.535463259375 0.6588995343749999 0.5466981234375 0.6609962406250001 0.5614018390625 0.6731631640625 0.5773371390625 0.6793545562500001 0.6035083109375 0.6862069203125001 0.603269021875 0.689479990625 0.606321209375 0.7091301265625 0.60985699375 0.752481575 0.6120373609375 0.7594075640625 0.613906490625 0.7621535296874999 0.6169770859375 0.7654031781249999 0.649583959375 0.7654165703125 0.6801928562499999 0.75170013125 0.6954487781250001 0.735090471875 0.7034172671875 0.732056690625 0.7072174437500001 0.77210495 0.720595859375 0.79733235625 0.7176039109375 0.79749801875 0.7223478531249999 0.794047575 0.729329065625 0.7939070125 0.7404166734375 0.7976469515625 0.7719509312499999 0.8004849546875 0.77765705 0.90643303125 0.7739572625 0.913554803125 0.7663200984375 0.913223478125 0.756832209375 0.9088225703124999 0.751708415625 0.873168525 0.72814934375 0.8713479203125001 0.7213522015625 0.8751045859375 0.708027325 0.8731367265625 0.69701334375 0.8561823515625001 0.66488505 0.8517998515625 0.6602883609375 0.8584430421875 0.63894646875 0.8582589734375 0.63367541875 0.8429528484375 0.5882958765625 0.839997709375 0.5641226796875001 0.8330834296875 0.54747620625
21 0.2775868703125 0.6898397765625 0.24060920624999999 0.67371539375 0.2278599609375 0.6562171875 0.22249018281250002 0.6384612828125 0.21492664375 0.63344793125 0.2070016640625 0.6331969296875 0.1738191609375 0.65018811875 0.15953880468749998 0.6644082375 0.152619509375 0.6778435578125 0.1494267609375 0.6922042375 0.1350978796875 0.7201474890624999 0.12747410312500002 0.7436346140625 0.127407171875 0.7568306421875 0.1415168515625 0.76794836875 0.1416457 0.7716381046875 0.136215684375 0.7823826765625 0.13750918437499998 0.7891982265624999 0.1408006625 0.79277751875 0.14002255624999999 0.8007209062499999 0.22172380937499997 0.7978678343750001 0.22215888125 0.795213903125 0.2294831265625 0.7933748921875 0.2354285359375 0.7973892546875 0.2707445625 0.7961559921875 0.27274254062500003 0.7929197359375 0.27001498125 0.7903762453125001 0.2681759703125 0.783052 0.26937073906250003 0.7719275765625 0.2620649 0.7742936921875 0.25988285 0.7722589015625 0.2514307671875 0.7720263046875 0.2492671265625 0.7705186187499999 0.249683790625 0.7673375828125 0.2822471546875 0.747729278125 0.3077991890625 0.7389207671875 0.2914756671875 0.6946322453125 0.2849847453125 0.690109184375 0.2775868703125 0.6898397765625