21 0.580900240625 0.6365521328125 0.61024796875 0.7133219515625 0.627593275 0.7482875703125 0.6322834015625001 0.7305379203125 0.65707380625 0.7254331875 0.6770494328125001 0.7635475390625001 0.7455247984375 0.768841903125 0.7679405874999999 0.766776540625 0.78640296875 0.75489233125 0.8119772046874999 0.739387090625 0.8038450984375001 0.7067249890625 0.79661503125 0.6870041984374999 0.7993939906249999 0.6536893375 0.7959751328125 0.6314397375 0.7872013921875001 0.6215258015625 0.7870000890625 0.597507234375 0.791619115625 0.573583753125 0.7751758484375 0.551559446875 0.75272494375 0.5309597390625 0.7343816390625 0.527029453125 0.706539871875 0.5352566484375 0.6975279765625 0.5569717015625 0.69083159375 0.563976471875 0.6575998265624999 0.5618742625 0.6152850640625 0.575313275 0.5896397296875 0.5846446828125 0.5639823984375 0.599473175 0.580900240625 0.6365521328125
21 0.3070450640625 0.5657607671875 0.3322269515625 0.5750339375 0.3810239296875 0.57522498125 0.4043417625 0.5861009328125 0.436386221875 0.589722828125 0.4559759375 0.6038043375 0.4801606953125 0.604956528125 0.49252034843750003 0.5993172484375 0.51670510625 0.6004694390624999 0.5333154234374999 0.584690928125 0.52945710625 0.57005175 0.532888825 0.5476479546874999 0.5208033109375 0.505167003125 0.4678636140625 0.4656414640625 0.47337355312499996 0.4210000625 0.46528855937499997 0.4055059515625 0.42443437656249994 0.40846136250000004 0.40053488593750003 0.3928481734375 0.379377503125 0.399567678125 0.35256884843749997 0.3994246125 0.340221190625 0.3995668140625 0.3306524921875 0.3663941515625 0.31930283125000003 0.33550101718750003 0.2912357671875 0.33070380625 0.2864625453125 0.347776709375 0.285239253125 0.36578763593749997 0.28443143437499996 0.38718230625 0.286188409375 0.3958969390625 0.2779483515625 0.4127085640625 0.28883456406249997 0.46220627968750005 0.301537721875 0.492933225 0.3075085109375 0.5471561859375 0.3070450640625 0.5657607671875
2 0.264418403125 1 0.39714074843749997 0.863139409375 0.4693883625 0.7745822 0.4642005375 0.7491150484375 0.43410669375 0.5879418656250001 0.36547071249999996 0.5716390687499999 0.30363733437499996 0.5771704 0.23839622500000002 0.5941113640625 0.21427057343749997 0.6046300828125 0.172086015625 0.6359138328125 0.119405865625 0.6712340859375 0.16042392968750002 1 0.264418403125 1
0 0.512269325 0.9280027640625 0.510487496875 0.96943860625 0.51108115 0.9686787640625001 0.5230133359375 0.9651528203125 0.5364412187500001 0.97380835 0.6313401796875 0.9690257328125 0.6986466499999999 0.9745005578124999 0.6833076 0.9502798171875 0.691975121875 0.9313548546874999 0.6847330609375 0.9171311453125 0.6749030874999999 0.8874253171875001 0.6635654203125 0.851035103125 0.6614880640624999 0.8341163953124999 0.672459103125 0.8059782328124999 0.6777668718750001 0.7764745765625001 0.6712375421875 0.74567653125 0.6550435625000001 0.7256824703125 0.628816565625 0.7302766421875 0.626322871875 0.7491305078125 0.5574290828125 0.5796692906249999 0.535049275 0.5652434109375 0.5345858265625 0.583847990625 0.5222021859375 0.600481434375 0.49734067968750006 0.5994123359375 0.4807543484375 0.6041966875 0.45944277343750006 0.6040656140625 0.4376566234375 0.5888798921875 0.46351179374999996 0.7546952234375001 0.4841448875 0.8332220171875001 0.50245134375 0.8927998562499999 0.512269325 0.9280027640625
2 0.309321259375 0.181475671875 0.361464265625 0.2760551140625 0.36121498281250003 0.2740248703125 0.49308668125 0.22348551093750002 0.620540659375 0.220888196875 0.6621426890625 0.2240235234375 0.6974166953125 0.22037937031250002 0.7204869765625 0.15091245 0.7314939984375 0.10628304375 0.73556735 0.0611310828125 0.72665054375 0.0780258015625 0.727778746875 0.06483520781249999 0.7070488312500001 0.069441375 0.472763709375 0.08034724374999999 0.3260875046875 0.0942351109375 0.29639367499999997 0.09856800624999999 0.2797482390625 0.0916814453125 0.288960571875 0.133141275 0.309321259375 0.181475671875
25 0.3125576046875 0.40365042500000003 0.32719505312499997 0.478104734375 0.33682285625 0.52294830625 0.33626431874999996 0.5463732203125 0.33919660625 0.55906525 0.3583948421875 0.5587688562500001 0.39713568593750004 0.5553859812499999 0.4216888 0.5427539218749999 0.4408039421875 0.5417807812500001 0.45372126562500004 0.5518729 0.46608091875 0.54623361875 0.48291653281249997 0.543479515625 0.47231472031250005 0.518677115625 0.4523806296875 0.5073856937500001 0.399607121875 0.46921365000000004 0.3432005890625 0.4294268328125 0.32221026406250003 0.398343521875 0.3179604625 0.3693264375 0.3125576046875 0.40365042500000003
0 0.3427997109375 0.30307706875 0.3097221375 0.3078254359375 0.3431894609375 0.3957676015625 0.3763261390625 0.40269014375 0.40011941406249996 0.38946443125 0.4145564234375 0.400743859375 0.42572876718749997 0.3966242640625 0.4319617015625 0.40822407343749995 0.444475546875 0.4094353703125 0.4802721109375 0.398857546875 0.4912782671875 0.3933844546875 0.4999457875 0.37445948906250004 0.5133976609374999 0.37212085625 0.5522695734374999 0.3474264078125 0.5966856796875 0.3399119421875 0.6079531125 0.3309720140625 0.621464090625 0.3403042890625 0.6399735843750001 0.345588071875 0.674238465625 0.339320021875 0.684698078125 0.35177476093750004 0.728284975 0.259180184375 0.71755295625 0.21653304687500002 0.66273634375 0.22326368125 0.5891609546875001 0.2226802890625 0.5029766296875 0.2257059328125 0.4924099328125 0.2235686046875 0.360870609375 0.27681495625 0.3427997109375 0.30307706875
0 0.7210976890625 0.45240895468750003 0.7173447203125 0.5057649890625 0.7529279828125001 0.47666567656250003 0.798494546875 0.523279084375 0.832093809375 0.550753359375 0.8582257156249999 0.5509795203125 0.85752844375 0.4054315203125 0.864224828125 0.39842675 0.8532195390625 0.364743528125 0.85173756875 0.2687523484375 0.8676848671874999 0.169247225 0.844426140625 0.1700421828125 0.8454232718749999 0.1781631640625 0.7756351 0.186045121875 0.707603903125 0.2026417140625 0.6972505078125 0.21902587499999998 0.7177191453125 0.21788654218749998 0.7291279109375 0.2604505890625 0.682905121875 0.3595513703125 0.685077565625 0.3716497453125 0.7038243484375 0.3844608515625 0.7134050421875 0.41213643125 0.721917503125 0.42551720625 0.7153633203124999 0.444869634375 0.7210976890625 0.45240895468750003
2 0.1126119265625 0.25783681875000003 0.122692053125 0.2504165734375 0.111472596875 0.2373681796875 0.07861005625 0.18232540625 0.0819346921875 0.17023902500000002 0.0733511296875 0.1506844234375 0.0668929 0.12606020625 0.2907252078125 0.33214039687499997 0.2912357671875 0.33070380625 0.31271353125 0.332188375 0.321831640625 0.33931222499999997 0.3137826265625 0.3073268703125 0.34507923749999997 0.30485803125 0.349840465625 0.293282209375 0.281075146875 0.21997836093749998 0.26497625468749997 0.195163965625 0.238417746875 0.1578948328125 0.1875682671875 0.0906346046875 0.1510487140625 0.0449712171875 0.09944965312500001 0.0499328859375 0.09693145625 0.04573568125 0.043602359375 0.05228367187500001 0.0517791421875 0.11486387499999999 0.057869012500000004 0.15327233906249998 0.06570472656250001 0.1667362046875 0.0674257171875 0.19194208125 0.07458468124999999 0.20548904218750003 0.1126119265625 0.25783681875000003
25 0.61659998125 0.7091072671875 0.6180245765625 0.715114909375 0.6235096625 0.720623984375 0.62941021875 0.7295168015625 0.6297425953125 0.73222379375 0.6572399953125 0.726786684375 0.6653369875 0.7367837171875 0.6797268828125 0.730895153125 0.7237746296875 0.7371649375 0.7505712921875001 0.7428050828125 0.7451812921875 0.732475675 0.74683205 0.7123514078125 0.744327228125 0.6975460390625 0.7393527015625 0.690600375 0.7424991546874999 0.6826575781249999 0.744648478125 0.6665938015624999 0.7403626937500001 0.6540679593750001 0.733203728125 0.640521 0.73280025 0.631640178125 0.7257123859375 0.62426704375 0.684918175 0.5997370515625 0.67095574375 0.603512275 0.60357730625 0.631019934375 0.5913127421875 0.6318388828125 0.593924646875 0.6363268375 0.6106411828125 0.6493872281249999 0.618643084375 0.664204590625 0.62290488125 0.6877245921874999 0.61659998125 0.7091072671875
19 0.5668847125 0.571638775 0.5811841453125 0.576202975 0.5956593640625 0.5777230078125 0.6209389109375001 0.573245165625 0.6313252 0.57279423125 0.6559732312500001 0.5631731046875 0.6698501703125 0.5598205484375 0.6759861375 0.55384631875 0.6787027250000001 0.5491162765625 0.6788785093749999 0.5460721078125 0.6781472796875 0.5401167234375001 0.6730279828125 0.5297540765625001 0.6684408328125 0.508060096875 0.6603164406250001 0.44860595937500003 0.6546273046875 0.43584025625 0.650258425 0.4226376671875 0.647864965625 0.418809840625 0.64690586875 0.40876072812500003 0.6442845421875 0.40083917500000005 0.6353470140625 0.388472325 0.6191766734375 0.373146628125 0.6045448640625 0.3658754359375 0.5937216890625 0.3650061109375 0.5603259578124999 0.3682822484375 0.5485481375 0.3708275046875 0.5449577750000001 0.3729170296875 0.53923470625 0.3912056796875 0.5349508015625 0.40107420937500005 0.5253999078125 0.42175632187499995 0.5177298625 0.4331397390625 0.5067870906249999 0.4715786984375 0.5095554140624999 0.48964907812499997 0.5231469140625 0.5085887812500001 0.527724815625 0.5190179015624999 0.5315094609375 0.53641393125 0.5338648859374999 0.542169890625 0.5543283796875 0.55889191875 0.56232565625 0.5680768515625 0.5668847125 0.571638775