10 0.764019665625 0.42369288593750004 0.7494778281250001 0.395642546875 0.682727565625 0.2304919203125 0.675817715625 0.2204559609375 0.6616783125000001 0.217790715625 0.6224683484375 0.22430198906249998 0.570563253125 0.244104853125 0.5511594875 0.2600530359375 0.548207603125 0.2867664234375 0.579559803125 0.5110129671875 0.599393575 0.5347138 0.6407699484375 0.5521377890625 0.6584648859375 0.5661672906249999 0.6839103 0.56811194375 0.6948414515625 0.556270184375 0.7210090046875 0.566193259375 0.7661778875 0.5347830578125 0.7816512624999999 0.49634945156250004 0.7814224750000001 0.46939298125000006 0.7884508125 0.44932972031249996 0.764019665625 0.42369288593750004
10 0.259996678125 0 0.25702660312500003 0.00463105625 0.22912264843750002 0.0104217375 0.17091135156249998 0.058266285937499995 0.1508896328125 0.0652932234375 0.13378799375 0.2200562765625 0.1494984421875 0.223017659375 0.222425215625 0.20165207500000001 0.23679341250000002 0.23127379218750002 0.27178085625000004 0.23394769218749997 0.34349214687499996 0.22358173906249998 0.41783561875 0.2039090703125 0.46161537968750005 0.1850698765625 0.481019146875 0.16912169375 0.48379739062500005 0.14397968125 0.4599423171875 0.142156565625 0.39794669531250004 0.1516803921875 0.3964196953125 0.0929317828125 0.38557945625 0.06041039687500001 0.37541740468749996 0.1959133375 0.359166740625 0.197840678125 0.364301409375 0.020752721874999998 0.356398675 0 0.259996678125 0
17 0.3465819109375 0.2681879640625 0.3330297796875 0.47791018906250005 0.3349949734375 0.4891529015625 0.349134378125 0.49181814687500003 0.35989189062500004 0.48154776093749996 0.368400265625 0.4045503484375 0.3798687140625 0.213684634375 0.3748964828125 0.2006274640625 0.3563609203125 0.20871876718750002 0.3523120421875 0.2163325640625 0.3465819109375 0.2681879640625
17 0.362999515625 0 0.3612667984375 0.0046743406250000005 0.35543756875 0.1880478015625 0.3559860640625 0.197597596875 0.37171580625 0.20038438281249998 0.378424440625 0.19772779375 0.3812026859375 0.1725857828125 0.3870594921875 0.0034762468749999996 0.3862907140625 0 0.362999515625 0
17 0.7523060515625 0.76191195625 0.766271815625 0.766148575 0.770494334375 0.7569634046875 0.7206893 0.583599934375 0.6935983953125 0.5530058906249999 0.6959660234375 0.5896336984375 0.7238893640625 0.6852618546875 0.7523060515625 0.76191195625
10 0.746842634375 0.129220596875 0.7684955359375001 0.17999944375000002 0.8058230296875 0.2050372296875 0.8626727796875 0.1840276109375 0.8914633734375 0.1847266765625 0.903111840625 0.07931267812500001 0.7562486078124999 0.0472018 0.7490172296875001 0.066000940625 0.746842634375 0.129220596875
27 0.309789553125 0.702738465625 0.3329500671875 0.7108470828125 0.35605543125 0.6904278546875 0.377021959375 0.6603372921874999 0.3806684046875 0.6273383984375 0.37075151875 0.61548798125 0.3359101390625 0.5969787828124999 0.317548215625 0.6034987093749999 0.259857840625 0.6466291296875 0.2521073640625 0.6587139734375 0.262051825 0.6848283125 0.25996814218750003 0.703684821875 0.29003850625 0.7218293984375 0.309789553125 0.702738465625
21 0.08468191875 0.6644467171875 0.0922329015625 0.668680675 0.14436678593750002 0.675834278125 0.21486259687499998 0.67646795625 0.24522509062500003 0.6629419359375001 0.3600573453125 0.5671312984375 0.418908053125 0.48447340156249996 0.4280200734375 0.44555363281249993 0.4580077125 0.42090644062499993 0.48073821875 0.389366040625 0.5039344953125 0.3245836671875 0.501768084375 0.30064840937500004 0.44034853749999997 0.3339859515625 0.371498215625 0.3620016625 0.35405145937500004 0.4763474703125 0.3469955421875 0.4821468109375 0.3351410390625 0.47331760312500004 0.3428997015625 0.37407784843749997 0.33723291093749996 0.36730618125 0.22379796562499998 0.36339089687500004 0.176663884375 0.383558384375 0.129383740625 0.419561171875 0.11263973281249999 0.44046656406249995 0.10716700312500001 0.46096564375 0.08468191875 0.6644467171875
15 0.8724905656249999 0.32739608593749997 0.87682884375 0.31716332812500003 0.891303978125 0.18616913125 0.8389913453125001 0.1806331203125 0.8153374843750001 0.191502553125 0.7892526609375 0.22437124531250002 0.75662465625 0.34548006249999996 0.755519475 0.4135353859375 0.769339178125 0.4336073046875 0.8398349859375 0.43424098125 0.84646089375 0.388792625 0.8716427859375001 0.3640950859375 0.8754397234375 0.329734334375 0.8724905656249999 0.32739608593749997
10 0.4831967578125 0.381630703125 0.44901417656250003 0.42972698906250006 0.4432840484375 0.48158239218750004 0.47211135468750004 0.49646267499999996 0.5225915640625 0.5621218078125 0.5402589250000001 0.5618873828125001 0.5543707546875 0.550288703125 0.5686838015625 0.5513825734375 0.586579953125 0.5781046187500001 0.6084974109375 0.5829489437500001 0.6266856953125 0.5780003921875 0.6259359828125 0.5557580484375 0.5965601765625 0.5313279671875 0.5799070828125 0.507870215625 0.5780328015625 0.45226435781249996 0.566616490625 0.3959292546875 0.5480533515625 0.3897566375 0.49771102031250003 0.39541711875 0.4831967578125 0.381630703125
27 0.761125946875 0.7546627828125 0.7552855125 0.7494624921875 0.7544173109375001 0.7573193687499999 0.7829443015625001 0.8910251671875 0.7943054625 0.9188324234374999 0.809261715625 0.9286189734375 0.8555868468750001 0.5093949671875 0.8487927578125 0.498311421875 0.841215921875 0.5088248890625 0.8313266109375 0.51123839375 0.8116940546875 0.5002301046875 0.7753174859375 0.5101272109375 0.72259934375 0.5663148015624999 0.7159182828125 0.5832353125 0.759306815625 0.7275847734374999 0.761125946875 0.7546627828125
21 0.687082790625 0.6555099390625 0.693708696875 0.6100615828125 0.6812781203125 0.5774186578125 0.6487767921875001 0.5812733421875 0.5964692656249999 0.5756911125 0.575566075 0.5471546078125 0.5660240453125 0.5464253640625001 0.47985364218750004 0.571532746875 0.46591545468750006 0.58156005 0.426551240625 0.6910615328125 0.42394663593750004 0.71463216875 0.4776902484375 0.82332615 0.49220450937500004 0.8371125671874999 0.5079342546875 0.8398993515625 0.521351521875 0.8345861765624999 0.5419707687499999 0.8076383640625 0.5587423515625 0.800996896875 0.618370346875 0.7548452640625001 0.6342185796875001 0.7275328296875 0.6652480609375 0.6934573828125 0.687082790625 0.6555099390625
21 0.75407003125 0.7604621203125 0.7345008125 0.6908267671874999 0.6998964109375 0.6121191234375 0.66348408125 0.6949072171874999 0.629273925 0.7287395812499999 0.6190649078125 0.7485597609375 0.586243875 0.76982111875 0.5769030625 0.7817844203125001 0.577451559375 0.791334215625 0.609861971875 0.8318426765625 0.6321542859375 0.8478081734374999 0.6556620796875 0.8527740406250001 0.69408656875 0.89691141875 0.7452337625000001 0.942021121875 0.7800751453125 0.9605303218750001 0.8055205578125 0.9624749781249999 0.8081251609375 0.9389043421875 0.7858052718749999 0.9086749234375 0.7875141015625 0.8786972437499999 0.765056334375 0.7771482093750001 0.75407003125 0.7604621203125
9 0.1275870140625 0.7696306625 0.1480877734375 0.7727820703125 0.180589103125 0.7689273859375 0.1984025296875 0.7528576640625 0.2211881859375 0.749845109375 0.23211933906249999 0.73800335 0.2592460046875 0.6957064015625 0.2588435734375 0.6703213078125 0.2521073640625 0.6587139734375 0.1809445703125 0.6786297218749999 0.166686675 0.706063696875 0.14534529062499998 0.7250330921875 0.141497628125 0.7453394359375001 0.1236842 0.7614091578125 0.1275870140625 0.7696306625
27 0.3847089609375 0 0.3839615421875 0.046024934375 0.3964196953125 0.0929317828125 0.3998843140625 0.14865918125 0.4615326546875 0.14227810624999998 0.48486681093749995 0.14881534999999999 0.481019146875 0.16912169375 0.4651433390625 0.18217020625 0.37475041875000004 0.2164627609375 0.3666996265625 0.347373115625 0.36707448125000003 0.3584942875 0.3764428734375 0.360794909375 0.4265839890625 0.342441878125 0.500525028125 0.2973841171875 0.5400271203125 0.2592022484375 0.5879466718749999 0.1883861109375 0.6086844109375 0.1313390765625 0.6152827421875 0.0716267984375 0.60990808125 0.033184534375000005 0.6007315531249999 0.013198809375 0.56919396875 0.006303279687500001 0.48671687500000005 0 0.3847089609375 0
27 0.25207677500000003 0.3687213859375 0.2900712546875 0.3732097453125 0.3338785921875 0.368634475 0.3446361046875 0.3583640890625 0.352339615625 0.2305964875 0.34861044375 0.22080360937500002 0.308504703125 0.2209078359375 0.2707114390625 0.2291120234375 0.240495009375 0.22680274374999998 0.22757108750000002 0.21313787031250003 0.22436283281249997 0.1986308640625 0.2165847828125 0.196451784375 0.1784442375 0.207798721875 0.134835346875 0.21057813749999998 0.1296013328125 0.25794389375 0.13174016718749998 0.26761522968749996 0.1496638953125 0.308601196875 0.168254609375 0.3290377390625 0.20717244375 0.35419706875 0.25207677500000003 0.3687213859375