10 0.284574621875 0.2785223578125 0.25857789531250003 0.329393178125 0.2562406484375 0.3842354703125 0.25684795625 0.42068350781249997 0.28973308124999997 0.45153138281249994 0.342039371875 0.48005858437500004 0.3893583296875 0.4880015203125 0.4217042421875 0.48370063906249994 0.4535054109375 0.46900548750000004 0.47915614843750004 0.43639273125000005 0.4941402453125 0.3991275796875 0.492715825 0.3470881359375 0.47644902031249997 0.3101579234375 0.4404205859375 0.2690519640625 0.3989852125 0.2490750109375 0.3375784109375 0.2457789421875 0.284574621875 0.2785223578125
10 0.15843552968750002 0.1587563453125 0.1575392765625 0.191374625 0.1636897078125 0.20929222812499998 0.1960245703125 0.2545003171875 0.2092161609375 0.282471728125 0.23020345468749998 0.3100345828125 0.2557069578125 0.32433222968750003 0.278418665625 0.285359240625 0.3325174609375 0.24864988124999998 0.392352609375 0.2468169046875 0.3977540234375 0.25044238750000003 0.39284030625 0.206402921875 0.37506993906249997 0.16564295 0.3518245390625 0.1447127 0.33705576875 0.13636673125 0.310122321875 0.094784125 0.2494700640625 0.0810256953125 0.213226303125 0.085530853125 0.1855272625 0.10391958125 0.1685629546875 0.128259984375 0.15843552968750002 0.1587563453125
10 0.49215451093749996 0.4109573203125 0.4802511546875 0.4324267875 0.47081018124999996 0.4511615 0.479281284375 0.4885002671875 0.48160195781250004 0.5079214328125 0.5473206890625 0.494054440625 0.6136577796875 0.46712651875000005 0.6747977374999999 0.440470965625 0.66358635625 0.4254243015625 0.6307067562500001 0.36982194218750003 0.6053449609375 0.333368378125 0.56404025 0.340744475 0.525878846875 0.358378659375 0.495104590625 0.3678085828125 0.49215451093749996 0.4109573203125
10 0.4869070390625 0 0.26901839375000003 0.011419059375 0.2671889140625 0.0462229265625 0.267864315625 0.08397025 0.31251661249999996 0.0907500890625 0.3380826828125 0.131101503125 0.43579581562499997 0.1559461796875 0.4587118 0.12087104374999999 0.49557392031249997 0.1033049515625 0.509474059375 0.0204967765625 0.5083998703125 0 0.4869070390625 0
10 0.490896828125 0.347183465625 0.49395621562500003 0.365784203125 0.4962257296875 0.36931325 0.5198612875 0.3579123140625 0.532636228125 0.35307368125 0.5447269296874999 0.3500949 0.546491453125 0.34896014218750004 0.5485986484375001 0.3444200125 0.5746535234375 0.339406546875 0.5933234578125 0.3326955453125 0.6057159765625 0.32553181875 0.607782315625 0.3202121171875 0.6082089109375 0.308464090625 0.6113860859375 0.28953650625 0.618254625 0.2764085875 0.624780490625 0.2666860453125 0.63416478125 0.2568136984375 0.646612878125 0.24573850312499998 0.6557362078125 0.2408306703125 0.6576652578125 0.237863296875 0.6569604109375 0.20949805625 0.65263008125 0.186534225 0.6471083109375 0.1706682390625 0.640218059375 0.158521959375 0.628118159375 0.1414372953125 0.6184511968749999 0.1309999609375 0.6069924703125 0.12117766875 0.5908154703124999 0.1108209375 0.567389715625 0.10136523906249999 0.5441682390625 0.09580739218749999 0.522285796875 0.095911921875 0.49731120625 0.1016504828125 0.47955702499999997 0.11091919374999999 0.45946302812499995 0.1252613703125 0.445481921875 0.1418888875 0.4352069015625 0.15962503125 0.4280354421875 0.1818887921875 0.42522596718749994 0.20783250781249998 0.42410372343749997 0.21127873749999998 0.4089878609375 0.22614173124999998 0.40025947031250003 0.2385854109375 0.3976734171875 0.24393235 0.39765869375 0.24862338906249998 0.39847911874999997 0.249362103125 0.41793892968749996 0.257722796875 0.42871451718750003 0.26445404375 0.4372205921875 0.2676562453125 0.441377196875 0.272389246875 0.446517646875 0.28097924375 0.45764731718749996 0.2944667671875 0.48022209374999997 0.3175167296875 0.48415969687500005 0.3230429171875 0.48507434531250004 0.3305515265625 0.490896828125 0.347183465625
10 0.626422803125 0.263219334375 0.6134244390625 0.2886547453125 0.6104062671875 0.33050419531249997 0.6199723765625 0.3638770203125 0.641578028125 0.37837894375 0.663660328125 0.40197585468749997 0.698190725 0.41449756875 0.7396997140625 0.411019321875 0.776493740625 0.3921539484375 0.788124728125 0.365487346875 0.8215711671875001 0.3324660359375 0.8230176890625 0.2854875421875 0.8011451890625001 0.2410339984375 0.7624445703125 0.22351942500000002 0.7140306062499999 0.21954243281250002 0.6615770828125 0.23792563281249998 0.626422803125 0.263219334375
10 0.7111554734375 0 0.6850139140625 0.013909603125 0.65875034375 0.0348288046875 0.616208915625 0.0683267625 0.6110688234375 0.1194073859375 0.6112731015625 0.1233052375 0.6196135453125 0.13329095156249998 0.640260375 0.15435738906250002 0.6559769156249999 0.20564781562499998 0.68441945 0.226305696875 0.7259284375 0.22282744999999998 0.7717438343749999 0.22694062812500002 0.8060754796875 0.2108100078125 0.8334395828125001 0.161170375 0.8357713046875 0.13108257031249998 0.842755421875 0.09032812500000001 0.8441964140625 0.06810411562499999 0.8289565218750001 0.0259086765625 0.79569259375 0 0.7111554734375 0
10 0.5075213109375001 0 0.5076303890625 0.01017735625 0.49989172968749995 0.0613941640625 0.5006352234375 0.100440771875 0.5342804171875 0.0960717953125 0.5816674671875 0.1053140171875 0.61134119375 0.124604521875 0.6142231812500001 0.08015650156250001 0.6350172453125 0.054312535937499996 0.6610765390625 0.029495484375 0.6446909062499999 0 0.5075213109375001 0
10 0.1931818890625 0.7968964609375 0.1964635921875 0.79985131875 0.2014553453125 0.80063199375 0.2209173640625 0.7990908906249999 0.2527435609375 0.794817246875 0.40810036250000004 0.7710411125000001 0.510609809375 0.7531614390625 0.53278045 0.7486121078125 0.54095968125 0.7455777484375 0.5417539765625 0.74084585 0.5412081296875 0.7354024781249999 0.5375031484374999 0.72934295625 0.5285329375 0.722256521875 0.5261817140625 0.7171683343749999 0.5243649265625 0.70736186875 0.5017205921875 0.6282929015625001 0.48720469062499994 0.5899680765624999 0.47874278593749997 0.572692753125 0.46751668124999995 0.5623371296874999 0.4543887625 0.5554685890625 0.441218884375 0.552771378125 0.422222103125 0.553245815625 0.349515578125 0.5630493249999999 0.274073196875 0.5753413484375 0.25530793125 0.58023335 0.2428881765625 0.5868773640625 0.2382368859375 0.5925931078125 0.2356508328125 0.597940046875 0.2283137375 0.6269873203125 0.219660428125 0.67069551875 0.2130303921875 0.7182062421875 0.20975899375 0.73036393125 0.207485059375 0.7466384703125 0.2060893421875 0.7498384640625 0.202108675 0.753434496875 0.200931959375 0.7558412999999999 0.19893149999999998 0.7723620796875 0.19542969062499999 0.7751513078125 0.189999934375 0.775957009375 0.1892748390625 0.7770372937500001 0.1917077734375 0.7836846203125 0.1931818890625 0.7968964609375
10 0.513092971875 1 0.5233719203125 0.9994613031249999 0.5080274015625 0.9872890640625 0.4805436890625 0.9600666734375001 0.4115509859375 0.9363225265624999 0.31165336875 0.8946552531249999 0.2994205984375 0.86011933125 0.3159763484375 0.8279832234375 0.3017523203125 0.8300315250000001 0.26625757656250004 0.84882880625 0.24744924687499997 0.8628430343750001 0.2475799078125 0.8901960875 0.254348696875 0.895052759375 0.255427128125 0.9653502703125 0.3138069765625 1 0.513092971875 1
10 0.566272525 0.7562373984375 0.532899703125 0.765803509375 0.51641756875 0.774484415625 0.4961056765625 0.7846688828125 0.48488876875000003 0.794376703125 0.47989591249999997 0.798546925 0.4624549578125 0.8137923421875 0.450546075 0.8600162953125 0.4598287671875 0.9377009515625 0.4959252921875 0.98010619375 0.5246608078125 0.9993937546874999 0.769481084375 0.9865632671875 0.7906694875 0.911242359375 0.734669625 0.8868172875000001 0.67607119375 0.8625284000000001 0.6354584562500001 0.8333883656250001 0.6007293046875 0.7922143140625 0.566272525 0.7562373984375
10 0.8079278765625 0.9173732875 0.819265140625 0.9199059734375 0.8281547437500001 0.9204823703124999 0.840559775 0.9185293968750001 0.8505035296875001 0.9143602828124999 0.8557153906250001 0.9093968703125 0.865168878125 0.895872909375 0.8644607140625 0.8823603578125001 0.8587880374999999 0.8685868453125 0.8589275359374999 0.8563327218750001 0.89416869375 0.74817305625 0.8932415296875 0.73545369375 0.8911501625 0.7303518875 0.8818111484375001 0.7212002171874999 0.8614775421875001 0.7061104859375 0.8515223796875 0.700117953125 0.8390106078124999 0.6900902765625 0.8301357265625 0.6848228390625 0.817555865625 0.6734958796875 0.797125825 0.66153805 0.7886208546875 0.6533849515625 0.7780642671875 0.6458605125 0.762174359375 0.636009878125 0.7575116625 0.6315639703125 0.7440421765624999 0.6231499109375 0.73829919375 0.6179789062500001 0.7251712765625 0.6111103671875 0.7191412015624999 0.6054332687499999 0.706286759375 0.59881096875 0.6991491625 0.5918890609374999 0.6882226671875 0.5872502859375001 0.6768320343750001 0.5787272765625 0.66671234375 0.5745673578125 0.656716325 0.567795253125 0.6449830203125 0.56267761875 0.635807428125 0.5566442296874999 0.62087413125 0.5501308765624999 0.6129558609375 0.5482007234374999 0.6095777234375 0.5483777640625 0.597034296875 0.5576339625 0.59213676875 0.5636231828125 0.5831768609375 0.5716492921875 0.5751190921875 0.5819732609375 0.5688541875 0.5867312890624999 0.5645036109375 0.5932129859375 0.5577326125 0.5982581062500001 0.5493877484375 0.6080759796875 0.5453934625 0.61141215625 0.5387869890625 0.6146246625 0.53531241875 0.617933603125 0.5225647140625 0.6232919515625001 0.5110198578125 0.63171410625 0.50832485625 0.6349821890625 0.5074874953124999 0.648836309375 0.511274190625 0.656454971875 0.5196930281250001 0.6828525171875001 0.5338150984375 0.7086906 0.557508803125 0.743147021875 0.566423434375 0.7541449265625 0.57574883125 0.763036740625 0.5908024843749999 0.7817905984375 0.6238918875 0.8165363234375 0.6292796828125 0.8199019468750001 0.63563770625 0.8268647093749999 0.6445398250000001 0.8326518609375 0.654371315625 0.84125658125 0.662931865625 0.8454982109375001 0.6732422140625001 0.8532961234374999 0.6849482828125 0.85789404375 0.6962572046875 0.8648579140624999 0.708223128125 0.8694422156250001 0.7195729046875 0.8771856546875 0.7339456328125 0.8829466734375 0.7449810796875 0.8896643015624999 0.762827271875 0.897067278125 0.76848854375 0.9006791421875 0.787921115625 0.9085201203125 0.79757556875 0.9137467015625 0.8079278765625 0.9173732875