27 0.801046653125 0.3214266328125 0.6855436171875 0.324574965625 0.6633564578125 0.32336078437500004 0.5188814265625 0.3291037265625 0.47959027499999995 0.3435885875 0.3613520984375 0.3952980890625 0.35922500625 0.421200615625 0.36729513593749996 0.45576543437500006 0.3710418875 0.45844440625000005 0.38427719374999997 0.46061893749999994 0.519627859375 0.47382688437500003 0.5428175953125 0.47236607968750005 0.5613490453125001 0.4755129046875 0.6727709546875 0.4794777203125 0.6897024296875001 0.48176921406249995 0.7044466609375 0.4801874625 0.7169530640625 0.4721704578125 0.7438293984375 0.44361284999999995 0.7943416625 0.382737365625 0.7988987890625 0.3730057203125 0.8042662875 0.350863459375 0.8053402171874999 0.325073915625 0.801046653125 0.3214266328125
27 0.4424608859375 0.1200972171875 0.4392811765625 0.11941136249999999 0.3675550640625 0.1214577375 0.29326686875 0.1273733828125 0.2859554484375 0.1312386671875 0.2751198328125 0.1436978109375 0.250967440625 0.17658457656249998 0.21640484999999998 0.2167499796875 0.1922726921875 0.25066155 0.12269174062499999 0.334635659375 0.1196233078125 0.3395862203125 0.11971435625 0.34419783125 0.12993180625 0.3538849296875 0.141091140625 0.3578226296875 0.205151228125 0.3684088546875 0.2659810234375 0.3757472109375 0.2823252265625 0.3750207890625 0.2854543546875 0.3731446375 0.29370765468750004 0.3635299546875 0.3038953015625 0.34497848593749997 0.34765307343749996 0.289449003125 0.3829754546875 0.234310971875 0.40356318125 0.2079684625 0.42650055781249996 0.1669962578125 0.4454781984375 0.13928601406250002 0.4452050609375 0.1254511765625 0.4424608859375 0.1200972171875
27 0.880933021875 1 0.8797166953125 0.938390715625 0.854229965625 0.8769620765624999 0.79472970625 0.7231373890625 0.777616678125 0.684921303125 0.7747612234375 0.6739309296875 0.7704676593750001 0.670283646875 0.761586615625 0.6748308062499999 0.71587480625 0.7115709140625001 0.698669653125 0.7221459453125 0.6544870046875 0.75615456875 0.6169779125 0.7807179859375 0.5510835625 0.83759529375 0.469270428125 0.8900185203125 0.42090548749999995 0.9260162765625 0.399133090625 0.9458105531250001 0.39242918125 0.9537185578124999 0.38996825625 0.9627118375 0.39077392031249997 0.9903436359375 0.4694186921875 1 0.880933021875 1
27 0.431818403125 0.596727578125 0.42180435625 0.5438857796875001 0.42037689843750004 0.525039909375 0.417085909375 0.5187176375 0.402168625 0.56499129375 0.3904715140625 0.6140004109375 0.38874960937499997 0.6336976296875 0.37461180625 0.692724828125 0.3700546796875 0.7024564734375 0.3643735796875 0.708714290625 0.3324646609375 0.7229206796875001 0.31198875312499996 0.7281982421875 0.25073299531250004 0.752741753125 0.166034059375 0.7926374 0.157568321875 0.7914916515625 0.1276145171875 0.771084690625 0.12123486406249999 0.7686881765625 0.11599941875 0.770790290625 0.11496486718750001 0.8520321687499999 0.1106191 0.925926971875 0.11097316406249999 0.9438610203125 0.11640082031250001 0.95149453125 0.12386398125 0.9553152671875 0.134952503125 0.9556661578125001 0.185220896875 0.9358957703125 0.2181627453125 0.9205515984374999 0.24738818437500001 0.9040656578125 0.402720146875 0.833485646875 0.5485837953125 0.764434878125 0.5584775328125 0.7577251296874999 0.5598954093749999 0.749357234375 0.5547212 0.7278323921875 0.5283427171875 0.6746922140625 0.492982571875 0.59427381875 0.48978263125000004 0.5925631578125 0.4781978765625 0.5938059625000001 0.43821828749999997 0.6001488953125 0.431818403125 0.596727578125
27 0.2763869 0.582079484375 0.3134519609375 0.4815676765625 0.2731992359375 0.47407577031250003 0.22615155625 0.46988025625 0.21567054218749998 0.4735720828125 0.2104755578125 0.47772380468750003 0.2028095359375 0.4903564046875 0.19135629375000002 0.49826042656249997 0.1831333421875 0.5094123140625 0.1724393484375 0.5290450765625 0.17369483125000001 0.539180125 0.1676085453125 0.5516432484375 0.1678007546875 0.5613788765625001 0.1784942046875 0.5684474734375 0.2763869 0.582079484375
27 0.8353424421875 0.454848340625 0.826724959375 0.446016571875 0.7791208921874999 0.4136389796875 0.7701285734375001 0.41254972343749996 0.75460431875 0.4280792953125 0.7350292875 0.45225921874999997 0.7292976062500001 0.4559550296875 0.7185024531249999 0.47046377812499995 0.7107352703125 0.4779723640625 0.7049833578125 0.480643371875 0.692872025 0.48194266875 0.6405383171875 0.4772872625 0.554999740625 0.47465359375 0.542270784375 0.471397765625 0.5148582921875 0.4727981 0.45879806093750003 0.466488528125 0.43927415 0.46652909375 0.4407218390625 0.48639976718750005 0.4470099078125 0.5108860296875 0.4559809125 0.5643532125 0.4679096125 0.58053205625 0.47796520625000005 0.58202073125 0.5562738328125 0.56591753125 0.5588460359375 0.5625606671875001 0.5584717375 0.5436018171875 0.5625933296875 0.538538275 0.5689426359375 0.5393975859375 0.5681524953125 0.55283300625 0.5698536265625 0.558812346875 0.576780090625 0.5621771734375 0.7113922796875001 0.5379798203124999 0.719787203125 0.5355387578124999 0.7254885328125 0.53030574375 0.7371441 0.5326497484375 0.7560807359374999 0.5295912640625 0.8028552812499999 0.519951940625 0.822257796875 0.5137625578125 0.83000475 0.5052291703125 0.836546803125 0.48912274375000003 0.8375701531249999 0.46077119375000003 0.8353424421875 0.454848340625
27 0.5453518828125 0.8412911046874999 0.602942353125 0.791466471875 0.6221830125000001 0.777078665625 0.6367957328125 0.768835696875 0.7064671875 0.7161745640625 0.7205432125 0.7074756828125001 0.77556148125 0.6610079109375 0.7816578828125 0.6490571859375 0.7815668359375 0.6444455765625 0.7766354125 0.63521836875 0.7718051499999999 0.6311151781250001 0.7412539546875 0.6071778953125 0.7295275765625 0.60124708125 0.6775894765625 0.5631726015625 0.6680199984375 0.5595778265625 0.6495897109375 0.56155501875 0.6027645859375 0.5686323343749999 0.5770734578125001 0.577036815625 0.5387039578125 0.5847474765625 0.5134180171875 0.5869466515624999 0.49620274843749995 0.5970092796875 0.51296116875 0.6439926781249999 0.5553590578125001 0.7334123171875 0.55940929375 0.7514633296875 0.5506597640625001 0.7626717078125 0.5088773421874999 0.7846126453125 0.44084686250000005 0.8134773515625 0.30435037343750004 0.875874865625 0.24478563593749997 0.9058853171875001 0.23386908750000002 0.9142452531249999 0.23136770156250003 0.921188925 0.24870029218749998 0.9728991890625001 0.34655 0.9849136218749999 0.38144182187500003 0.95849168125 0.39695595781250004 0.942449709375 0.430232178125 0.9173134171875 0.4729969484375 0.891672690625 0.5052402421875 0.86767418125 0.5453518828125 0.8412911046874999
27 0.55139098125 0.1582194734375 0.495544809375 0.0825662359375 0.49018796875000004 0.0785195328125 0.48175257812499994 0.0789109921875 0.4388664140625 0.0984029046875 0.41435995625000005 0.11335562031249999 0.41497758281249997 0.11791074374999999 0.41816740937499997 0.11910899999999999 0.4456304796875 0.120270671875 0.4474833546875 0.1339360359375 0.4450123125 0.1424169140625 0.43782229062500005 0.152431015625 0.4389968421875 0.15846685 0.450622059375 0.1592736515625 0.462551303125 0.148751128125 0.48045500937499996 0.14683043125 0.473143590625 0.15069571406249999 0.4680093046875 0.15792184375 0.47139133749999995 0.168855728125 0.46994310781250004 0.17568642031249998 0.45654540781249997 0.19201483125000002 0.45002358593749997 0.2091460609375 0.44028159375 0.2235418265625 0.40792702031249994 0.2419039171875 0.3867924828125 0.26727811875 0.3799975265625 0.2705745109375 0.3605545453125 0.27471428593749997 0.35329370625 0.281141578125 0.31168271718749996 0.33849470312499996 0.30817875 0.348113365625 0.2973330171875 0.360060109375 0.2969480640625 0.36729021875 0.30426905625 0.3906387015625 0.31160070625 0.3877982203125 0.34336800312500004 0.3664182109375 0.3473682 0.355205853125 0.35624924375 0.35065869375 0.3657377921875 0.3501542546875 0.368947846875 0.3523773171875 0.3733830421875 0.3631982171875 0.38904838124999996 0.3815436296875 0.395377453125 0.3813781390625 0.40533188750000004 0.3777427984375 0.487468734375 0.34171641875000003 0.5406639390625 0.30982185 0.592897025 0.28265188124999996 0.6043705 0.2757726609375 0.607965515625 0.270765609375 0.6104871375 0.2648467390625 0.6103455109375 0.2576731203125 0.6036724875 0.24041696406250002 0.55139098125 0.1582194734375
27 0.8385989078125 0.165406003125 0.8366347578125 0.146104225 0.8382555015625 0.12128299218750001 0.7886659671875 0.12198154531250001 0.774134175 0.1343237265625 0.7581845046875 0.1550338015625 0.7437032921875 0.1699379890625 0.7309232156250001 0.190821521875 0.7061531984375 0.219153165625 0.66707394375 0.2710998203125 0.6645422078125 0.2765062921875 0.6652205312499999 0.28413582187499997 0.6670329421875001 0.29575158125 0.669726534375 0.298543534375 0.7310626796874999 0.3048005984375 0.7892798109375 0.3134462140625 0.804520271875 0.3102707671875 0.80547226875 0.3050337703125 0.803264790625 0.300135721875 0.799943990625 0.2655748828125 0.8028910328125001 0.25447550625000004 0.799093696875 0.2492345265625 0.7958538296875 0.2187729 0.8054744296875 0.198228315625 0.8218596375 0.17285013437500002 0.8260014609375 0.16881139843749998 0.836016590625 0.1682504671875 0.8385989078125 0.165406003125
27 0.8435270906250001 0.33484139218750003 0.8520636406250001 0.33957395 0.8615724234375 0.3400943140625 0.865886225 0.34476640000000003 0.868016821875 0.3457701984375 0.8620180390625001 0.04192060625 0.8449675531249999 0.040827959375 0.8421657343750001 0.0520562921875 0.8356316375 0.175480578125 0.8349820421875 0.2494923421875 0.8313359109375 0.27863875 0.83164896875 0.32122455781250003 0.83709685625 0.329882871875 0.8435270906250001 0.33484139218750003
27 0.82343235 0.51979839375 0.82705663125 0.5697312734375 0.8293146921875 0.5771913296875 0.8341651859375 0.582319328125 0.8468739109375001 0.58455035 0.8729029171875 0.593260075 0.8680039765625001 0.345119671875 0.8669393828124999 0.34465341718750003 0.8577852046875 0.3353657375 0.8498966250000001 0.3367255078125 0.8387372921875 0.3327878078125 0.8267984734375 0.31609656249999996 0.8355097046875001 0.19603312343749998 0.83449755 0.1714943484375 0.8312874906250001 0.1692712875 0.8254849984374999 0.1693802875 0.8121176437500001 0.1872459015625 0.7968766421875 0.2171227140625 0.7978989125 0.242173890625 0.8035288890625001 0.2600554296875 0.8037610203125001 0.2985420265625 0.8140167765624999 0.4170841875 0.8200114734374999 0.4267108109375 0.8224516265625 0.443394090625 0.8374285265625 0.45359757187499994 0.838613196875 0.460145809375 0.83659738125 0.4916847515625 0.82343235 0.51979839375