24 1 0.49563657499999997 0.9985485437499999 0.4124827265625 0.9853967578124999 0.39538344062499997 0.9648013703125 0.3857908546875 0.9241785296874999 0.37937322500000004 0.9204488546875 0.384834790625 0.9230446562499999 0.426015609375 0.936343059375 0.45361621718749995 0.9307485468750001 0.4618085625 0.899288196875 0.45871129374999997 0.893612171875 0.45133161250000003 0.8889905046875001 0.453915 0.8348260468750001 0.42129900625000005 0.822663515625 0.4192334953125 0.8114744953124999 0.4356181859375 0.806367071875 0.46506520937499995 0.8357200406249999 0.4963546609375 0.83450465625 0.5274250171875 0.8405862546874999 0.5404873515624999 0.8767497875 0.556573259375 0.9153454296874999 0.5586367734375 0.9462378453125 0.5489664953125 0.9844272453125 0.5212881968749999 1 0.49740972968749997 1 0.49563657499999997
24 0.6651152171875 0.2848535921875 0.635844428125 0.293195325 0.6362500015625 0.29887798125 0.6736295875 0.30795269375 0.8033623671875001 0.2979059359375 0.835633196875 0.28830935625 0.843822178125 0.27317951093750004 0.8307669859375 0.2441766625 0.78892809375 0.2447702359375 0.7303865140625 0.26145370625000003 0.694305159375 0.284998984375 0.6651152171875 0.2848535921875
24 0.6126559 0.338658559375 0.6180078703125 0.3559276140625 0.6570912640625 0.40330496718750003 0.6866867796875 0.40913301874999997 0.6964165375 0.40116176406250004 0.698929490625 0.3786522375 0.6706295453125 0.30920753749999996 0.6814129953125 0.2871401921875 0.6582231390625 0.28448510625 0.6308171859375 0.2900960609375 0.6113576703125 0.30603857031250004 0.6170336953125 0.31341825 0.6126559 0.338658559375
24 0.7303103265625001 0.43835495937499996 0.741014928125 0.4969522265625 0.7825304296875 0.5303071890625 0.8289101421874999 0.5356173625 0.83612628125 0.526096475 0.839531228125 0.5064651265625 0.83531446875 0.49067200624999996 0.80482629375 0.45790661874999994 0.790635896875 0.42742783749999996 0.76201255625 0.3919316703125 0.741091778125 0.34411013437500004 0.7212260203125 0.33031083125 0.7188760984375 0.383964409375 0.7230928578125 0.3997575265625 0.7179039203124999 0.41363252812500007 0.7303103265625001 0.43835495937499996
24 0.6900182078125 0.662639559375 0.67372109375 0.6844121171875 0.665856840625 0.71371175 0.6738841250000001 0.7155561687499999 0.733317696875 0.7017508718750001 0.7437770890625 0.6895729 0.7141000578125001 0.668172821875 0.6900182078125 0.662639559375
24 0.3072148734375 0.311006228125 0.2905121890625 0.32709613125 0.30121612343750004 0.3616342390625 0.3137842265625 0.36938240625 0.37321713437500004 0.33151794687499997 0.45754437187499997 0.35867038125 0.5173026703125 0.35903486875 0.47148956093749994 0.318373921875 0.44011005625 0.30678952187499997 0.444082940625 0.29992571875 0.4794346640625 0.2805871578125 0.500110234375 0.2576334515625 0.51348881875 0.252687765625 0.5154338359375 0.21741069375 0.5303525328124999 0.19556443750000002 0.51956841875 0.19357262343749998 0.48356791093749996 0.20863077031250002 0.3461339078125 0.279121209375 0.191021046875 0.2510147109375 0.10710004843750001 0.25360409375000004 0.1102624515625 0.259434140625 0.1460204125 0.2698373953125 0.260510434375 0.291526265625 0.3054308859375 0.305249875 0.3072148734375 0.311006228125
24 0.3438681625 0.44458345625 0.3326791390625 0.46096814531249997 0.388546734375 0.5078276265625 0.3993308484375 0.5098194390625 0.43646656093749997 0.49623723281250004 0.473277546875 0.468485234375 0.4817912515625 0.46752517656250003 0.493953115625 0.4455315296875 0.5224942734375 0.4413965109375 0.5566292765624999 0.4050099859375 0.5577638171875 0.3824267625 0.5505470125 0.36788849218749997 0.5308436171875 0.361174078125 0.48924793437499997 0.36036541093749996 0.45154495624999996 0.3852392328125 0.4206532046875 0.4189686703125 0.3438681625 0.44458345625
24 0.27892558749999996 0.6265080859375 0.2753582765625 0.6390545421875 0.2812775140625 0.6450319859375 0.32554917968749997 0.6544751796875 0.40938866249999994 0.636313771875 0.431442646875 0.6134337640624999 0.4329827625 0.59653319375 0.40711692031249996 0.58524358125 0.36292676875 0.5913724109375 0.30552039375 0.609531821875 0.27892558749999996 0.6265080859375
24 0.5217659734375 0.4937215484375 0.46054907656250005 0.525829653125 0.38871109375 0.58709 0.4317667078125 0.603544390625 0.4740105078125 0.5845743171875 0.5166592156250001 0.5472277328125 0.6010653031250001 0.49371555312500004 0.5217659734375 0.4937215484375
24 0.25046860937500004 0.7424517703125 0.2776313515625 0.7382430531249999 0.30973981875 0.721561578125 0.34047054062500004 0.7288655656249999 0.36698449843750003 0.7203764328125 0.38166997812500003 0.7579579 0.4521878265625 0.761728134375 0.4548797140625 0.759041571875 0.44928453749999997 0.74317475625 0.465339103125 0.746863596875 0.4806633734375 0.7306999984375 0.5329616578125 0.7179284546875 0.5549347953125 0.703535578125 0.5613397890625 0.682649384375 0.5338523187499999 0.6726883109374999 0.49801350937500005 0.6707721906249999 0.42901187656250006 0.6755744765625 0.411416528125 0.6647270453125 0.40841581875 0.64192273125 0.382955553125 0.636315771875 0.32125156875 0.647169196875 0.2169783921875 0.6387637484375001 0.194600346875 0.6715331296875 0.187465059375 0.6725668859375 0.1354079875 0.6117587109375 0.114082965625 0.606372840625 0.1257597421875 0.635301990625 0.1214627984375 0.65205516875 0.1376803953125 0.6868880609375 0.17051982968749999 0.7141181890625 0.21098097343750002 0.7375100796875 0.25046860937500004 0.7424517703125
24 0.44644419218750003 0.6552778546875 0.43914720625000003 0.6732858796875 0.42990386875000003 0.6784526515625 0.440931196875 0.6790422281249999 0.47271560468749996 0.6722501234375 0.551285303125 0.6764508484375 0.5929618328124999 0.668772384375 0.672990796875 0.664559675 0.67688216875 0.64212384375 0.660341178125 0.64123948125 0.648908946875 0.6590264109375 0.633826553125 0.625669453125 0.63528515 0.5931968546874999 0.631393115625 0.591573525 0.6179350171875 0.6531246640624999 0.6123405015625 0.6613170109375 0.6054484265625 0.660948525 0.5989612531249999 0.6422035359375 0.5914203890625 0.637554634375 0.5828245046875 0.59888350625 0.6082827734375 0.5323129875 0.5895522234375 0.5199896171875 0.5676599328124999 0.525895359375 0.5495788328125 0.5419115671875 0.542686753125 0.5415430812500001 0.547875690625 0.5276680812500001 0.5878490828125 0.5057461328125 0.5996868875 0.49364185781250003 0.5289012640624999 0.4926877921875 0.5051441359375 0.501324315625 0.45519777812499995 0.5326197609375 0.429576478125 0.5680462265624999 0.4259283171875 0.589079815625 0.4294154484375 0.609079653125 0.4457947421875 0.62693828125 0.43274088125 0.646053753125 0.44644419218750003 0.6552778546875
24 1 0.5675902374999999 0.943319315625 0.565793365625 0.8842104671875 0.5937684546875001 0.8079926937499999 0.6080916281250001 0.7673698531250001 0.6016740015625001 0.7663161625 0.6157700937499999 0.7713434046875001 0.6188693578125 0.82323678125 0.62447431875 0.8473994796875 0.62152045 0.9232130156249999 0.649632940625 0.9434836796875 0.6450557406249999 0.9502133921875 0.6383393328125 0.9547528812499999 0.5961247562499999 1 0.584710546875 1 0.5675902374999999
24 0.6345561859375 0.6214627359375 0.64915215625 0.6576241703125 0.6645572734375 0.632973440625 0.7835894484375 0.7086843765624999 0.808643475 0.684549521875 0.8014266734375 0.6700112515625001 0.809615653125 0.6548814078125 0.833778353125 0.6519275343750001 0.8435081125 0.6439562796875 0.8449673750000001 0.6355428437499999 0.8346696828125 0.63074655 0.8203984375 0.6087549015625 0.8177217859375 0.5760612140625 0.7865039796875 0.5475025453125 0.7595022671875 0.510677834375 0.746690953125 0.504331909375 0.7392309390625 0.491195875 0.7051754515625 0.47097694843750004 0.685876965625 0.44588603125 0.6541734015625 0.444191 0.6384422265625 0.40655362500000003 0.6331717765625 0.4048565984375 0.6362546625000001 0.46729210156249995 0.5878490828125 0.5057461328125 0.6031740171875 0.513641690625 0.6087691953125 0.5295085078125 0.5919054796875 0.5866318359375 0.6041488578124999 0.580210215625 0.6109600890625 0.589065834375 0.6333388 0.5803556125 0.6345561859375 0.6214627359375
24 0.9882337718749999 0.3629845421875 0.9875843234374999 0.3346449671875 0.9775291734374999 0.304387271875 0.9874199609375 0.25538259375 0.98750014375 0.2228362984375 0.9918341375 0.21316131875000002 0.9331470453125 0.21002361406249997 0.9335795656249999 0.212877225 0.918336809375 0.24461285156249998 0.8902018937499999 0.278489684375 0.8794177765625 0.276497871875 0.877633121875 0.2466823578125 0.8712274640625 0.2435093953125 0.8331195765625001 0.286759721875 0.817389734375 0.29724066875 0.7587693046874999 0.3945887546875 0.8032046656249999 0.4592351625 0.8095288093749999 0.4468360984375 0.807339246875 0.43539709374999996 0.8212851000000001 0.419159796875 0.8281771796875 0.41952828125 0.881368790625 0.45775323281249997 0.924262040625 0.4671227328125 0.937721475 0.45368991562499994 0.9244230734375 0.4260893078125 0.9211784875 0.3806280703125 0.9060152484374999 0.3557582453125 0.92847480625 0.338560890625 0.939097225 0.357526971875 0.9882337718749999 0.3629845421875
24 0.1563274328125 0.611461925 0.15454410937500002 0.6297647328125 0.166301734375 0.6502067499999999 0.1944379859375 0.6644482390625 0.217708025 0.6345570328125001 0.2400867359375 0.625846809375 0.25792462656250004 0.6112328437500001 0.27057357656250003 0.610493878125 0.2809527875 0.630862196875 0.28646645 0.6311569859375 0.3121692609375 0.61130254375 0.3689268515625 0.5888627203125 0.37143980781249997 0.5663531953125001 0.3598445453125 0.55299606875 0.3578981953125 0.5401548265625 0.3828713734375 0.5245071046875001 0.387411528125 0.5063516906250001 0.338922434375 0.45705621562500004 0.3528682875 0.4408189203125 0.37832855625 0.44642588125 0.41440990937500005 0.42288059999999994 0.4566530453125 0.3798513640625 0.46030120312499995 0.35881777656249997 0.4018398078125 0.342954953125 0.378812978125 0.3714439203125 0.370542484375 0.3710017390625 0.36259604843750004 0.3606701859375 0.3460550578125 0.3597858234375 0.309811340625 0.37624620625 0.300080915625 0.3601583015625 0.28653863749999997 0.3099007734375 0.2808626125 0.30252109374999997 0.2684568703125 0.30185781875 0.26148394218750004 0.30997646875 0.2633494453125 0.331304846875 0.24445719999999999 0.33595574375 0.2369170046875 0.3553660046875 0.205213440625 0.353670975 0.178456271875 0.36356234375 0.1469157375 0.39301136875 0.1373476734375 0.3840083578125 0.128590759375 0.3863706546875 0.1293210578125 0.4062230953125 0.117320890625 0.411242478125 0.110591840625 0.4420180484375 0.10029481093749999 0.4612809140625 0.117161190625 0.500394225 0.11148716562500001 0.565192021875 0.11886633124999998 0.5868151875 0.1563274328125 0.611461925
24 0.18259151875 0.363783434375 0.1975917296875 0.35750920937499997 0.238052209375 0.35684194062499996 0.23975401562499998 0.3229671078125 0.23569961718750002 0.31425888125 0.147399496875 0.2939702515625 0.10280310156250001 0.27035726718749997 0.07088439375 0.269902678125 0.0605100171875 0.3297164984375 0.10491314843749999 0.3384017265625 0.123400490625 0.35212733281249997 0.13653652968750002 0.37264304843749996 0.161915946875 0.38673714062500003 0.18259151875 0.363783434375