0 0.346089590625 0.44529503125 0.3464725546875 0.45147278281250003 0.369971546875 0.512530946875 0.34540916875 0.5960209703125 0.3288701421875 0.6283717015625 0.3273667890625 0.6580211796875 0.32086816875 0.72028135625 0.3142363140625 0.818122765625 0.3215293640625 0.8225785703125 0.333831928125 0.8216039187499999 0.3683752265625 0.7994040765625 0.377642584375 0.8033678984374999 0.42951221406249995 0.801943184375 0.49436946718749997 0.8025096984375001 0.5514032234374999 0.800843653125 0.5859607718750001 0.8058240484375 0.624319453125 0.8182214765625 0.6419302015625 0.813833 0.6244908046875 0.710489140625 0.6245502968750001 0.6791084046875 0.6136844671875 0.668224196875 0.6098095875 0.6650076671875 0.6015222578125 0.6472077328125 0.60584671875 0.6388113953125 0.5958942984375 0.63188169375 0.58169116875 0.62914783125 0.5742506359374999 0.6330930203125 0.5698453078125 0.6320997359375 0.5700665375 0.6194982437500001 0.5755327609374999 0.6160450390625 0.586693559375 0.610127253125 0.6016554937499999 0.611626496875 0.584181675 0.5992523640625 0.5746050984375 0.5849102937499999 0.5565342125 0.5925500234375 0.545211678125 0.5796885609375 0.5272002859375 0.5559475515625001 0.51671741875 0.551241096875 0.5008491984375001 0.5593774671875 0.5016817437500001 0.5539423515624999 0.5057778468749999 0.5445573875 0.4923263890625 0.5269987859375 0.48950528593750003 0.505745646875 0.4773430796875 0.4847291828125 0.346089590625 0.44529503125
0 0.46935750781249996 0.8976125906249999 0.48468815468750004 0.8781093437499999 0.49083231562499996 0.8640318984375 0.505860865625 0.8477405250000001 0.52755689375 0.801558340625 0.3725521984375 0.799408734375 0.336565040625 0.81987731875 0.3188699953125 0.820104675 0.316638828125 0.7652475546875 0.3083657515625 0.774627859375 0.30585386875 0.76375296875 0.292040825 0.780786978125 0.2788091734375 0.7652646640625 0.2250022859375 0.8204941828125 0.24589427343749998 0.8341075921875 0.2627639 0.8529054687500001 0.296643515625 0.8685101078124999 0.31647460625 0.88657000625 0.43905780156249996 0.9020264734375001 0.455913178125 0.893644109375 0.46935750781249996 0.8976125906249999
15 0.23888228437499998 0.35177434218750003 0.130452003125 0.6778161093749999 0.27521023125 0.7044752 0.3430543875 0.4502335046875 0.35966003281250003 0.40009215625000005 0.3533470140625 0.3818002390625 0.338760915625 0.372888625 0.313691953125 0.35927055937499996 0.2853594328125 0.3496023359375 0.2524740984375 0.347341828125 0.23888228437499998 0.35177434218750003
13 0.21927954375 0.33470306875 0.20013351093749998 0.3196090453125 0.1677786265625 0.31512529218749996 0.14970774375 0.322765021875 0.140226284375 0.3449928125 0.1443366390625 0.36278808906250004 0.16522862656249998 0.376401496875 0.19310444375 0.3840924671875 0.23373953281249998 0.39278603749999996 0.3533683890625 0.42257059999999996 0.5081589859375 0.45091181562499993 0.964938384375 0.5305087234375 0.970394728125 0.517648203125 0.962947065625 0.508003275 0.9361392734375 0.5094559375000001 0.5743792328125 0.44381996875 0.4847551125 0.4264235140625 0.3366391234375 0.38178160625 0.22574004687500002 0.344593990625 0.21927954375 0.33470306875
13 0.7235963859375001 0.705657803125 0.7320311984375001 0.7150567421875 0.7488937015625 0.7202644984375 0.817927925 0.720835671875 0.8416933859375 0.7107313640624999 0.8579374453125 0.6951826234375 0.8561843640625 0.6830731125 0.8499522125000001 0.6741708171874999 0.8572310109375 0.6514463828125 0.8983085546874999 0.6349369671875 0.916224828125 0.6221081125000001 0.9266196984375 0.6038348265625 0.9238794625000001 0.5919713109375 0.9158165578125 0.5845707546875001 0.9162105765625 0.5949278734375001 0.9004160984375 0.5988637484375 0.8878851796875 0.5988497703125 0.8679066015625001 0.5891908671875 0.8633466656250001 0.5830084578125 0.8563628390625 0.5889309015624999 0.8363771375000001 0.5656818765625 0.8135179640624999 0.56615056875 0.7775902968749999 0.5552384140625 0.762252525 0.5611515375 0.7441007734375 0.5594016468749999 0.712511815625 0.5672733937500001 0.7005184718749999 0.57862629375 0.6982420671875 0.58233015 0.692547490625 0.5847947296875 0.6901973421875 0.5926990812499999 0.671139303125 0.6005848015625 0.6567149421875 0.6104524328125 0.6525450953124999 0.624037896875 0.6466292921875 0.63910396875 0.6612225125 0.6616057 0.6660179281249999 0.6823668546875 0.677185853125 0.6900391921875 0.6958680546875 0.6895658390625 0.7058942125 0.69229504375 0.7102995390625 0.6932883265625 0.718498875 0.6881085203125 0.7235963859375001 0.705657803125
7 0.8617104156250001 0.21434395624999997 0.8519792296875 0.1948127640625 0.8362513671875 0.18095801875 0.79732411875 0.2429349375 0.77394875 0.272807115625 0.7309848890625 0.312788259375 0.7273454921875 0.32415047656249996 0.7151975375 0.33031425312499996 0.709885925 0.33895658281249996 0.7127070265625 0.3602097203125 0.671401134375 0.3757305140625 0.6603283265625 0.404628040625 0.6635990140625 0.41426831249999996 0.6866341765625 0.45975910156250005 0.855991153125 0.492834721875 0.8818838703124999 0.4508344046875 0.888705959375 0.42613271875000003 0.8915794328125 0.40241499999999997 0.8955732921875 0.3428700546875 0.8655258031249999 0.248941225 0.8742555859375001 0.2415381734375 0.8617104156250001 0.21434395624999997
13 0.8938415859375001 0.371530903125 0.8938558390625 0.39871114375 0.8899952109375 0.42267485625 0.884462371875 0.443918678125 0.9801802281249999 0.47443403906250003 0.982654540625 0.43513283437499994 0.9716055984375 0.3646990234375 0.9754650937499999 0.357458384375 0.9598803578125 0.2899861953125 0.9139035203124999 0.25047773281249996 0.8727379828125 0.24400740937499998 0.8657541578125001 0.2499298515625 0.870394959375 0.265501884375 0.8926047031250001 0.33001790937500003 0.896641315625 0.352013684375 0.8938415859375001 0.371530903125
13 0.4190510609375 0.404111875 0.527364509375 0.43462509843749997 0.56540684375 0.4230541546875 0.6155971328125001 0.4053194359375 0.64170561875 0.3737206546875 0.6477617828125 0.336663465625 0.6405353515625001 0.3144170421875 0.62412243125 0.29759641718749996 0.6029283453125001 0.2871948796875 0.589786109375 0.2800145265625 0.6480734906250001 0.2069400171875 0.6560373484375 0.1871814640625 0.6709041625000001 0.15211084218749998 0.6747647890625 0.12814713125 0.6689893453125 0.12122208906250001 0.6646720109375 0.143208546875 0.655647259375 0.167413590625 0.6494293578125 0.1856915359375 0.6362276328124999 0.20989192031249998 0.6118651078124999 0.2400100921875 0.5884159906249999 0.2740827671875 0.5391914796874999 0.25080113593750003 0.5104831203125 0.248545284375 0.49165343437500003 0.2574196328125 0.4692580921875 0.2734556984375 0.45962201875 0.290494365625 0.45743360937500005 0.3171779625 0.45068526249999996 0.3376791515625 0.4418079921875 0.3534832015625 0.42837791249999996 0.3766949625 0.4190510609375 0.404111875
13 0.6107518437499999 0.28942744062500003 0.6330139499999999 0.3089726078125 0.64502154375 0.32479994843750004 0.647083846875 0.34728770625 0.64261190625 0.3640850390625 0.6371528078125 0.3811283640625 0.6505162703125 0.37570722343749996 0.670937303125 0.3601631390625 0.7063131421875 0.33252817968750004 0.7498074484374999 0.29032379375 0.79732411875 0.2429349375 0.836781815625 0.17873477499999998 0.8530903296875 0.1412138328125 0.8501239 0.13254327187499998 0.8347790046875 0.1248662765625 0.82657254375 0.1164559671875 0.8387942390625 0.1060916921875 0.8258803578125 0.099899965625 0.744624434375 0.10969306875 0.733920340625 0.11758810625 0.7220816078125 0.1341301328125 0.7087181453125 0.1395512734375 0.6937633359375 0.15164215 0.6885992078125 0.15188348437500002 0.6863894187499999 0.137796721875 0.6732543109375 0.1442064890625 0.667942696875 0.15284881875 0.659065428125 0.16865286875000002 0.6462324140625 0.17185076562499998 0.6355283203125001 0.1797458015625 0.627926053125 0.16491174687500001 0.6163085453125 0.168852278125 0.5901858109375 0.17327081875 0.5771315718750001 0.18907020937500002 0.5714441203125 0.20512491093750002 0.5479141375000001 0.22980796250000002 0.5350882484375 0.24659598124999998 0.5893294015625 0.2780372734375 0.5941914374999999 0.2810078109375 0.6107518437499999 0.28942744062500003
13 0.5407757 0.23054128125 0.5614250859375 0.21598582500000002 0.5687847515625 0.20265101406250002 0.5580735328124999 0.19695593125 0.5936161265625 0.16614282656249998 0.569978884375 0.1626232890625 0.5495578515624999 0.17816737031250002 0.5440178859375 0.1858210734375 0.5232138859375 0.19518740625 0.505754321875 0.20999351093750002 0.485333290625 0.2255375953125 0.48078047812499997 0.2329453046875 0.5005164515625 0.21443534375 0.5105426109375 0.2171645484375 0.5168485046875 0.221866346875 0.533482653125 0.226085475 0.5407757 0.23054128125
13 0.43946033125 0.22128585781250001 0.43375863125 0.21016031562499998 0.4286682453125 0.20620115156250002 0.4328523421875 0.21979593125000002 0.44569248124999994 0.230188153125 0.44561874062499995 0.2343886515625 0.426339471875 0.254875865625 0.4129831359375 0.273887128125 0.390809021875 0.2773217 0.3902856984375 0.29313506562499997 0.3791986390625 0.2948523515625 0.35177240468750004 0.275548515625 0.32156069062500003 0.3029421421875 0.312830909375 0.31034519375 0.30676049375000003 0.32022214375 0.304417471875 0.341716615625 0.31720503906249997 0.3573495921875 0.3484112375 0.3830302 0.3610159 0.378843675 0.37247879375 0.3697140203125 0.3843983953125 0.362561615625 0.4046719421875 0.35541853125 0.40747167187500005 0.33590131093750003 0.40632990625 0.33095817968749996 0.408975025 0.306251834375 0.45302828437500003 0.316184678125 0.45537843125000005 0.308280325 0.45780232187500003 0.2961754734375 0.46098501406250003 0.2828360046875 0.46781423125000005 0.27172443749999997 0.48793316718749996 0.25939222812499996 0.5132162328125001 0.24681868125 0.5209517328125 0.22607150156250003 0.483661075 0.2228177078125 0.5015773484375 0.2099888515625 0.5142557515624999 0.20160183125 0.541358515625 0.1833471796875 0.5339108578125 0.17370224843749998 0.5247172421874999 0.16553792812499998 0.5058066890624999 0.1650226546875 0.4807519765625 0.178584825 0.47323770156249995 0.1867305125 0.44774053281250004 0.225495671875 0.43946033125 0.22128585781250001
13 0.0833802765625 0.5599002796875 0.0951523921875 0.561148875 0.1031304984375 0.5685705578125 0.110961121875 0.5843932406250001 0.0990486453125 0.6051357640624999 0.1171932734375 0.5932955359375 0.12152485625000001 0.5984893203125 0.123123328125 0.6054097046875 0.108698965625 0.6152773375 0.11121085 0.626152228125 0.10460998749999999 0.6382524203125 0.10271654687500001 0.6481340265625 0.10507381874999999 0.65381979375 0.1113797125 0.658521590625 0.126260778125 0.6506312125 0.138717953125 0.654845684375 0.2231829234375 0.392280075 0.184448403125 0.3872950234375 0.16425572500000002 0.40382773125 0.14625858125 0.40726696249999994 0.1317533546875 0.40774497343749994 0.1348694296875 0.412196121875 0.1502880703125 0.41567261406249995 0.17610870625 0.4144659453125 0.1853760671875 0.41842976875 0.192676240625 0.43647569218750004 0.1897956421875 0.44660329218749995 0.17643930624999998 0.465614553125 0.16801161874999998 0.4698057359375 0.1179616890625 0.465549340625 0.094572065625 0.468241278125 0.0771053734375 0.469457265625 0.061303767187500004 0.45980301875 0.0546220375 0.46251358906249995 0.06161299218750001 0.47018126718750003 0.06366816875 0.47907890468750003 0.067402684375 0.5042865515625 0.07636794687500001 0.5114622421874999 0.0682494796875 0.526031675 0.0607352046875 0.5341773625 0.046082492187500004 0.543056365625 0.052314640625 0.5519586624999999 0.057478770312500004 0.551717328125 0.0675786703125 0.5502460328125001 0.0758588734375 0.5544558484375 0.0833802765625 0.5599002796875
21 1 0.5759363984375 0.9399332859375 0.5032828453125 0.9165294109375001 0.47879454531250004 0.8840079265625 0.4649425296875 0.8758134546875 0.46071135312499994 0.8387796515625 0.512806665625 0.8188890671875001 0.5261275015625 0.8369670765624999 0.53207789375 0.8509418562500001 0.533823128125 0.860592178125 0.5439647 0.8670455578125 0.540265503125 0.878287225 0.543737340625 0.8956064312500001 0.5509223515625 0.892799575 0.556849453125 0.8684227999999999 0.5597873812499999 0.8350070203125 0.55975011875 0.8348595328125 0.5681511125 0.8438247953125 0.57532680625 0.854462271875 0.5852223859375 0.865320975 0.5825164734375 0.869195853125 0.585733003125 0.8774023124999999 0.5941433171875 0.8938818515625 0.5931733218749999 0.9070978296875 0.5961531765625 0.917801921875 0.5882581375 0.9192457828125 0.5899893984375 0.9291244578125 0.6011195984375 0.9177424296875 0.6196388749999999 0.897851846875 0.6329597140625001 0.9049165406249999 0.6364268921875 1 0.5895925906249999 1 0.5759363984375
7 0.901115746875 0.195114653125 0.88205058125 0.1894102546875 0.8691366984375 0.18321852968750002 0.8574383265625001 0.17776943750000002 0.8424692671875 0.16268007499999998 0.835492565625 0.18219263593749999 0.8483327031250001 0.1925848609375 0.8554782671875 0.2054416609375 0.8629259250000001 0.21508659218749998 0.8693126859375001 0.22917801249999997 0.8727379828125 0.24400740937499998 0.8979569515625 0.245041734375 0.912371665625 0.22576673125000002 0.901115746875 0.195114653125
13 0.2807781203125 0.30264956718749997 0.306149178125 0.31305576562500004 0.332110175 0.2898579796875 0.35108734531249997 0.2725826375 0.3588371015625 0.279015696875 0.3715083796875 0.2570385546875 0.386389446875 0.24914817500000003 0.4212926171875 0.2383594875 0.41964348906250004 0.23040619687500002 0.4117462515625 0.23237413281250002 0.36672008906250003 0.24986752031249998 0.37370391718749996 0.24394507656250003 0.379317625 0.232090875 0.3651953609375 0.23874663593749998 0.3442438796875 0.2565139640625 0.32360161875000004 0.284659540625 0.30454358125000003 0.2925452609375 0.2807781203125 0.30264956718749997
13 0.22119684999999997 0.22549012343750002 0.17361414375 0.198662775 0.14637080156249999 0.20545162343749998 0.22196990312499998 0.2514357453125 0.30211256249999996 0.2910599921875 0.361444103125 0.32646045 0.43277611406250005 0.3640981234375 0.5412584203125 0.42698071249999997 0.557745084375 0.439600840625 0.6722383140625 0.5239872140624999 0.7122549593749999 0.5119242890625 0.7294195593749999 0.5139201703125 0.74605370625 0.5181393046875 0.7737749109375 0.520641146875 0.784795353125 0.5367144749999999 0.780228290625 0.5169419484375 0.7746003296875 0.5016159109375 0.7249262390625 0.4899471453125 0.6970575484375 0.49584629687500004 0.6717602328125001 0.4812396 0.5651784906249999 0.422065528125 0.47926038593750003 0.3755162390625 0.37435086093750003 0.319062053125 0.30962684218750003 0.2829143046875 0.263894240625 0.25667145156250004 0.241632134375 0.2371262796875 0.22119684999999997 0.22549012343750002
13 0.0446923734375 0.8529661703125001 0.046215596875 0.8638044703125001 0.09440286718749999 0.8697671281250001 0.2398764171875 0.8408348531250001 0.23958837968750002 0.82940579375 0.1746645109375 0.8466298953125 0.08475254374999999 0.8596255546875 0.0446923734375 0.8529661703125001
13 0.13707424375 0.7064862765625 0.15460755312500002 0.687479671875 0.1399477140625 0.682768559375 0.09553999375 0.72101844375 0.0736013578125 0.7390317625 0.0360228546875 0.766170078125 0.032795646875 0.7683165546875 0.0342791171875 0.7788719953125 0.0709491140625 0.7501479875 0.0366516640625 0.7957535499999999 0.0400834546875 0.8201720015625 0.06375831093749999 0.7958521625 0.06458372968750001 0.7768269250000001 0.07945767031249999 0.7553464265625001 0.11696243125000001 0.7324086078125001 0.12273075156249999 0.72574353125 0.13707424375 0.7064862765625
13 0.237093234375 0.7056094453124999 0.190623209375 0.7213715703125 0.1528900984375 0.7433207640624999 0.134671728125 0.7593614875 0.12410799374999999 0.7452654109375 0.119474315625 0.7432834984375 0.12821835312500002 0.7630606875 0.140447171875 0.7662865296875 0.1555565921875 0.7593847796875 0.237093234375 0.7056094453124999
13 0.4205686671875 0.4016426421875 0.4306543171875 0.37299110468749996 0.451187603125 0.32709866875000004 0.446877 0.31667200625 0.4262347421875 0.34481758125 0.40459820156250004 0.359619028125 0.3815178 0.372689215625 0.36822807812499997 0.3739098609375 0.37082083125 0.3941743734375 0.3767651359375 0.43346878125000005 0.3614202390625 0.4257917875 0.3471504890625 0.44084854375000004 0.37221945 0.4544666109375 0.39097539375 0.4497927640625 0.40577559374999994 0.43251276250000004 0.4205686671875 0.4016426421875
13 0.37073035 0.511296328125 0.3438131859375 0.4489988875 0.30750719375 0.5856008 0.3432951015625 0.5923656609375 0.3447241109375 0.593055090625 0.37073035 0.511296328125
7 0.2741555421875 0.7078746140625001 0.2761369765625 0.7209727499999999 0.283356284375 0.7296290546875001 0.2885204078125 0.72938771875 0.2986940546875 0.7237159281250001 0.30583249375 0.722982609375 0.32002849843750003 0.71212635 0.3425214484375 0.5925584500000001 0.307514325 0.5866445515625001 0.2741555421875 0.7078746140625001
13 0.68713363125 0.5432770765625 0.7176474421875 0.5126715796875 0.67102280625 0.52324458125 0.591175115625 0.46681834375 0.4038378984375 0.43404115 0.39317805625 0.45028940312500004 0.37419376249999997 0.453974628125 0.4794719984375 0.4894263234375 0.49201004531250003 0.50303041875 0.48875360937499995 0.5205703859375 0.499700309375 0.5408442140624999 0.531988575 0.5631185890625 0.5591864546875 0.5814337968750001 0.5708110890625 0.591083384375 0.604543215625 0.61508901875 0.5922406515625 0.616063671875 0.578494225 0.615307059375 0.5662725281250001 0.6256713375 0.5750094390625 0.6318584031250001 0.5831350296875 0.6308790937500001 0.6017434890625 0.6346062390625 0.6046383359374999 0.6516588796875 0.610642134375 0.65957255 0.6240935890625 0.6771311515625 0.6409560921875 0.6823389046874999 0.6611558953125 0.6793963171875 0.65339901875 0.659373140625 0.6458704890625 0.6403385875 0.67091095 0.5995961750000001 0.66627014375 0.5840241453125 0.6718767265625 0.5585798234375 0.68713363125 0.5432770765625
13 0.6260821484375 0.7038194078125 0.6246454140625 0.715678265625 0.6433037515625 0.81453625 0.642052615625 0.74584301875 0.647283359375 0.7278110640625 0.6558656578125001 0.7288090078125 0.6818375015625 0.7108361734375 0.6787034546874999 0.6875699562500001 0.66533286875 0.6794009765625 0.6515127 0.6828448671875 0.6416482765625 0.69889490625 0.6260821484375 0.7038194078125