4 0.1490655171875 0.832315265625 0.157442903125 0.843554421875 0.1635022046875 0.85424536875 0.17591015000000002 0.8700380421875 0.208494515625 0.8710576953125001 0.2277759875 0.8653309890625 0.64532373125 0.6493070390625 0.6502492390625 0.6448142406249999 0.6592827156250001 0.6227770125000001 0.6658130796874999 0.591404175 0.663834840625 0.5554474609375 0.661910415625 0.5349334203125 0.6541117234375 0.512515828125 0.6470767562499999 0.48770718906250005 0.633588828125 0.47217344062500005 0.6219715124999999 0.46171105937499995 0.6129885328125 0.453929003125 0.600028796875 0.4570361015625 0.16311554374999998 0.6103607875 0.1493920859375 0.6158589265625001 0.1301644296875 0.6370283046874999 0.11604731406249999 0.6624922765625 0.11362824062500002 0.7215826421875 0.020803975 0.7592928484375 0.012137248437500001 0.753642909375 0.008582395312500001 0.7544951890625 0.013477979687499999 0.8946863796875 0.0175740015625 0.8958554953125001 0.0488664453125 0.8806253421875001 0.048048903125 0.8675737078125 0.13160084218749998 0.8276706656249999 0.1411625140625 0.8242742859375 0.1490655171875 0.832315265625
17 0.6916451859375 0.47150205156249997 0.6462831640625 0.082740609375 0.6317690765624999 0.0829084546875 0.6832855609374999 0.4812340625 0.6916451859375 0.47150205156249997
17 0.6579004828125 0.09320298906249999 0.64725883125 0.0968582984375 0.692401809375 0.4823603484375 0.7000494765624999 0.490462546875 0.6579004828125 0.09320298906249999
17 0.7007862921875 0.4803501671875 0.7137729328125 0.48496440625000004 0.6665133953125 0.08341025468749999 0.6615600234375 0.0934295828125 0.7007862921875 0.4803501671875
17 0.6793419078125 0.086958434375 0.6668565562500001 0.0932637109375 0.8079601625 0.4469274296875 0.8226656421874999 0.45002560625 0.6793419078125 0.086958434375
17 0.68595299375 0.078749609375 0.6779456765625 0.08508524375 0.83694169375 0.4311473453125 0.8504019015625 0.43344010468749994 0.68595299375 0.078749609375
17 0.85309336875 0.49682506249999997 0.7096922328125 0.15585584375 0.8386828656249999 0.4881363171875 0.85309336875 0.49682506249999997
9 0.323807 0.374224425 0.33748327968749997 0.4438075296875 0.5195251265625 0.39685105625 0.483715890625 0.116196290625 0.2851231546875 0.173744659375 0.31095158125 0.362954909375 0.323807 0.374224425
9 0.306644653125 0.3628835265625 0.1384983125 0.41423633437499996 0.1936442640625 0.5975216750000001 0.36699247343749997 0.5371939296875 0.321488915625 0.3736762171875 0.306644653125 0.3628835265625
9 0.0712898046875 0.17698856093749998 0.1434238203125 0.40974353125 0.3107934546875 0.3618888515625 0.24938930468749998 0.1342891765625 0.0712898046875 0.17698856093749998
9 0.738390521875 0.3267145296875 0.666284140625 0.5493403906250001 0.666893059375 0.5911452500000001 0.8346898890625001 0.6215699875 0.9132935984375001 0.3576434828125 0.738390521875 0.3267145296875
9 0.768071478125 0.2478404921875 0.823127825 0.23243278437499998 0.8190290953125 0.0711319234375 0.63350846875 0.0946351015625 0.5658635328125 0.0909815328125 0.5662973703125 0.25978487031249997 0.6893374203125 0.2523653890625 0.768071478125 0.2478404921875
9 0.4236830078125 0.44301258125 0.6760747078125 0.43438820468749995 0.6667990625 0.386933409375 0.6376632546875001 0.3563837578125 0.51607325 0.38111910312499997 0.52244880625 0.39394216718749997 0.41971970625 0.4251953015625 0.4236830078125 0.44301258125
9 0.4836540109375 0.117315096875 0.516362596875 0.3755298828125 0.637505128125 0.355317696875 0.5394022374999999 0.2518813765625 0.568268971875 0.205217665625 0.5643629890625 0.1034849546875 0.45336081874999995 0.10912231875 0.45299496875 0.1202497296875 0.4836540109375 0.117315096875