27 0.6359284484375001 0.3603776078125 0.55926089375 0.4201641234375 0.5213549671875 0.44497226406249996 0.461766759375 0.4946052109375 0.38984447499999997 0.5450349515624999 0.321614803125 0.5989527109375 0.319075825 0.604440390625 0.32606548750000003 0.6588225546875 0.3311964234375 0.6819151984375 0.3367825140625 0.6959282140624999 0.34390127656249997 0.7471078421875 0.3528125484375 0.78699198125 0.3586568375 0.794599928125 0.36663956249999996 0.7978107953125 0.37689644375000003 0.79768055625 0.4922958640625 0.7699957109375 0.5398810359375 0.7615979937499999 0.60970461875 0.74111633125 0.6783133296875 0.7153894875 0.7576605671875 0.6974867796875001 0.796794615625 0.68644081875 0.809658334375 0.6813508781250001 0.8149464921874999 0.6762179640625 0.815999153125 0.663373175 0.8044876656250001 0.6327072328125001 0.67293068125 0.357987221875 0.6654709765625 0.3462247078125 0.66030529375 0.3438965859375 0.6359284484375001 0.3603776078125
27 0.53935085625 1 0.5889549046875 0.992143490625 0.5958346625 0.961347159375 0.5935340203125 0.9476542671875 0.5856125328124999 0.940712878125 0.5666264562500001 0.9318244468750001 0.48452505312499994 0.9030568625000001 0.3838381125 0.8643102375 0.32394036875 0.844223228125 0.3053548359375 0.8342441875000001 0.278596240625 0.8279873328124999 0.266194303125 0.8282561453125 0.25648030624999996 0.832610240625 0.2499905203125 0.8410149828125 0.24232559375 0.8697255437500001 0.2080825125 0.9651017484375 0.19826076718750002 1 0.53935085625 1
27 0.8138740343749999 0.8487738484375 0.7979085859375 0.842352109375 0.7825538796875 0.8406822093749999 0.7801506234375 0.84722585625 0.7797087125 0.8648224828125001 0.774753234375 0.8683368093749999 0.756717209375 0.866840128125 0.7315806515625 0.8689963437499999 0.6882044890625 0.86807193125 0.6748657453125 0.8694659953125001 0.6682336109375 0.87255626875 0.6238676609375 0.9866138531249999 0.944030596875 0.935905025 0.9379630890625 0.8886975687499999 0.923541740625 0.885875571875 0.8730319312500001 0.8673115546875 0.8585461750000001 0.8639884234374999 0.8328534843750001 0.8534037796874999 0.8138740343749999 0.8487738484375
27 0.364630228125 0.7990053328125 0.3561724765625 0.7920985859375 0.3513328515625 0.7838933781249999 0.34574014218750004 0.7656218609375001 0.3409352671875 0.736652128125 0.3358324625 0.6885364640625 0.332608253125 0.684485821875 0.3277818765625 0.6847976124999999 0.3255755796875 0.6886667015625 0.3193489765625 0.73698189375 0.311689034375 0.8120079828125 0.313941684375 0.8379483953125 0.317233753125 0.84252701875 0.32179531250000004 0.8443618015625001 0.3394307921875 0.8469490921875 0.48853873593749997 0.8543522625 0.5258190328125 0.8583323046875 0.6773434796875 0.8677088312500001 0.729768275 0.867516328125 0.7669128546875 0.8704404078125 0.7758257609375 0.868267525 0.7790367234375 0.8638011640625001 0.7790168578125 0.8510256609375 0.7691091796875 0.7739402640625 0.770148596875 0.752578475 0.757667190625 0.70174528125 0.74694190625 0.7024381453124999 0.6699499296875 0.726044728125 0.644616409375 0.7308754984375 0.632757359375 0.73536816875 0.6209049296875 0.7441193390625 0.61266400625 0.747313540625 0.5883963953125 0.747816525 0.496314534375 0.7676066375 0.388497296875 0.7995929546875 0.3720088265625 0.8017228624999999 0.364630228125 0.7990053328125
27 0.668791175 0.325780309375 0.6623907515624999 0.30543150625000004 0.6474299703125 0.2984125 0.6301139234375001 0.2856896203125 0.58401670625 0.25938741875 0.5619355234375 0.243245809375 0.555025325 0.23996565468750003 0.5501989484375 0.24027744218749997 0.4249431890625 0.2670019203125 0.40242009218749997 0.2684569375 0.3878797203125 0.27312282187500003 0.3829921046875 0.27716513125 0.38299872343749997 0.2814236328125 0.3915309578125 0.2931168609375 0.410020503125 0.3275909375 0.45141880624999997 0.39305941718750004 0.45882389218749997 0.4128109484375 0.4585044546875 0.42294654375 0.4541531046875 0.42695420625 0.4196551015625 0.44462143281250005 0.2779026109375 0.5112743375 0.17253498437499998 0.56652651875 0.169663325 0.5736327890624999 0.196814203125 0.6165975609375 0.22429114062500002 0.6536852390625 0.234819465625 0.6556669296875001 0.2430603859375 0.6524727265625 0.295567928125 0.6192681796875 0.39526835625 0.5409580015625 0.4450267140625 0.5073986875000001 0.5081039484375001 0.4596698109375 0.525509359375 0.443639153125 0.5514271359375 0.42652621875 0.6120266328125 0.38055450468749996 0.6474481984375 0.3532450265625 0.6633805359375 0.3383742625 0.668791175 0.325780309375
27 0.076507228125 0.4630626125 0.074238790625 0.46224121875 0.092247175 0.6023531109375 0.1312012671875 0.5857000703125 0.1884739453125 0.5559142546875 0.22632525781249999 0.5390951312500001 0.2738160796875 0.51313543125 0.3351819125 0.48574702187499996 0.46111791718750006 0.42224534062499997 0.460493925 0.4089765015625 0.453027596875 0.3929554875 0.384403934375 0.27973575781250004 0.3758849453125 0.27655952968749997 0.3443198390625 0.2833899671875 0.3232019515625 0.283157109375 0.31648209375 0.27294389531249996 0.301006553125 0.23667801093750002 0.29265141093749997 0.209534728125 0.2874112484375 0.202420125 0.28187151093749996 0.21821661250000002 0.2741519671875 0.2549161953125 0.261950334375 0.340883003125 0.254068584375 0.35949261875 0.2427524171875 0.368209146875 0.212340946875 0.38401528281249997 0.1622432828125 0.41493467968750003 0.0923369578125 0.4684283859375 0.08436085625 0.4694760171875 0.076507228125 0.4630626125
27 0.09367252968749999 0.16329635625 0.0787994765625 0.169580834375 0.0694380296875 0.18509184218750002 0.058054003124999996 0.1932803875 0.0492288234375 0.20875675624999998 0.0455560765625 0.21804424218750001 0.04892263125 0.22740934687499997 0.045270765625 0.2368592890625 0.0468785453125 0.24936840624999998 0.050503295312499995 0.2523284390625 0.069482746875 0.25695837187500004 0.0996558890625 0.2603328140625 0.1124997421875 0.24246737343749997 0.116857715625 0.2427182078125 0.12276324375 0.2465956328125 0.12584510937499999 0.24533180937500002 0.1486561703125 0.1703916734375 0.09367252968749999 0.16329635625
27 0.65893818125 0 0.6615398953125 0.016944071875 0.6647028640625 0.02472523125 0.66297159375 0.032290196874999996 0.667531515625 0.076182003125 0.6720318328125 0.08174730625 0.6729206453125001 0.09286957343749999 0.6817177 0.1024162296875 0.6867873921875 0.129239390625 0.6859383140624999 0.1436681265625 0.6793459171875 0.17230940156250002 0.6857926953125 0.222467709375 0.6902251515625 0.227505025 0.6994839859375 0.23223055937499998 0.7627962796875 0.2494351546875 0.7701682562500001 0.247894184375 0.7804118921875001 0.23924694062500002 0.7838529265624999 0.2533985296875 0.7874776781249999 0.2563585640625 0.8390533953125001 0.27059479375 0.85887321875 0.273349184375 0.8237400296875 0 0.79614853125 0 0.7787301875 0.02002076875 0.7680049015625 0.0207136328125 0.7587460671875 0.015988103125 0.7559272375 0 0.747816178125 0 0.7422377296875 0.005342507812499999 0.737479209375 0.0061822796875 0.724788225 0 0.65893818125 0
27 0.75543505 0 0.75700155 0.015036067187499998 0.7595537734375 0.0180653875 0.8304367921875 0.052103279687500004 0.8237400296875 0 0.75543505 0
27 0.5209832421875 0 0.385870871875 0.011843715624999999 0.383608240625 0.01220208125 0.3270881078125 0.023111421875 0.20223951406250001 0.053003792187499996 0.1989606890625 0.0569421703125 0.20456665 0.0837306875 0.21108954687499998 0.096618453125 0.2155418703125 0.11443127187499999 0.22212600781249997 0.12358851875000001 0.22668756562499998 0.12542330156249998 0.33656711875 0.1263104484375 0.396628709375 0.1224304015625 0.403471046875 0.1251825765625 0.5482011499999999 0.1195594078125 0.559055534375 0.11566400624999999 0.5979727515625 0.094517096875 0.6311267843749999 0.074807228125 0.65985498125 0.0543185421875 0.6632976546875 0.026413106250000002 0.65836368125 0.0006459109375 0.658411246875 0 0.5209832421875 0
27 0.679129090625 0.16220845625 0.6842070453125 0.1512330921875 0.6865291953125 0.1356444625 0.6838693765625 0.1065361578125 0.6806385484375 0.09822701406249999 0.67057200625 0.091424203125 0.6334754234375 0.076252603125 0.6286490453125 0.0765643921875 0.6132397265625 0.0828835125 0.5589876734375 0.115136025 0.544983565625 0.1197672671875 0.3018390421875 0.1253597234375 0.30003328749999997 0.12813820781250002 0.30015412812500003 0.1627341953125 0.3024547703125 0.176427090625 0.31289373125000003 0.20716231875000002 0.33035874062500004 0.22945816562500002 0.33680053593750003 0.23330094531249998 0.3422310375 0.233482496875 0.38136508281250003 0.22243653437500002 0.42050574999999996 0.21564907500000002 0.42224364062499997 0.212342609375 0.42129359062500005 0.20495085781250003 0.4170448484375 0.188721984375 0.4186470171875 0.1843595546875 0.42172888124999997 0.18309572968750001 0.426962425 0.185951834375 0.43463895468749997 0.2078152953125 0.43940409531249996 0.211234025 0.44476673906249997 0.21088759218750003 0.543820034375 0.1906471171875 0.5767969703125 0.18638730625 0.5828183546875 0.17854519062500002 0.5924777359375 0.182180115625 0.6005895578125 0.18218844843749998 0.6757145421875 0.16509086875 0.679129090625 0.16220845625
27 0.785018165625 0.31294825312499996 0.7833348921875001 0.30826570000000003 0.7732501203125001 0.24663035937500002 0.7576984578125 0.247635015625 0.7010249187500001 0.23159864687499998 0.6870688046875 0.22398237031249998 0.6838992140625 0.211942709375 0.6794055171875 0.210635909375 0.643414575 0.21668752656249998 0.6280731140625 0.22353462968749999 0.6278149187500001 0.2299397015625 0.7281725203125 0.35867746562499997 0.7691437921875 0.40820255000000005 0.7790746140625 0.413949396875 0.78812324375 0.41283248125 0.8587959062499999 0.37792208125000004 0.86320849375 0.37018389687500003 0.86879543125 0.35054765312499997 0.8631091640624999 0.3063063875 0.809224540625 0.3161757890625 0.7958179359375 0.31704187031250003 0.7879709328125 0.314886965625 0.785018165625 0.31294825312499996