10 0.41104813125 0.51959078125 0.411583525 0.52262715 0.4134650515625 0.5250408734375 0.41884258750000003 0.5286545703125001 0.42931124374999996 0.5320461296875 0.43759516249999997 0.530466409375 0.4452345765625 0.529952615625 0.45494321875 0.5263361875 0.4592513703125 0.52379104375 0.4591020890625 0.5222699343749999 0.4616869390625 0.518719290625 0.46641561718749996 0.5097912390625 0.4663066640625 0.48826543750000007 0.470765328125 0.48352566875 0.47219279218750004 0.47887131875 0.47311018281250006 0.472432790625 0.4711862390625 0.4681737109375 0.4679852984375 0.46443330937500005 0.46527512499999996 0.46236743437500005 0.46101470312500004 0.46037923437500006 0.4563026 0.45915553750000004 0.44986180156250005 0.4575517953125 0.443671978125 0.45737135625 0.4340192 0.45750801562500004 0.4285989375 0.45836591093749995 0.4204852859375 0.46057926406250005 0.41384381406250004 0.4628265359375 0.40886411406249995 0.46507430625 0.4016315921875 0.47006739062499997 0.396155640625 0.47504425 0.39201808125 0.48262237656250007 0.3920181453125 0.48594880781249994 0.39244760156249997 0.48949304062500004 0.393908690625 0.4933445515625 0.3965129328125 0.4959182859375 0.401180453125 0.49910658124999996 0.4069521015625 0.5019045109375 0.41104813125 0.51959078125
7 0.45050015156249995 0.5636279531249999 0.470920778125 0.5611252421875 0.49741691406250005 0.5619432375 0.5175558875 0.5578431953125 0.538073 0.5372065390625 0.5420521953125 0.525524940625 0.5392048093749999 0.506263084375 0.5279656687500001 0.473657978125 0.52092045625 0.46172428749999994 0.5117763296875 0.45345468125000005 0.5102111609375 0.4476916859375 0.505982471875 0.45173130625 0.5009114265625 0.4323125421875 0.48628595781249995 0.4272054359375 0.459792421875 0.40772105156249994 0.42712689062500003 0.40304990468749996 0.414786803125 0.404676796875 0.4065815171875 0.40173162656250005 0.402602321875 0.41341322500000005 0.38825720625 0.41923664531249993 0.3820234890625 0.427472790625 0.3745692765625 0.42878716875 0.37159454531249997 0.4243707125 0.36404645 0.425152646875 0.327651215625 0.439805078125 0.3254584171875 0.44293671718749994 0.3284640109375 0.45064172031250005 0.33892381562499996 0.45703234375 0.3362294359375 0.46354641250000006 0.332063771875 0.4648299296875 0.32661458906249996 0.46194778281250004 0.32226115625 0.4621664109375 0.29986636093749997 0.47215419531249997 0.30143023125 0.4872503859375 0.29676298437500004 0.4919163328125 0.2995177875 0.50131255 0.3081616296875 0.5036313921875 0.3437401703125 0.506141903125 0.366792153125 0.49988122500000004 0.39529332031250003 0.4965026953125 0.3919752109375 0.48391181562499996 0.39263370000000003 0.47830572812499994 0.3980841828125 0.47185467968749994 0.414966771875 0.4617408515625 0.43999162187499996 0.45732829375 0.45217480312499997 0.4579250609375 0.4632300734375 0.4614656984375 0.47181089531250003 0.46654064375 0.474284046875 0.4743395296875 0.47240376250000005 0.4823570453125 0.46642083593750006 0.488901975 0.469300384375 0.50211918125 0.468266359375 0.505595496875 0.45670690625 0.5241036796875 0.4431758859375 0.5314305453125 0.42093670000000005 0.5485278640625 0.41592477656250004 0.5543525828125 0.415360171875 0.560491115625 0.44273342656250003 0.5600564546875 0.45050015156249995 0.5636279531249999
0 0.4697597421875 0.3521617453125 0.470009234375 0.3598037234375 0.47642941875 0.36196565937499997 0.4844790953125 0.3578012953125 0.49061892812499996 0.34903270468750003 0.5198159437500001 0.2966706609375 0.5404591 0.2705217984375 0.543685921875 0.2639138453125 0.5439688765625 0.25617798281250004 0.5359217984375 0.2416759578125 0.5219869796875 0.2249181140625 0.5093356765625 0.212325934375 0.4969968890625 0.20461963437500003 0.463267771875 0.1908030609375 0.419420925 0.18810348125 0.41259304218750004 0.1898564203125 0.3931421171875 0.2009721125 0.3795159125 0.2170997296875 0.35899490312500004 0.2657359703125 0.3428942484375 0.28339789375 0.341013965625 0.2914154109375 0.34690170625 0.29367122968750003 0.35889711874999997 0.293203109375 0.362153503125 0.299216896875 0.3643128390625 0.3114631 0.3647488 0.3295031609375 0.37057351875 0.3345150828125 0.3798436890625 0.3372724859375 0.4011388359375 0.3521835078125 0.4093441203125 0.355128678125 0.414762440625 0.3547222796875 0.423439746875 0.3416632796875 0.426541821875 0.33123433593749996 0.4362518546875 0.324032215625 0.4697597421875 0.3521617453125
17 0.6257501296875 0.4366520125 0.6321703140625 0.43881394843750005 0.7243756484375 0.43243762343750003 0.7286351984375 0.43168654999999995 0.7286982203125 0.42893044687500004 0.7225288265625001 0.4250772984375 0.6347708109375 0.4317674359375 0.6294155124999999 0.42941773124999993 0.6296663031249999 0.427726515625 0.636055628125 0.42659990625 0.672480425 0.42456921562499994 0.6727003546875 0.41958945468750003 0.6685977125 0.41811686875 0.6257835921875 0.42127417031250003 0.621930440625 0.42744356406249995 0.6257501296875 0.4366520125
7 0.309267778125 0.432066615625 0.330784153125 0.43266468125 0.3352623328125 0.43626704062500005 0.365549896875 0.42433855156250005 0.36664694531249997 0.418106134375 0.38124415312500004 0.40125830625000003 0.3831244359375 0.3932407890625 0.38716535625000004 0.3881362828125 0.3858201171875 0.3773935265625 0.382500709375 0.37413584218749996 0.3880142140625 0.3649286921875 0.3873261625 0.357913040625 0.39384153125 0.3512742265625 0.39309045781249996 0.347014678125 0.38216123281250003 0.33796183750000003 0.3757410484375 0.3357999 0.364998290625 0.3371451390625 0.3608956484375 0.3356725546875 0.36418549375 0.3263084984375 0.3648761453125 0.3146577625 0.359868121875 0.292482896875 0.338539515625 0.2929497171875 0.3216273640625 0.2904418078125 0.3082223890625 0.29225646875 0.274803184375 0.3019921609375 0.25294213593750003 0.3025528671875 0.23975449062499998 0.3180541546875 0.23621385312499998 0.3291094265625 0.2575385609375 0.3566421875 0.2732558796875 0.3928496546875 0.27814175625000004 0.3925371421875 0.2994729625 0.37340393125000004 0.30674070468750003 0.361691471875 0.3096241515625 0.34690909531249997 0.3129126984375 0.3468782328125 0.31623210625 0.3501359171875 0.318796540625 0.3771336359375 0.3005674109375 0.385837903125 0.2966203765625 0.39147485312499997 0.283497053125 0.39488684531249996 0.2829002875 0.40707002656249996 0.28935133281250003 0.4125205078125 0.2963026625 0.42392175468750004 0.309267778125 0.432066615625
7 0.1766789125 0.53010933125 0.1743600703125 0.538753175 0.185509225 0.5428262546875 0.188610003125 0.5417305078125 0.1890177015625 0.5378156328125 0.20684303124999998 0.50502665625 0.21417249843750003 0.4998912890625 0.21423551875000002 0.4971351859375 0.2206570046875 0.489963928125 0.2342510484375 0.47988095937499997 0.23807203906250002 0.47975621406249996 0.2424563328125 0.48282612968749994 0.2475917 0.49015559687500004 0.262185009375 0.5013073515625 0.2672264921875 0.508104371875 0.27345891093749997 0.5092014203125 0.297795709375 0.4977732125 0.2977339875 0.49119612031250004 0.30302756249999996 0.486968734375 0.3003988046875 0.4720603109375 0.3265207046875 0.46141533749999997 0.3122425109375 0.436483071875 0.29755531875 0.4247988734375 0.28872500625 0.41208194843749996 0.26470591875 0.39106325625 0.2523966921875 0.39597869375 0.2458183015625 0.40537361250000004 0.2109560734375 0.4318336875 0.18354675625 0.46631257968749995 0.1492156734375 0.5020119640625 0.1536603921875 0.520992165625 0.1746121609375 0.527728765625 0.1766789125 0.53010933125
23 0.632352884375 0.4772116140625 0.636735878125 0.4896147234375 0.6425914578125 0.4979151921875 0.6725034859375 0.483856928125 0.70971411875 0.46137474999999994 0.7256887265625 0.44922502968750005 0.730074321875 0.44296175 0.7282596609375 0.429556775 0.7197110015625 0.41843718281250003 0.702365490625 0.379222821875 0.6821647937499999 0.37674577187499997 0.6709834781249999 0.378717340625 0.613101428125 0.4053934453125 0.6086219484375001 0.4111242796875 0.6063031062500001 0.4197681234375 0.6072419484375 0.425092559375 0.614693559375 0.44244457031250006 0.6174805234375 0.4457961390625 0.6354254 0.45416093125 0.632352884375 0.4772116140625
0 0.210440528125 0.31059604531249996 0.210816065625 0.31272582031249996 0.23370854218749998 0.3273551890625 0.23724787812499998 0.3256331109375 0.24580043749999997 0.30875312187500004 0.2535684625 0.3029914265625 0.2604902296875 0.3017709328125 0.26966651875 0.303995890625 0.28632917812500003 0.298861821875 0.291247215625 0.292504659375 0.2903083734375 0.2871802234375 0.3011476140625 0.2677010375 0.30058430937499997 0.2645063765625 0.266856490625 0.241356609375 0.25376663125 0.22939075937500003 0.2401699875 0.25814011406250004 0.23769423750000002 0.26900761875 0.2312727515625 0.2761788765625 0.22105983906249999 0.2960966203125 0.210440528125 0.31059604531249996
0 0.3969841984375 0.724038696875 0.4151785671875 0.7400454671875 0.44351762499999997 0.7762233734375 0.4624669671875 0.768490109375 0.4974539390625 0.7458510234375 0.5356034125 0.72869328125 0.5625407078125 0.7102185609375 0.5655797625 0.7025457203125 0.5705286640625 0.699477103125 0.560259228125 0.675484978125 0.5340190812500001 0.6356429890624999 0.48751521562500005 0.596080053125 0.46437064843750003 0.5924750953125 0.45143639375 0.5876187796875 0.4466765625 0.5824190875 0.43944228125 0.5787537046875 0.4273838453125 0.5819779296875 0.420086540625 0.58106865 0.407527825 0.5783421078125001 0.401609221875 0.5727977421875 0.38049924375 0.5776179953125 0.3785263765625 0.5757698734375001 0.37502179999999996 0.5527809140625 0.35720426875 0.5295707234375 0.3536340703125 0.5280042546875 0.3333073265625 0.531039409375 0.3173648796875 0.53714448125 0.30333227812499997 0.5478537765625 0.2975049578125 0.56150824375 0.29599891093749997 0.580988728125 0.298878459375 0.5942059343749999 0.30075744375 0.5955216140624999 0.3182341984375 0.5918909921875 0.32603178593750004 0.5987510359375 0.3243392703125 0.607833440625 0.3129071625 0.611496221875 0.30921091875 0.61544195625 0.31387686718749996 0.6201092046875 0.333419075 0.6281923421875 0.338617465625 0.6327657062500001 0.34450390625 0.6443547203125 0.3507671859375 0.648740315625 0.35984958906250003 0.6504328296875 0.3655804234375 0.654912309375 0.37134211875 0.6626803328124999 0.387121159375 0.7054648921875 0.3969841984375 0.724038696875
0 0.25738131875 0.5861510578125 0.2747628890625 0.5913211875 0.2804937234375 0.595800665625 0.29693775312500004 0.5863131640625 0.3001684765625 0.551705628125 0.27614938906250003 0.5306869359374999 0.276307596875 0.5191300828125 0.26901159375 0.5088876078125 0.2602121421875 0.4994592296875 0.2483119125 0.49112659843750006 0.24110979375000002 0.48141656875 0.23700715 0.4799439828125 0.2189966515625 0.49300168437499997 0.1912104984375 0.5346839953125 0.1903951015625 0.5425137421875 0.193182065625 0.5458653109375 0.2042373375 0.549405946875 0.2236534984375 0.563001290625 0.2436651296875 0.5737466484375 0.25738131875 0.5861510578125
0 0.32832503125 0.5058117296875 0.3264562984375 0.5058014875 0.3242475734375 0.50642011875 0.3245877234375 0.5144549625 0.32973892656250003 0.5186430015625 0.3337088625 0.5228694671875 0.3431784 0.5217093625 0.35123435000000003 0.5250454609374999 0.3560273 0.5291267921875 0.3620596828125 0.5363871296875 0.3662620234375 0.541931621875 0.3727494515625 0.547922584375 0.3757124125 0.5531759703125 0.3765839375 0.5581186328125 0.3774070640625 0.56374934375 0.37833669062499997 0.5690215171874999 0.3792953671875 0.57445844375 0.3797214875 0.5788001296874999 0.379663434375 0.5813585328124999 0.40319193125 0.5733026375 0.41971027968749997 0.5678418375 0.41456878125 0.5646713531249999 0.41539168593750003 0.5587504078125 0.4166987625 0.5546127484375 0.4189256859375 0.5518417921875 0.42138503906249997 0.5503888765625 0.4206394109375 0.5471227921875 0.41936125 0.5427614640625 0.41892548749999997 0.540290134375 0.4187027203125 0.5371017328125001 0.4184218546875 0.533583825 0.41807324531249995 0.531606759375 0.41667890781250005 0.529474334375 0.4143260125 0.527680796875 0.4135126390625 0.5259555625 0.4129413421875 0.5236780078125001 0.41181809999999996 0.521158021875 0.41114028906250005 0.519239003125 0.40997830625000004 0.5155367046875 0.4089325515625 0.51249341875 0.4075091609375 0.5101962328125 0.40652148437499996 0.5074824703124999 0.40575651874999996 0.5050691859375 0.40538856250000005 0.503944921875 0.40512710468749996 0.5024621203125 0.40307436250000006 0.5004457875 0.4017768796875 0.49982517968750007 0.3987752765625 0.4991652984375 0.3971485921875 0.4986027375 0.3949700015625 0.497797725 0.3921910875 0.49743833281249994 0.388753771875 0.4971950328125 0.38339932499999996 0.4976295484375 0.3792551984375 0.49819038750000005 0.3751401203125 0.49891598593750003 0.37174155937500003 0.49985500156249996 0.36930156406250003 0.5004551203125 0.3657093375 0.5012583890625 0.3631628453125 0.5022170499999999 0.36009348281250003 0.5030980078125 0.3580117546875 0.503804840625 0.35625922499999996 0.504453615625 0.3545357328125 0.5052671453124999 0.3491619390625 0.506554446875 0.3470511421875 0.5070965000000001 0.34512430781250003 0.5067567515625 0.3406896703125 0.50567003125 0.3369231515625 0.5054847812500001 0.3313459921875 0.505618803125 0.32832503125 0.5058117296875