15 0.5440206171875 0.441630615625 0.552909703125 0.4437791375 0.63849034375 0.4487176375 0.681853509375 0.451682559375 0.6825316953125 0.44718009687500004 0.6819219875 0.406010225 0.539660571875 0.4015624875 0.535238 0.401620553125 0.5345329375000001 0.416914959375 0.534373553125 0.43266356562499997 0.5363972875 0.43923430156250004 0.5440206171875 0.441630615625
15 0.6473755671875 0.6845909203125 0.6543666890625001 0.69384586875 0.668424446875 0.700935825 0.68067528125 0.7030093265625 0.6968238390625 0.703528909375 0.694658459375 0.6875525484375 0.695408275 0.6732452 0.6926225984375 0.6572400953125 0.6959842968750001 0.64037975625 0.7024501843750001 0.6138226062500001 0.7080305046875 0.5832986328125 0.7057933015625 0.5696907234374999 0.7075234359375 0.5543566671875 0.7114187953125 0.5380196500000001 0.69434258125 0.5321530531249999 0.6668857328125 0.535414284375 0.6599276328125 0.5475423640625 0.6564071421875 0.5735417984375 0.6520176281250001 0.6319468203125 0.6473755671875 0.6845909203125
15 0.577199203125 0.6563919515625 0.5757682375 0.66855074375 0.585195359375 0.6727788296874999 0.6153009515625001 0.660533378125 0.64940481875 0.6485964281250001 0.6543060406250001 0.611414775 0.6553956296875 0.59107864375 0.6482397765625 0.5877896359375 0.6378475078125 0.58818145 0.623231040625 0.5880194578125 0.6143006703125 0.5888069625 0.5980401750000001 0.5973213046875 0.5613554421875 0.6129811875 0.5559213546875 0.616350353125 0.5548601515625 0.625503465625 0.5572307265625 0.6298838703125 0.5692543640625 0.633896940625 0.5764746296875 0.6438266578125 0.577199203125 0.6563919515625
15 0.56707214375 0.68277244375 0.5721315453125 0.6760274828124999 0.5751603984375 0.668426578125 0.5772863765625 0.66126356875 0.5768764484375 0.6489376453125 0.5737088078125 0.6406538203125 0.5669526703125001 0.634586559375 0.5568839171875 0.629448565625 0.5395544937500001 0.619901365625 0.5347331703125 0.6316899484375 0.5257174 0.6413955109375 0.5164590328124999 0.6471963406250001 0.50701083125 0.650911825 0.4937155578125 0.64930549375 0.4690607796875 0.6482336875 0.46895665937500003 0.6502204234375 0.4727306859375 0.65689720625 0.47745313593749994 0.6613434125000001 0.49041552812500006 0.6692368281250001 0.5042426328125 0.678658303125 0.5234317890625 0.6910808453125 0.5331911687499999 0.6965553203125 0.5409461203125 0.6981172328125 0.5528872203125 0.6958252421875 0.560346575 0.6901630359375 0.56707214375 0.68277244375
15 0.44048260624999996 0.6145320015625 0.4367528296875 0.6333357859375 0.433576946875 0.6442254578125 0.4667605953125 0.6467272546875 0.5070041515625 0.6512245796875 0.5164508375 0.64645035625 0.5243268609375 0.6423442625 0.5335528921875 0.6340701796875 0.5386200640625 0.620660040625 0.5398532765625 0.6084519375 0.5367754328125 0.5978133671875 0.532683628125 0.590877096875 0.52880166875 0.5875023625 0.5225474734375 0.5846053515625 0.518501671875 0.5795825640625 0.5093608015625 0.5779401046875 0.5018850765625 0.5774213265625 0.4940171109375 0.5773280109375001 0.48983884062499994 0.5775772156250001 0.47846301718750006 0.5845276968750001 0.46583411249999995 0.593427446875 0.45853736093749997 0.5941888703125 0.451216575 0.5920756328125 0.44479926562500005 0.591739315625 0.44365648437500005 0.5916794249999999 0.44048260624999996 0.6145320015625
15 0.5170165203125 0.5796538984375 0.5269374265625 0.586139734375 0.5313936874999999 0.5885206890625 0.6379405109375 0.5883372265625 0.6401563 0.587982790625 0.6402082640625 0.585582440625 0.643805159375 0.5838119093749999 0.6453448484375001 0.578709928125 0.6482446546875 0.56762586875 0.64794794375 0.5546382640624999 0.6467938703125 0.54178439375 0.6435173859375001 0.531460771875 0.6387899234375001 0.5283087609375 0.6349589250000001 0.5267295421875 0.6283558515625 0.5265623296874999 0.6183884171875 0.526406340625 0.6165043 0.5263075984375 0.6134761890625 0.538436175 0.610002184375 0.5417021140625 0.603472425 0.5427910859375 0.60118179375 0.545735478125 0.5932927140625 0.545322028125 0.5816834515625 0.543069453125 0.5716232921875 0.539848196875 0.5592039140625 0.5371432265625 0.551135628125 0.534511565625 0.54877850625 0.5338492703125 0.54684593125 0.541100240625 0.5445938703125 0.544383440625 0.5396567296875 0.5482454359375 0.53070888125 0.553070109375 0.52000944375 0.5583666515625 0.5123415328125 0.5636603984375 0.5029831437500001 0.5688795109375 0.4964902484375 0.5725670968750001 0.49423116875 0.57588439375 0.5052347140625 0.5767142203125 0.5170165203125 0.5796538984375
15 0.3973312578125 0.664687234375 0.4020041 0.66503999375 0.40497684375 0.6613114390625 0.4059763515625 0.65720470625 0.407175484375 0.6544873234375 0.40762529062499997 0.653057275 0.42063571718750004 0.6537180578124999 0.42622498125 0.65292665625 0.4307230203125 0.65150790625 0.4308530734375 0.6492864546875 0.43100798593749995 0.6449455984375 0.43455264531250004 0.6404505109375 0.43662497499999997 0.6364331140624999 0.438056171875 0.6243529203125 0.43942818125 0.6125605953125 0.44172505937500006 0.5965644859375 0.4421612796875 0.58824089375 0.44156143437499995 0.5861303343750001 0.43748221562499995 0.58449139375 0.43289869375 0.57981255625 0.43002673125 0.5747892546875 0.426099165625 0.569444125 0.4218924796875 0.5574873640625 0.42095505937500005 0.551270521875 0.42101453906249997 0.544661725 0.4213388 0.5384744515625 0.4232136125 0.5317010093750001 0.42858804062500006 0.5249435 0.4382421484375 0.519281621875 0.445016196875 0.5155521000000001 0.44685507968750005 0.5145271078125 0.4528705015625 0.5113760171874999 0.455450071875 0.498304475 0.4551074234375 0.49649869999999996 0.4506879671875 0.49454599843749997 0.44856106562500003 0.4936095265625 0.4490581359375 0.491136284375 0.4470740125 0.49046382499999996 0.44200055781250003 0.4892584140625 0.43357309062500005 0.4875017796875 0.42009296406249996 0.48570643750000003 0.40783837968750003 0.4841957234375 0.3981276484375 0.48292016562500006 0.397189690625 0.4858591296875 0.39304690625 0.4881474296875 0.3891971203125 0.501951296875 0.3852856890625 0.5314870765624999 0.37903641875 0.5771538546875 0.371291871875 0.6256935796875001 0.3713760453125 0.6311919796875001 0.3750819265625 0.6374911265625001 0.37394186875 0.6470425671875 0.38194374531249997 0.649057390625 0.38942212187499997 0.6508056984375 0.39706711875 0.6522458125 0.3952605890625 0.6557522296875 0.39423104531250003 0.6597610203125 0.395011721875 0.6619616296874999 0.3973312578125 0.664687234375
15 0.358542578125 0.6437412265625 0.3629465578125 0.6467223609375 0.36285271875 0.6485129390625 0.3657591171875 0.6496358484375 0.38353351406249997 0.6502753015625 0.37448696875 0.6468036500000001 0.3749591625 0.6372184703125 0.37155749843749997 0.6311707296875 0.371681553125 0.6270326515625 0.376420184375 0.5977907921875001 0.38170291562499997 0.5658256265625 0.384059125 0.5445949 0.3873087875 0.522031784375 0.3882998953125 0.5081553015625 0.3911169296875 0.4902342046875 0.3897270796875 0.489746540625 0.3705550453125 0.48923049374999994 0.36211825000000003 0.4928709515625 0.35861173125 0.49751282343750003 0.349729990625 0.5038273765625 0.3492300875 0.5196456859375 0.3542769578125 0.5757355453125 0.3561868328125 0.62249544375 0.358542578125 0.6437412265625
15 0.544284609375 0.49716937968749997 0.5435421859375 0.4936104546875 0.5390732781249999 0.48863433437500003 0.5350641125 0.485816521875 0.531067821875 0.48399188750000005 0.5277253984375 0.48278173124999996 0.5227256203125 0.48444298906250005 0.51783550625 0.48410970468750003 0.51133165625 0.483521528125 0.5053436296875 0.48433096875 0.49114182656249994 0.49239139062500004 0.4653886546875 0.5061600953125 0.43561240625000003 0.5205119921875 0.4254642875 0.5268481015625001 0.42191365625 0.531638084375 0.42098946875000004 0.541536553125 0.4223792484375 0.55197740625 0.42320030781250007 0.55829153125 0.42627211249999997 0.5681152859374999 0.43211573437500006 0.5765289250000001 0.43751687187500005 0.5837355609375 0.4463243421875 0.588538796875 0.45651907812500003 0.594215871875 0.4637427203125 0.5931141546875 0.4726225125 0.5888162703125001 0.49489349687499995 0.5751566968749999 0.5229022343749999 0.55718144375 0.5415893359374999 0.5474080031249999 0.547811128125 0.541311440625 0.5488456562499999 0.5351538687499999 0.5455270109375 0.5302269546875 0.542552659375 0.5251767015625 0.5389472828125 0.5194894609375 0.540488428125 0.509804209375 0.544284609375 0.49716937968749997
15 0.5457122203125 0.4952440546875 0.54221195 0.5099612390625 0.5398904703125 0.5209124375 0.545260275 0.528978121875 0.5484761781249999 0.5334224359374999 0.558297140625 0.5361497984375 0.5808071859374999 0.5422013859375 0.5991579703125 0.5463369203124999 0.603167640625 0.5453926296875 0.6052447562500001 0.5426526796875 0.6128476546875 0.5398298265625 0.617612678125 0.5213466375 0.6273073546875 0.4824105296875 0.6357962609375 0.4477954859375 0.6382509453125 0.4336962 0.6362680875 0.42640237187499996 0.6361002109375 0.4251355515625 0.60806695625 0.440829284375 0.5986633046875001 0.44566979218749997 0.5880676109375 0.44712605468750005 0.5818117734375 0.44768982656249995 0.577090275 0.450751759375 0.5732707140625 0.44977152968749995 0.5681706453125 0.44395611874999996 0.5643989656249999 0.4382971015625 0.5612670265624999 0.4350419625 0.55506833125 0.45804402812499995 0.5508906109375 0.4744672421875 0.5457122203125 0.4952440546875
15 0.41253942187500003 0.483889103125 0.4462048078125 0.48786565312499997 0.45915475156249996 0.4856003484375 0.46337236875 0.48269026562499995 0.470535984375 0.474715515625 0.47648475156250003 0.462258746875 0.47864000156250003 0.4483010015625 0.47702501249999996 0.43422768906250003 0.4705969625 0.4207931125 0.4614135609375 0.4130270875 0.4490807515625 0.410716134375 0.43478042656250004 0.40962305312499997 0.4048262 0.4092034875 0.37369998125000004 0.4089184390625 0.3676663484375 0.4094627703125 0.3647046359375 0.4181387609375 0.3607799640625 0.4271486765625 0.3594492546875 0.43257621874999996 0.3625199875 0.443659375 0.364741309375 0.4570895234375 0.3602005703125 0.46555437812499995 0.3657561171875 0.4770353703125 0.3721235078125 0.4799902796875 0.3855398109375 0.4813654921875 0.41253942187500003 0.483889103125
15 0.54575478125 0.40865523125000003 0.550526765625 0.419074865625 0.5554564828124999 0.4269331078125 0.5610779546875 0.43504140312499995 0.5651069078125001 0.438454721875 0.568043053125 0.4434223890625 0.57288160625 0.44840100625 0.5771331484375 0.45113477812499997 0.5824813421874999 0.44709477968750005 0.5906967296875 0.4471009875 0.5998210546875 0.44508675000000003 0.6270004015625 0.42858222343749997 0.6552150703125 0.4109708375 0.691030059375 0.3895503953125 0.6959284984375 0.38569023125 0.6960956828125 0.38001575781249997 0.6969981921875 0.370618253125 0.697463384375 0.3617418515625 0.6970775078125 0.35561712968750003 0.69056635 0.34051814375 0.6811655765625 0.3285817140625 0.6727854296875 0.319880028125 0.6664212593750001 0.3180887234375 0.6558035609374999 0.3126683546875 0.6430711984374999 0.3195059234375 0.6075340140625001 0.3419710296875 0.5767777421875 0.36192805781250004 0.5571896015625 0.3751247984375 0.552985353125 0.37935921875 0.550232575 0.3882205140625 0.5481802671875 0.394232975 0.5433920484375 0.39411352499999996 0.541903984375 0.3967423671875 0.542328359375 0.40127644218749997 0.54575478125 0.40865523125000003
15 0.3486054640625 0.2865717671875 0.3479962734375 0.2925832296875 0.34841626875 0.2992739328125 0.354396096875 0.309320696875 0.363338246875 0.318213934375 0.3879433734375 0.3420140796875 0.41136793593750004 0.3651569421875 0.43376114218749995 0.38772571718750004 0.45542750468750004 0.41066318125 0.46577097656250005 0.42009819375 0.47219351718749997 0.41947150468750005 0.48143641875 0.417739634375 0.49123786718750007 0.40970682187499996 0.5025486078125 0.398325653125 0.5109334359375 0.386666553125 0.516434015625 0.3761954703125 0.5152639578125 0.36820648437500003 0.5072395078125 0.3600951 0.48671251406250005 0.3419777859375 0.4588369015625 0.3164523140625 0.41210665312500006 0.27042096875 0.399011046875 0.25779383437500003 0.39278179999999996 0.25746737343750004 0.385973825 0.26138389375000004 0.377395096875 0.2646439 0.366899825 0.2700823015625 0.3572938125 0.278450671875 0.3517775515625 0.28098468906249996 0.3486054640625 0.2865717671875
15 0.3907771828125 0.2149773125 0.391676828125 0.2360679828125 0.3921917015625 0.24974065156249997 0.41341340468750004 0.270994671875 0.4394876046875 0.29605695781249997 0.48082002656249995 0.3345950953125 0.49575115625 0.3499311875 0.500451696875 0.3497639796875 0.509557909375 0.34893233281249997 0.5222192999999999 0.33827909375 0.515110678125 0.3311275640625 0.5195164765625 0.3223858640625 0.5356252171875 0.3099516109375 0.5419419671875 0.3042339515625 0.5411033484375001 0.29296416718749996 0.5312328109375 0.28338522187500004 0.498695971875 0.2505729421875 0.46107530625 0.216066778125 0.44170916718750003 0.2169998703125 0.41814189687500003 0.21756761406249997 0.3907771828125 0.2149773125
15 0.5156770093749999 0.3300281375 0.520697540625 0.3372793390625 0.5295026328125 0.35228126406250004 0.5397341124999999 0.36588608906250003 0.551388625 0.38118234375000004 0.5932054140624999 0.35131398125 0.671281215625 0.3005931046875 0.692273071875 0.28633601875000003 0.6979116000000001 0.2813078015625 0.704873459375 0.2770340546875 0.70450716875 0.2710994640625 0.7024617953125001 0.269855240625 0.694759434375 0.263552028125 0.6873008015625001 0.24716493437499998 0.68461185625 0.233710103125 0.680944546875 0.2276733171875 0.668831928125 0.217376175 0.656028053125 0.22155869843749998 0.64420284375 0.23016058906249998 0.605693375 0.25703488124999996 0.552828090625 0.29577520156250003 0.52561129375 0.3173720859375 0.51850475 0.32486954843750004 0.5156770093749999 0.3300281375
15 0.517870325 0.21560804375 0.49345490625000005 0.21534586249999998 0.46579627500000004 0.21705857343749999 0.4787950046875 0.2340975234375 0.4891467875 0.2373740921875 0.516157440625 0.23835940312499998 0.54245456875 0.2387531234375 0.54277233125 0.2326898453125 0.5392112734375 0.2256333984375 0.5375867453125001 0.21499564062499998 0.517870325 0.21560804375
15 0.5471034328125 0.21344105156249998 0.5373253640625 0.21418904843750003 0.5370324281250001 0.21690672656249999 0.541902553125 0.23835876250000002 0.5483572953125 0.24920754218750002 0.5557316953125 0.25518551718750004 0.5682735625 0.2564112046875 0.597693159375 0.2574104609375 0.6066303484375 0.25771695625 0.6486633 0.22557546875 0.6666362234375 0.217339403125 0.679637909375 0.22462642656249998 0.6800690265625 0.2134948546875 0.680041228125 0.2092473296875 0.662104346875 0.210879371875 0.641260384375 0.2115126359375 0.61296945 0.212311734375 0.5878813187499999 0.213210275 0.5699934812499999 0.2129706140625 0.5471034328125 0.21344105156249998
15 0.68935455 0.4599382625 0.6982969171875 0.4628496609375 0.7068815421875 0.4635586390625 0.7178297015624999 0.46381965 0.7297192484374999 0.46353469531249997 0.7313095859375001 0.4509856140625 0.7320038109375 0.43921994687500004 0.7357352453125 0.42545185312499995 0.7357990062499999 0.42114741093749997 0.7378741265625 0.414812371875 0.7455131484375 0.391492046875 0.75392989375 0.3665843265625 0.7597741078125 0.35109954062500004 0.760639115625 0.331216934375 0.7575660703125 0.305903703125 0.7571886046875 0.2874313 0.7512414374999999 0.286991096875 0.7460349125 0.283366884375 0.73742519375 0.2830753390625 0.7199247765625 0.2834748359375 0.7000284015625 0.28350106406250003 0.6927954078125 0.2861512625 0.6876811593750001 0.29183335781249997 0.687237371875 0.3048274546875 0.685290340625 0.32616837187500003 0.686564009375 0.33516364374999996 0.6928206546875 0.3451798546875 0.698567215625 0.3574704234375 0.69609703125 0.3766727359375 0.6956148828125001 0.3858726796875 0.68212430625 0.395540678125 0.682286346875 0.40654058437499996 0.68166739375 0.42359776250000003 0.682258796875 0.4439842234375 0.6832471921875001 0.45295619687500005 0.6844463890625 0.457063809375 0.68935455 0.4599382625
17 0.708091934375 0.46432516875 0.7000237578124999 0.5041651859375 0.6957672703125 0.5257237921875 0.6897287359375001 0.5516943265625 0.6936381359375 0.5533910015625 0.697103384375 0.553463421875 0.702725328125 0.526241784375 0.7104485359375 0.4900066578125 0.71711885625 0.4644097453125 0.708091934375 0.46432516875
15 0.4780598875 0.4605383265625 0.473226425 0.4728125625 0.46919984843749996 0.4778643140625 0.47308719374999997 0.48537491718750003 0.48493415312500004 0.48716862968749997 0.501012565625 0.4854170578125 0.52505853125 0.47918766562500004 0.5385571687499999 0.468498196875 0.5366446093749999 0.45332596406250003 0.5299079250000001 0.42017532968750004 0.5241672921875 0.39862022812500003 0.519752115625 0.39790766093749996 0.5165889296875 0.38660951875 0.515828071875 0.3787295328125 0.5099379734375 0.3885830703125 0.5005315078125 0.40119505312500003 0.48900316874999994 0.4123914 0.48088176562499996 0.418755703125 0.4739367234375 0.4196643546875 0.468571246875 0.41938316249999996 0.475365271875 0.4307374515625 0.4797143234375 0.4462253609375 0.4780598875 0.4605383265625
15 0.3904965734375 0.389404559375 0.39411326562500004 0.40740300625000003 0.414168078125 0.409224271875 0.4557218515625 0.410798153125 0.443564296875 0.3978085421875 0.4157572796875 0.3699372890625 0.3869086109375 0.3410668296875 0.390600665625 0.355690821875 0.3914534609375 0.3753650140625 0.3904965734375 0.389404559375
15 0.64435951875 0.5307892890625 0.6473847593750001 0.5382415796875 0.6483353765625 0.5489465640625 0.7165606890625 0.517925271875 0.7274989671875 0.46509754843750006 0.720428221875 0.46378181406249996 0.70437063125 0.46313376406250006 0.6896192812499999 0.46081116250000004 0.6879279359375 0.45988447343749994 0.6833843078124999 0.45637163750000004 0.681363821875 0.4536794109375 0.6410944390625 0.4723889875 0.6426640031249999 0.47923733437499993 0.6442158375 0.48551080312500006 0.6450733015625 0.5026560718749999 0.6397720812500001 0.5186341624999999 0.6327137765625 0.5202403624999999 0.6267102421875 0.524764259375 0.636278428125 0.52651595625 0.64435951875 0.5307892890625