0 0.3971827484375 0.6259613468749999 0.4133070859375 0.6463296734374999 0.434570171875 0.6658950171875 0.45189239218750005 0.6948587374999999 0.4612124234375 0.6721112812500001 0.5222582015625 0.595239115625 0.5258918328125 0.5933406265625 0.54833491875 0.599680784375 0.5485174703125 0.592998790625 0.5421718984375 0.5742960921875 0.5364008078125 0.568278278125 0.4893282484375 0.56445605625 0.42659431249999996 0.493352746875 0.413738503125 0.48444991875000004 0.3993197125 0.480315684375 0.38321325625 0.4817679375 0.3773264234375 0.4874783171875 0.3483688796875 0.5622638734375001 0.35645998125 0.5695159875 0.3568429671875 0.5779725796874999 0.3759685921875 0.5896216234375 0.3971827484375 0.6259613468749999
0 0.3571329015625 0.57663849375 0.3554023953125 0.5671819265625 0.347373396875 0.562627625 0.360607246875 0.52783618125 0.3502664921875 0.533244928125 0.33246783125 0.5433584796875001 0.3196584375 0.54675341875 0.2904395078125 0.5485482875 0.3004185046875 0.5793268234375 0.3073892171875 0.6012277984375001 0.310547259375 0.611724203125 0.33185597968749997 0.6488142984375 0.3453654265625 0.6694389609375 0.36203954843749997 0.6667023296875 0.389688246875 0.6726068015625 0.43811406093749994 0.674457621875 0.4178833671875 0.65151721875 0.4022361859375 0.634511771875 0.38878593125 0.6134988156250001 0.3752416234375 0.5852997249999999 0.3571329015625 0.57663849375
13 0.6732822625 0.442041365625 0.686476003125 0.4417209234375 0.6929622609375 0.43989117499999997 0.7003526765625 0.439315890625 0.7042162546874999 0.44510945 0.7139088124999999 0.448594490625 0.7237648515624999 0.4510069203125 0.7338934328125 0.45163167031249996 0.7399147828125 0.450456378125 0.7460483765625 0.45333521718750003 0.7495239375 0.45209311249999995 0.748315125 0.445651271875 0.7454935875 0.4426029359375 0.74530120625 0.4414697125 0.746778159375 0.4365098359375 0.7328127546875 0.43237296093750005 0.72451164375 0.4221553546875 0.7057582265625 0.41822742812499997 0.6875786875000001 0.41292996562499995 0.6798868812500001 0.4130871 0.6694825437499999 0.409480821875 0.6530312421875 0.40961321406250006 0.6470644109375 0.41043097968750003 0.6366055687500001 0.40718224531249997 0.6295678031249999 0.4030489265625 0.61618165625 0.402236140625 0.6140206578125 0.404435796875 0.609474175 0.400726834375 0.6016700953125 0.39682981875 0.5917050234375 0.3951324578125 0.5836317015625 0.3977923359375 0.57185828125 0.3935860484375 0.5655066890625 0.392137346875 0.5563111640625 0.39497290937499996 0.5439382125 0.394699515625 0.5369549453125 0.390208678125 0.529122 0.384105815625 0.5222766109375 0.3811057375 0.5159538921875 0.3818628828125 0.5049467546875 0.3774203 0.48854998125 0.3771951546875 0.47366014375 0.37906079843749996 0.46449025 0.3793329859375 0.45671501562500005 0.37764180625 0.44672109843749996 0.37373860625 0.4397122015625 0.371811146875 0.432539796875 0.37095628125 0.4280799 0.37386482499999996 0.42129231093749997 0.375276428125 0.4301384265625 0.38191866406249997 0.45064568437499997 0.388713065625 0.46819682343749996 0.39573758125 0.490102034375 0.4053378375 0.531443628125 0.416781428125 0.5633106765625 0.4233098234375 0.59172778125 0.42851694218749997 0.6537625390625 0.4383497296875 0.6732822625 0.442041365625
13 0.610872125 0.5376846078125 0.61754093125 0.5446445890625 0.6243251187500001 0.5508476765625 0.6282110390625 0.55578055625 0.6323582515624999 0.5615344984374999 0.6339838999999999 0.56608238125 0.6403336937499999 0.572599759375 0.64781016875 0.5742614984375 0.65360673125 0.5768019265625 0.6604486078125 0.5826265578125 0.664792596875 0.5794837546875 0.665484878125 0.57494241875 0.6708130609375 0.5704141625 0.67399978125 0.5697921453125 0.678761265625 0.5655591 0.6676465578124999 0.55822665 0.66062818125 0.5484892203125 0.647293996875 0.539617375 0.637465571875 0.5305661328125 0.629174575 0.524106390625 0.6205068484375 0.5175824625 0.6165055484375 0.5134064781250001 0.620995475 0.5118416109374999 0.622064490625 0.5073644484375001 0.61739460625 0.4999683984375 0.61220550625 0.49597837031249997 0.6072777296874999 0.49280936875 0.5965839484375 0.48943481718750004 0.5800359171875 0.4838982578125 0.5640105234375 0.48000384531250007 0.553632328125 0.4720237515625 0.53957186875 0.4603103125 0.531165465625 0.4546074375 0.519949040625 0.44959075937500004 0.508878559375 0.4461520296875 0.497750384375 0.443091740625 0.48491173906249996 0.43857529843750004 0.4621021625 0.428477775 0.44882915624999997 0.4242756140625 0.43908898281250003 0.417180746875 0.43459216874999995 0.408649365625 0.4293996390625 0.39961121875 0.4244718359375 0.396442221875 0.42085415312499996 0.40242663749999996 0.4225986375 0.4112657640625 0.4256462734375 0.4191620359375 0.435590109375 0.4274564015625 0.44318539062499995 0.433409378125 0.44912789374999995 0.43752774062500005 0.45379777812500005 0.44492379218749994 0.456061478125 0.45035689999999995 0.45910568593749995 0.45320505625 0.471764396875 0.4487606125 0.48355775625 0.44999283125 0.4909188484375 0.452411465625 0.4948047390625 0.4573443421875 0.4960265234375 0.4645413578125 0.49130586562499995 0.46762000312499996 0.48385992343749995 0.468293090625 0.47887791562500004 0.470550659375 0.4798655671875 0.4742133375 0.4880343265625 0.4713337375 0.49890115 0.4735729625 0.5063505187499999 0.4779480078125 0.5113359578125001 0.4807385328125 0.51501821875 0.48447190781250005 0.5233058140625 0.4858835390625 0.5317935859375 0.48344655000000003 0.539992903125 0.48290177968750003 0.5471503656250001 0.484120915625 0.5542501359374999 0.485718496875 0.5616112249999999 0.4881371375 0.5664236234375 0.49206301874999997 0.5686567375 0.49516127968749996 0.5725732171875 0.5024290015624999 0.5777046234375 0.5067974890625 0.5857919875 0.5120577374999999 0.5907197656250001 0.5152267140625 0.596923621875 0.5201661390625001 0.600202046875 0.526548634375 0.6019125171875 0.5280047921875 0.60756656875 0.5340153984375 0.610872125 0.5376846078125
13 0.46894059375 0.31769943125 0.47652895937500006 0.313556159375 0.48076105 0.316218375 0.47893863281250004 0.32056722031249996 0.48699886562500005 0.32854075 0.48911659375000005 0.3323959265625 0.4995219546875 0.33766270625 0.49975614375 0.34119704375 0.498921375 0.34920856875 0.5008660375 0.35419906874999996 0.510260065625 0.3635646 0.5170442546875 0.3697676875 0.5244630359375 0.37180788124999997 0.5268588750000001 0.35862645 0.5253486406250001 0.3533216703125 0.52423874375 0.3403196671875 0.5229015218749999 0.3338795296875 0.52167625 0.32163440468750004 0.514746153125 0.313853371875 0.5058170734375 0.30650839687500003 0.496511321875 0.2990992625 0.487029071875 0.2877773421875 0.48381173281249995 0.2860645171875 0.47651175781250005 0.2883155609375 0.47234084374999996 0.29032301875 0.4637682515625 0.29585174062499997 0.45867428906249996 0.3039143484375 0.45320365625000003 0.3119127765625 0.4402530578125 0.3132013359375 0.42953214375000004 0.31254006093750003 0.4174503953125 0.31320006093749997 0.4048764734375 0.31455277812500004 0.397084446875 0.31749655 0.394216740625 0.318561178125 0.386801384375 0.3215691046875 0.3947734015625 0.32758624531249997 0.41734530000000003 0.3291013015625 0.4271397375 0.3307695953125 0.43861405 0.3315592265625 0.4507806515625 0.3278074953125 0.46291666718749996 0.32172090625 0.46894059375 0.31769943125
13 0.4669406875 0.5051110750000001 0.4751643375 0.5109031421875 0.48344236250000006 0.5163385375 0.4956802765625 0.5220824687500001 0.5067666140625 0.52104325 0.5160521218749999 0.5222589484375 0.520587778125 0.5259590296875001 0.5266267921875001 0.5317449265625 0.5338908124999999 0.531884384375 0.541567503125 0.5364854593749999 0.5440304968749999 0.544223859375 0.5488124421875 0.5486978125 0.555152125 0.5549008578125 0.561872415625 0.558607140625 0.5648247640624999 0.56313540625 0.572346565625 0.5730681921875 0.576272628125 0.5716723171875 0.5787547046875 0.567337809375 0.5820300296875 0.5649681515625 0.58716055 0.55998696875 0.5909252375 0.5544071359375 0.5903239046875 0.5535728171875001 0.5843425156250001 0.55218809375 0.5778973265625 0.5514561890625 0.573499221875 0.5492432890625001 0.5715032734375 0.5456098203125 0.5657393828124999 0.54279833125 0.558142634375 0.5352833234375 0.556472896875 0.529509759375 0.5564408625 0.52255138125 0.5523689921875 0.5181983765625 0.5484890703125 0.5149759234375 0.5436815578124999 0.5130592015625 0.534831 0.5089900671875001 0.5264698 0.501710803125 0.513083565625 0.49394155937499995 0.5010120546875 0.4918854078125 0.48850550625 0.4926827078125 0.47782860781250003 0.4934257125 0.46450000625000004 0.4900575984375 0.4590944125 0.4920644203125 0.461339915625 0.50122954375 0.4669406875 0.5051110750000001
13 0.6995333671874999 0.5205764796875 0.69931264375 0.5172453796875 0.6980811484375 0.5133761828125001 0.6977228484375 0.5085578875000001 0.7007230812499999 0.5032138203125001 0.7024118984375 0.49691449375 0.7000576515625 0.4884627265625 0.6972684250000001 0.48286441562500004 0.695761803125 0.47602080625000004 0.694718996875 0.46852430937499995 0.696490990625 0.4640688609375 0.7011033265625 0.46009723124999996 0.6993536734375 0.4572375875 0.6961550296875 0.4519355046875 0.6969706234374999 0.4465852671875 0.697961659375 0.442232221875 0.6907141218749999 0.4422260859375 0.689293934375 0.4419841875 0.68369639375 0.44286046875 0.6777438140625 0.44367628437500006 0.6720918984375001 0.4449092515625 0.6710843843750001 0.4491289640625 0.6682217031250001 0.4559602375 0.6646744828125 0.46011330937499995 0.6600077703125 0.4644416359375 0.6608842265625 0.46825036249999996 0.6645210859375 0.47545681718750005 0.66720156875 0.481768496875 0.66873699375 0.49081267031250003 0.6716925703125 0.5000987546875 0.674673721875 0.5068275812499999 0.6798939109375 0.513205896875 0.681480446875 0.5171355734375 0.685389196875 0.52255861875 0.6861568796874999 0.5270807078125 0.6831854500000001 0.5346253328125 0.6768778296875 0.5353806703124999 0.6666358921875 0.5332702171875 0.6593430687499999 0.5309301953125 0.6448117984375 0.5258934625 0.626074340625 0.5197743515625 0.6262118906249999 0.521261546875 0.6308019171875 0.524604978125 0.635884528125 0.52949609375 0.6416228765625 0.5348648265625 0.6466511171875 0.54011261875 0.6555304750000001 0.5463823125 0.661595059375 0.5496109687499999 0.6670327125 0.5545625453125 0.6699818296875 0.5543329796875 0.6732859875 0.5541639046875 0.6800030203125 0.5531123499999999 0.689422875 0.551057403125 0.6980782796875 0.5492381984375 0.7059148296875 0.5480113953125 0.7154178609375 0.5478003359375 0.7156897234375 0.546016921875 0.7123823390624999 0.5414281812499999 0.7086079062499999 0.532734528125 0.7011742765625 0.524149475 0.6995333671874999 0.5205764796875
13 0.316443803125 0.44361898125000004 0.2988990453125 0.44902192812499997 0.285163584375 0.444393803125 0.25492786562499997 0.4682320640625 0.25960758125 0.47742052187499995 0.278407278125 0.47375703125 0.2960735109375 0.47752898593750004 0.3010244015625 0.4699809140625 0.29970872656249997 0.46365400625 0.3171320109375 0.4490761609375 0.316443803125 0.44361898125000004
13 0.28091286718749997 0.40247582812499993 0.2770710578125 0.37283311874999997 0.248179240625 0.367911953125 0.248624496875 0.355019328125 0.23143603437500002 0.37802853281250004 0.22151799843750003 0.373287784375 0.21888664531250002 0.3606339703125 0.22810834687499998 0.3499990953125 0.2124986046875 0.3526802328125 0.2057341734375 0.3721250140625 0.225465028125 0.39226850468749996 0.2294646640625 0.40591823125 0.24137845625 0.41252462031250003 0.248968825 0.42754881093749997 0.25615841875 0.4402161828125 0.26749735 0.44062185156250006 0.2751322015625 0.44039659843749995 0.2830544828125 0.443271709375 0.302186090625 0.4274591359375 0.293854903125 0.412308765625 0.2912842890625 0.40424239999999995 0.290927990625 0.38663614218750003 0.28091286718749997 0.40247582812499993
13 0.59679168125 0.3944887890625 0.6120695109375001 0.40395673125 0.6249426828125 0.399283771875 0.6345570296874999 0.38108726718749997 0.6452077546874999 0.3760357546875 0.6628658625 0.3698892640625 0.640868078125 0.3646166625 0.6235418859374999 0.35861407500000003 0.6083611421875 0.32856569687500004 0.5946945484375 0.33844346875000003 0.588784278125 0.357270890625 0.5987185703125 0.3818485328125 0.59679168125 0.3944887890625
13 0.41347826249999997 0.3754704875 0.435807953125 0.36859400781249996 0.454049046875 0.3785666875 0.4707396453125 0.37378110000000003 0.4638900890625 0.3588830953125 0.4716908953125 0.35258330312499997 0.4504339296875 0.3474368859375 0.4326017390625 0.3497394734375 0.41499624218750003 0.3505549671875 0.3922050375 0.3504871796875 0.3633213484375 0.35548446093749997 0.33529182031250004 0.359864378125 0.36367764375 0.37309071718750003 0.3744498421875 0.37721410781250003 0.40293275624999997 0.369860009375 0.41347826249999997 0.3754704875
13 0.304061271875 0.699353446875 0.3093158484375 0.7147426296875 0.3257352703125 0.7266935734375 0.34733227499999997 0.72960935625 0.3681803390625 0.7224805109375 0.38098464375 0.703301653125 0.3680344796875 0.6835502734375 0.342846740625 0.6792600281250001 0.323872959375 0.6790796109375 0.3136230109375 0.686487940625 0.3018306953125 0.6890564515625 0.304061271875 0.699353446875
13 0.4015696578125 0.722827784375 0.3941615015625 0.721565946875 0.386081390625 0.734683821875 0.368998146875 0.7470310375 0.3790902671875 0.75561569375 0.39777661875 0.752695746875 0.40820064843750004 0.7491313265625 0.41030162187499997 0.740334975 0.4234014859375 0.7341749265625 0.43136824531249995 0.72180059375 0.44805071406249997 0.7070965609375001 0.4252676375 0.7169472171875 0.4015696578125 0.722827784375
13 0.4483787875 0.7597891515625 0.4387400546875 0.7482303171875 0.433546215625 0.737428584375 0.41771790937500003 0.7515152578125 0.41065791718750005 0.7579412328124999 0.398533690625 0.7726588234375 0.4151272 0.7884536703125 0.4267454296875 0.7820412546875 0.440707584375 0.7851822937499999 0.444063496875 0.7781253968749999 0.4483787875 0.7597891515625
13 0.44686080468749995 0.7847046718749999 0.4386592203125 0.7886476453125 0.474505809375 0.7978048249999999 0.49080376093750006 0.80058086875 0.531147853125 0.8051641546875 0.5264681375 0.7959756953125 0.51735165625 0.79594858125 0.5003655015625 0.787715359375 0.49923203593750004 0.79515080625 0.47699943281249996 0.781446846875 0.46167712187500004 0.7872283437500001 0.44686080468749995 0.7847046718749999
13 0.7046518453124999 0.6043362609375 0.6868641375 0.59138940625 0.6655545640625 0.591573984375 0.6347803359374999 0.5840436343750001 0.6575351921875 0.6092793109375 0.67167143125 0.6162642515625001 0.6836985640625 0.6221270984375 0.6933291703125 0.623767484375 0.704101371875 0.6278908765625 0.719318465625 0.6327713687500001 0.7046518453124999 0.6043362609375
13 0.7497808734375 0.6074460171875 0.7556992734375 0.59853704375 0.7291958562499999 0.5879198875 0.7154077875 0.5886227609375 0.6953450218749999 0.580628346875 0.6696957703125 0.5693938328125 0.666052428125 0.5733503640625 0.656029175 0.5792716062500001 0.6307280890625 0.575724903125 0.6368894375 0.5851657296874999 0.659854728125 0.5890774265625 0.6768934921875001 0.5919796515625 0.684414996875 0.59249794375 0.7000328671875 0.5997352515625 0.7067609484374999 0.60545835625 0.7220913875 0.6095953062499999 0.7355394171875 0.6111230671875 0.746372353125 0.6198339078124999 0.7497808734375 0.6074460171875
13 0.7116549375 0.5284811656249999 0.7036193109375 0.5263495984375 0.7147478046875 0.5480792484375 0.6944664734375 0.5514903703125 0.7004011296875 0.5624182890625 0.701036728125 0.5732064609374999 0.7046881968750001 0.579168375 0.7160797390625 0.574243046875 0.7250140093749999 0.5605078078125 0.7220952265625 0.544753634375 0.7116549375 0.5284811656249999
13 0.6921306796875 0.551855365625 0.665922825 0.55425701875 0.6771565374999999 0.565324675 0.6733998484375 0.570024753125 0.7111895859375 0.58637856875 0.7285683875 0.587050159375 0.752962703125 0.59654521875 0.7566586546875 0.5872576921875 0.7618969703125 0.5828099812499999 0.7569298265625 0.5705211593749999 0.759998309375 0.56036390625 0.7615244203125 0.54536683125 0.75019361875 0.5548796125 0.7359521609375 0.5585566625 0.7322036015625 0.5731751828125 0.7193830390625 0.5725171484375 0.7033199140625 0.5781724625 0.699555096875 0.5729540937500001 0.7004011296875 0.5624182890625 0.6921306796875 0.551855365625