27 0 0.5340635781249999 0.0216649890625 0.5223396796875 0.0494584171875 0.50810328125 0.06476202812500001 0.5132403531249999 0.068865090625 0.508855721875 0.061011946875 0.500305228125 0.07621281875 0.501231175 0.0659651234375 0.48989526562499996 0.0578203265625 0.478472603125 0.050825581249999995 0.46877739218750003 0.04696448125 0.446750525 0.0054649296875 0.439588059375 0.0037546265624999998 0.43807322812500005 0 0.4737961125 0 0.5340635781249999
27 0.26544902656249997 0.47878170000000003 0.25835646562500003 0.524112178125 0.268998553125 0.5425313843749999 0.29431618125000003 0.5902964828124999 0.425264325 0.6944940234375 0.46606126875 0.681939803125 0.48287619375 0.67636518125 0.43504645000000003 0.600464925 0.3693710390625 0.5423841984375 0.2786166078125 0.46448308281250006 0.27976665624999997 0.46621053124999995 0.2767026203125 0.463230871875 0.26113220312499996 0.46986346250000005 0.26544902656249997 0.47878170000000003
27 0.2571667953125 0.3300324390625 0.2210645046875 0.34882697500000004 0.1818981765625 0.36464184843749997 0.1846236765625 0.37601866875 0.18153691249999998 0.3770809984375 0.1697861828125 0.3813373953125 0.1664470609375 0.38524679375000004 0.1737748703125 0.4222172296875 0.2642210859375 0.48748495781249995 0.2652601125 0.4801206640625 0.261037746875 0.47053294218749997 0.2596739375 0.455502621875 0.25975183125 0.4450719171875 0.2561989453125 0.435678440625 0.23933433593750003 0.411969396875 0.23261467656249998 0.3953851296875 0.24214319999999998 0.3772431265625 0.28489061250000003 0.331107353125 0.2787542609375 0.320267425 0.2571667953125 0.3300324390625
27 0.0551159890625 0.349460771875 0.0713194046875 0.377856184375 0.094012153125 0.3997717703125 0.105582246875 0.40173494062500004 0.1138132171875 0.407607509375 0.13110042500000002 0.39868548125 0.155263078125 0.38548630625 0.1851676890625 0.3760437703125 0.18610397812499999 0.36446834687499996 0.2241202546875 0.346926021875 0.25487498125 0.3314581515625 0.27502902812499996 0.32197413125 0.2844017640625 0.3246935375 0.28416332187500004 0.3250115171875 0.29309673593749996 0.32233808750000004 0.24389154999999998 0.280883109375 0.2228376984375 0.2671087875 0.1817325359375 0.2670296203125 0.15488368125000002 0.27457120625 0.1375799078125 0.2737320125 0.1074863828125 0.28451351406250003 0.087143421875 0.2953364984375 0.0761649140625 0.303998271875 0.078095465625 0.3150117046875 0.0844124484375 0.3196320625 0.07869533281249999 0.3305172625 0.06933088125 0.332678471875 0.057966265625 0.339137559375 0.0551159890625 0.349460771875
27 0.082274965625 0.300206678125 0.11502985156250001 0.280440925 0.11666382500000001 0.229345375 0.10133536875 0.20956646406249999 0.10024664999999999 0.1876470875 0.11035019531250001 0.1703688078125 0.134993415625 0.1587028453125 0.1409773390625 0.13604797500000002 0.03896629375 0.10305658749999999 0.016062353125 0.320973028125 0.0205600375 0.32272015625 0.0604455375 0.3363831921875 0.077543834375 0.3288001234375 0.0816386125 0.3195348796875 0.07444667031249999 0.3062980203125 0.082274965625 0.300206678125
27 0.3809564609375 0.2725766421875 0.4370073203125 0.23587582812500002 0.34538285625 0.2085950265625 0.3313651609375 0.22891897499999997 0.3161029625 0.2481849578125 0.2720564234375 0.204742275 0.239218721875 0.1757019140625 0.2072609 0.21451487187499998 0.152824090625 0.2447151171875 0.1221803875 0.269274728125 0.1304113546875 0.275147296875 0.1487624375 0.2735028078125 0.181825540625 0.266370446875 0.206296409375 0.2658046671875 0.2305866484375 0.27145846093750003 0.247623609375 0.28406731875 0.29290636875 0.3236873609375 0.3270781109375 0.293879390625 0.3809564609375 0.2725766421875
27 0.32067705156250004 0.29968710625 0.30187025156249997 0.31444022656250004 0.259595121875 0.357228590625 0.23222921406250002 0.39807073593750003 0.24009063749999998 0.4115018390625 0.2586803234375 0.43780205624999996 0.2591078421875 0.46440780000000004 0.2698891546875 0.452204378125 0.300216359375 0.41013076249999997 0.3214790453125 0.3779711375 0.3339357375 0.3390752171875 0.349095196875 0.3155981015625 0.3742189828125 0.3054653421875 0.3627350671875 0.297952078125 0.34744801875000003 0.30257622500000003 0.3324195 0.2905500984375 0.32067705156250004 0.29968710625
27 0.41193197187499997 0.334526446875 0.35942906875 0.3213839203125 0.3659266859375 0.31978470468750003 0.360381921875 0.31956971875 0.34356699687500003 0.32514434375 0.329652040625 0.349679421875 0.3103281890625 0.397733096875 0.2916655328125 0.4411004 0.2852010484375 0.4622220625 0.32970330312499996 0.49255611874999994 0.3407315 0.5131780109374999 0.36570285625 0.469550453125 0.38387666249999997 0.4197693296875 0.41707070625 0.377133728125 0.41743197031249996 0.36469457968749996 0.431338646875 0.3352788890625 0.427777478125 0.3210047984375 0.4184295890625 0.3329272296875 0.41193197187499997 0.334526446875
27 0.4282411828125 0.594315675 0.437536025 0.60746578125 0.45656487031250004 0.6108961500000001 0.488502771875 0.616678175 0.5073261359375 0.6116862796875 0.5311109625 0.6011650328125 0.552381928125 0.5738860171875 0.5594380046875 0.5633893046875 0.532933846875 0.5487305171875 0.49975144218749995 0.541890525 0.3673051875 0.5125221109375 0.34455939375 0.515679065625 0.37070228437499997 0.542776996875 0.3967424390625 0.565663796875 0.4282411828125 0.594315675
27 0.4679730828125 0.6843766203125 0.47485954843749995 0.68868040625 0.50488681875 0.6388540140625001 0.5544615546875 0.6727504578125 0.561903740625 0.6644564296875 0.5677401578125 0.6675435796875 0.595192240625 0.6211513453124999 0.5681992328125001 0.6000787453124999 0.5743803484375001 0.5809655234375 0.5559182484375 0.573518271875 0.5272912703125 0.603541221875 0.4870693515625 0.61695916875 0.44011949375 0.6089122390624999 0.47347917656250005 0.6638888625 0.477229253125 0.6768239859375 0.4679730828125 0.6843766203125
27 0.658385353125 0.5684037203125001 0.6477316281250001 0.599460109375 0.6220245359375001 0.6038485328125 0.6052709421875 0.5892312328125 0.5921481234375 0.5735767015625 0.5733330421875 0.5834492078125 0.5712632671875 0.603058403125 0.5993035859375 0.6216473234375 0.6209407437500001 0.6411659765625 0.626596528125 0.6504727031249999 0.6412306546875 0.6554155328125 0.6547313015625 0.6683921421875 0.6774157671875 0.6854271125 0.6914831546875 0.69438683125 0.71062301875 0.706908940625 0.7257377140625 0.713384978125 0.7430663328125 0.7288660046875 0.7681205062500001 0.7340445625 0.78538286875 0.7104806984375001 0.8057623125 0.6648239546875 0.8122268015625 0.6437022921875 0.7777667640625 0.6162818859375 0.731436696875 0.579145525 0.70865776875 0.562780034375 0.6870620234375 0.5676644375000001 0.658385353125 0.5684037203125001
27 0.587925978125 0.2824467203125 0.5562714484375 0.2746562515625 0.5504598765625001 0.286210934375 0.5323474 0.31580012812499997 0.518715815625 0.338326765625 0.459185040625 0.2959665828125 0.447056484375 0.3029009078125 0.43266096093749995 0.32590278281249996 0.4334249 0.3254275453125 0.4286772 0.344259771875 0.41754290781250003 0.373782953125 0.40561983125 0.389139540625 0.3878155734375 0.431362125 0.3994966890625 0.4424170421875 0.46343046406250005 0.48814537031249994 0.52190565 0.528108625 0.5633438703125 0.5554630171875 0.587317609375 0.5436028109375 0.6106666296875 0.5015952078125 0.6296126578125001 0.4562194578125 0.6181038921875001 0.4340643609375 0.62913544375 0.4003300453125 0.633258428125 0.35135042968749997 0.6442120890624999 0.3280468203125 0.587925978125 0.2824467203125
27 0.707234421875 0.3999924078125 0.6594378062499999 0.3436146 0.6371725765625 0.3483047578125 0.6341416671875 0.36484754218750004 0.63160789375 0.39268475937499997 0.6163871000000001 0.4363538 0.63171555625 0.45613270781250004 0.6154226109375001 0.48764359375 0.6015242171875 0.5219398984375 0.6223029796875 0.542603271875 0.64594858125 0.5627046578125 0.6720500656249999 0.565399528125 0.7241420140625 0.5616975375 0.795837828125 0.5622896328125 0.8077609046875001 0.5469330453125 0.79049361875 0.5112600921875 0.771456490625 0.5029491125 0.751922234375 0.4833437046875 0.7644286171875 0.47373145625 0.707234421875 0.3999924078125
27 0.75517518125 0.4849844046875 0.7686758265625 0.49796100781249997 0.7909741828125 0.5127932953125 0.8058552000000001 0.550561446875 0.7944044109374999 0.562570628125 0.7573161390625 0.5636569171875 0.715447040625 0.5640529843750001 0.8121323437499999 0.6443717734375001 0.8040620859375001 0.6768746171875 0.795203046875 0.6952108609375001 0.7955891546875 0.6974135515625 0.8137678859375 0.706869246875 0.81857355625 0.7222013031250001 0.82745744375 0.7185068890624999 0.8311130656250001 0.732111496875 0.8394302124999999 0.7324339703125 0.838880034375 0.7462120828125001 0.8486305984375001 0.7462535609375001 0.8699015671874999 0.718974546875 0.8982086921875 0.7257937984375 0.9126042125 0.7027919234375 0.9388896859375 0.6449110171875 0.9462738984374999 0.60245270625 0.8902628781249999 0.5499635515625 0.811086825 0.47890621875 0.679444346875 0.3598725984375 0.712306896875 0.40355479687500007 0.7652008390625 0.4781368296875 0.75517518125 0.4849844046875