27 0.11988833437499999 0.73819510625 0.1412152 0.718203971875 0.26745474062499996 0.70570256875 0.34097268125 0.70797916875 0.40834583281250003 0.6921797671875 0.42556463281249995 0.6077097031250001 0.43422177656249994 0.48867818124999995 0.41362056875000003 0.4771612890625 0.4133603859375 0.4697776765625 0.38948656875 0.46959155468749997 0.3522072265625 0.4536860296875 0.275416671875 0.4627401984375 0.2385276078125 0.457910090625 0.19843098125 0.46625665625 0.10310040312499999 0.6264887484375 0.0800620390625 0.702112321875 0.0824138546875 0.7167518734375 0.0977809140625 0.7360354015625 0.11988833437499999 0.73819510625
27 0.207923578125 0.423034834375 0.02830183125 0.48366816718749994 0.02117119375 0.4897165796875 0.0217566109375 0.5063297078125 0.065505978125 0.5495407515624999 0.0773402453125 0.5727714390624999 0.11547533750000001 0.5608607421875 0.15158384375 0.5435400125000001 0.20353503437499998 0.4547982140625 0.22544731406250001 0.4514202078125 0.2863402921875 0.46012824375 0.275947190625 0.4256944609375 0.2445524578125 0.42048132968749996 0.207923578125 0.423034834375
27 0.142786459375 0.710692684375 0.12819995312500002 0.7135599906250001 0.1106660703125 0.736987578125 0.0882334171875 0.7255983609375 0.0608268046875 0.72935939375 0.0294367484375 0.74441675 0.0513392375 0.9002610578124999 0.2373184953125 0.8872959 0.35010960625 0.8109667109375 0.34574135781250004 0.73910416875 0.33737484375000004 0.7100804234375 0.2692211390625 0.7037289906249999 0.142786459375 0.710692684375
27 0.85468348125 0.385349065625 0.6863207296875 0.40078700156249997 0.679700315625 0.47341559375 0.6823672125 0.5490976171875 0.69760418125 0.5646893421875 0.7581719234375 0.5641678625 0.810037771875 0.5772060812500001 0.8401214296875 0.5973141140625 0.837889559375 0.63817933125 0.8711157375 0.6432647859375 0.8715567546875 0.3952754078125 0.8694651265625 0.3880194703125 0.85468348125 0.385349065625
27 0.8199003546875 0.6486855984375001 0.7951057375 0.674469790625 0.7243298874999999 0.6979081578125 0.72099223125 0.707393025 0.773833771875 0.7481197875000001 0.8017607546875001 0.7591259765625 0.8049032734375 0.7441034046875 0.8612227125 0.7272241484374999 0.902500321875 0.7002908765625 0.899888321875 0.6782677171875 0.890601009375 0.6752142890624999 0.8805331437499999 0.650010021875 0.8509698531250001 0.6446692140625 0.8199003546875 0.6486855984375001
27 0.6780570781249999 0.6641252203125 0.6381006921875 0.62435063125 0.60114658125 0.6176746234375 0.546983815625 0.643655715625 0.5525229 0.7487445140625 0.5202622703124999 0.8231605609375 0.5041695515625 0.8353850578124999 0.4822572703125 0.8387630625 0.483037825 0.8609139000000001 0.4925202765625 0.8695050390624999 0.65297069375 0.8583195734375 0.797405871875 0.7686817593749999 0.7970155921875001 0.757606340625 0.7311588046875 0.7122355953125 0.6891107875 0.6652050703125 0.6780570781249999 0.6641252203125
27 0.6843388953125 0.5008487890625 0.6863207296875 0.40078700156249997 0.6338044203125001 0.3692897515625 0.5256089859374999 0.42494375 0.46569170625 0.443924259375 0.45751018125 0.47225117812499995 0.5501231171875001 0.49540186249999996 0.6123922140625 0.491060903125 0.626057921875 0.514163915625 0.6740006953125001 0.5200738687500001 0.6843388953125 0.5008487890625
27 0.47375328593750005 0.3600925703125 0.4447103671875 0.3695189875 0.43697401874999997 0.46258019062500005 0.448352959375 0.47288955625 0.4592765765625 0.4702776 0.4620288171875 0.4441796078125 0.56171749375 0.40762301875 0.6012287046875 0.382663325 0.6009034734375 0.3734338109375 0.589719671875 0.36866215156250004 0.5325546328125 0.3615446703125 0.4997187328125 0.36753463124999997 0.47375328593750005 0.3600925703125
27 0 0.5349634109375 0.028844709375 0.7402041828125 0.0843753890625 0.720316003125 0.08320455624999999 0.6870897484375 0.09308743281250001 0.6549433437500001 0.1463496984375 0.5513066484375 0.07904159375 0.5689519562500001 0.0368634859375 0.5182296265625 0.0001045140625 0.5170913265625 0 0.5170986125 0 0.5349634109375
27 0.4256296796875 0.60955560625 0.428566909375 0.64080828125 0.4401409890625 0.6566553546875 0.44746676562500004 0.6561446546874999 0.459766503125 0.6404837031249999 0.48684788437500004 0.62749315625 0.5143195453125 0.625578025 0.538648684375 0.6386854703125 0.648014953125 0.6162577296875 0.653314146875 0.6103369937500001 0.65181808125 0.5678812234375 0.66183105 0.539426628125 0.657907978125 0.5322983671875 0.537422953125 0.5518003546875 0.44309851718750004 0.5842821140625001 0.4256296796875 0.60955560625
27 0.4580651515625 0.644303184375 0.4346466578125 0.6570383796875 0.4180986171875 0.65634155625 0.39899347343749997 0.6872804328125001 0.341167821875 0.713516878125 0.3442351453125 0.7484613625 0.373798434375 0.7538021671874999 0.37968304375 0.7644945578125 0.3904562734375 0.8618167171875 0.38165292812499996 0.8772339265625 0.49118279062500003 0.8695982796875 0.4804572125 0.8629442375 0.47581862812500003 0.835511046875 0.4884435984375 0.8290796109375 0.50708326875 0.8370323703125001 0.530111484375 0.8132217562499999 0.5556968015625 0.7577754375 0.5602804859375 0.7315497718749999 0.550352859375 0.6582243531249999 0.54263680625 0.6476596359375 0.518502803125 0.6400899 0.4580651515625 0.644303184375
27 0.6280642078125 0.623199865625 0.715107621875 0.6967006328124999 0.74794351875 0.69071066875 0.7530475734375 0.679252225 0.795170784375 0.6763156953125 0.80688510625 0.6440416171875001 0.8270309906250001 0.6426371890625 0.849994159375 0.6169806703125 0.85111009375 0.5965480609375 0.79669729375 0.5633325859375 0.75974318125 0.5566565765625 0.710359240625 0.5619497109375 0.6767427875 0.5457888375 0.6621562812499999 0.5486561421875 0.6500516843749999 0.5698548031249999 0.651482703125 0.6104646703125 0.6280642078125 0.623199865625
27 0.38922638125 0.4622079421875 0.43389654687499996 0.4794486671875 0.4300182265625 0.5777922265625001 0.4502291546875 0.578233703125 0.47371269375 0.5673444078125 0.6268384765625 0.5363147515625 0.676287465625 0.532867515625 0.65719246875 0.511993434375 0.633513790625 0.5173450171875 0.6301110859375 0.52498398125 0.614158609375 0.48908732187500004 0.51879343125 0.49203463437500006 0.329709528125 0.440450909375 0.3168894203125 0.44134463437499993 0.317279696875 0.4524200546875 0.38922638125 0.4622079421875