11 0.5352254953125 0.48455646249999995 0.5107048875 0.4673416078125 0.46347281249999994 0.47879693593750006 0.48080884062499996 0.5148925015625 0.49637677968749994 0.56807533125 0.5187324328125 0.6069248453125 0.5566834109375 0.587618803125 0.5560320125 0.5697057046875 0.5710169796875 0.55660935625 0.5784533625 0.525327 0.59621910625 0.5152610640625 0.6073038796875 0.4992725375 0.612898271875 0.46371924687500005 0.6173732359375 0.428304190625 0.6083795249999999 0.4012998578125 0.5916264609375 0.43148347343750004 0.5731764703125 0.465250421875 0.5551589234375001 0.487718003125 0.5352254953125 0.48455646249999995
11 0.41118553125 0.4942502859375 0.4155209046875 0.5207052453125 0.4042199078125 0.542343453125 0.428308071875 0.5708576703125 0.4880043484375 0.63546035 0.5174323671875001 0.6059607859375 0.50063825625 0.57317209375 0.4890444109375 0.5442396421875 0.479183075 0.5049718890625 0.46589229843749996 0.47962276875 0.5118243109375 0.46720337812499996 0.5380062640625 0.48758687187499994 0.55855278125 0.4805513484375 0.586716315625 0.44333575312500006 0.5939364765625 0.41770307500000003 0.5205936078125 0.39527096875 0.5190417375 0.406708559375 0.47512962343750004 0.38963903125 0.47690044687500005 0.40741390156249996 0.5129765859375001 0.4254510359375 0.5121472796875 0.44129778750000004 0.4988236546875 0.457562775 0.474738225 0.4639107015625 0.45574358125 0.4595086359375 0.42194460312500004 0.46930520624999994 0.41118553125 0.4942502859375
10 0.1589508671875 0.4882852640625 0.135065784375 0.5211692890624999 0.1646418828125 0.554988359375 0.2026899359375 0.6088352265625 0.2736228015625 0.6973207140625 0.3187129390625 0.7572440375 0.351216190625 0.8018526859374999 0.37170490312500004 0.8161916203124999 0.4108488421875 0.8058049609375001 0.4403507578125 0.797663596875 0.4550100265625 0.7756107 0.46179774062499995 0.76127738125 0.3842590953125 0.650520296875 0.28357106875000004 0.5100084781249999 0.24113692812499998 0.460143159375 0.20509910156250002 0.4702161921875 0.1589508671875 0.4882852640625
10 0.28520026249999997 0.43591095625 0.27532539375 0.46789134218750006 0.3361563890625 0.537778428125 0.43407910312500003 0.655676725 0.49634459687500004 0.7343172906250001 0.5850203515625 0.7650435640625 0.6039441625 0.7329380796875 0.5763167609375001 0.6996348359375 0.5053211046875 0.6230645874999999 0.48684165312500005 0.6332848078125 0.45233155468749997 0.594877715625 0.3661045984375 0.505303909375 0.3144191390625 0.44817957656249996 0.3018660578125 0.45766799062499997 0.28520026249999997 0.43591095625
10 0.7290813625 0.494220396875 0.7587470093750001 0.5153644640625 0.8611495390625 0.46997392343750005 0.9323915375 0.437361784375 0.9123785796874999 0.3951799640625 0.9080750828124999 0.3689195234375 0.9239415234375 0.35505280781250004 0.9384386656249999 0.351278075 0.9253712000000001 0.3022848609375 0.9450629703125 0.3117607546875 0.9400881109375 0.2568067875 0.9197587890625 0.2434404625 0.925397771875 0.23480581875 0.9164406078124999 0.1862973453125 0.89847071875 0.19347776875 0.7927524234375001 0.21248590625000002 0.73329795625 0.22478896406249999 0.7179748859374999 0.2604189796875 0.7188732515625 0.339691296875 0.6996306609375 0.369851565625 0.7083342515625 0.43526029218750006 0.729714096875 0.43658940937499996 0.7290813625 0.494220396875
10 0.644583525 0.51358504375 0.6435354156249999 0.5563829625000001 0.65459361875 0.580817021875 0.6764830234375 0.579106346875 0.6894490703125 0.5536902890625 0.7570903328125 0.5175536171874999 0.7415402578125 0.5026048453125 0.7240485359375 0.51270309375 0.7101237421875 0.5015227890625 0.7014515515624999 0.4301564421875 0.6828755046875 0.42748881250000004 0.675159640625 0.36195811875 0.6987999109375 0.3401854296875 0.6924581671875 0.32608416562500003 0.688316471875 0.331557046875 0.6512947796875 0.3639127296875 0.6511716062499999 0.4185039203125 0.6405311921875 0.43966364375 0.6174004796875 0.4583965359375 0.6214190078125 0.50751485 0.644583525 0.51358504375
9 0.47729043437499996 0.322884965625 0.46594725937500003 0.3213087796875 0.38676962656249997 0.3300935671875 0.300455721875 0.35067475937500003 0.39219607968750003 0.4554444015625 0.40768094843749997 0.45154770468749994 0.41618893281249997 0.460420021875 0.48564867500000003 0.45382751718750003 0.49523857187500003 0.44470500625 0.495364153125 0.4208745234375 0.47847618125 0.41006012031249994 0.47662630781250004 0.3864735734375 0.500587765625 0.3974068140625 0.47729043437499996 0.322884965625
21 0 0.5613922796875 0.038922425 0.7175015984375 0.10776867187500001 0.9380893671875 0.2517188796875 0.920313990625 0.29013644375 0.8103872765625001 0.2470555640625 0.7750231078125001 0.2012988859375 0.7479276828125 0.217220884375 0.6298635859374999 0.1607223703125 0.5495186078125001 0.1315976796875 0.5193771265625 0.166006359375 0.48337494375 0.24231499374999999 0.4570831984375 0.266341653125 0.48686191093750003 0.28418113906250003 0.44199054374999996 0.2818530984375 0.4154861703125 0.262511503125 0.40199787656249997 0.23625580937500001 0.3893633515625 0.212359553125 0.39727558281249997 0.186328453125 0.40445914062500005 0.161381675 0.4244085796875 0.144302915625 0.4185791859375 0.10740680625000001 0.4271043828125 0.06079280625 0.437821865625 0.029154110937499998 0.44768244687500003 0.0173979703125 0.46203390312500003 0 0.462948028125 0 0.5613922796875
10 1 0.6643148875 0.9871488312500001 0.660811621875 0.9633757468749999 0.6141326609375 0.944608915625 0.616450040625 0.927590534375 0.56794469375 0.9343114359375001 0.5413152234374999 0.9087198734375 0.46509209531250006 0.9341762093750001 0.44210286249999997 0.9297785265625 0.43371528281250005 0.82817294375 0.48396887343749995 0.737623153125 0.5278958031250001 0.7005048625 0.5473636374999999 0.685307375 0.5591631718750001 0.6845756328125 0.5731455953125 0.68620091875 0.5769140640625 0.682759565625 0.574362140625 0.7315494499999999 0.6814585578125001 0.7865216921875 0.801683628125 0.80751996875 0.8129827703125001 0.9943189140625 0.673818309375 1 0.6704890671875 1 0.6643148875
10 0.679385828125 0.6214164 0.6776325515625 0.6107177 0.6292990828125 0.6355395734375 0.6097063203124999 0.6697122453125 0.5799488984375001 0.6972017484374999 0.6046131109374999 0.7308708937499999 0.5903091671875 0.7604213234375 0.59869156875 0.7931241203125 0.6128071421875 0.7993194171875 0.6570617078125001 0.7680551828125 0.6524032171874999 0.6842857234374999 0.6757874984375001 0.6486525734375 0.6962110125 0.644146040625 0.679385828125 0.6214164
21 0.44156560312500004 0.23402105 0.48862637500000006 0.23217901875 0.5411377640625 0.2574480640625 0.5695596968750001 0.2648536375 0.5801687171875 0.2496515375 0.567072265625 0.23737665625 0.569429290625 0.22716269687500001 0.5905217546875 0.22058897968750002 0.6247420609375001 0.220332521875 0.6440498515625 0.209017725 0.6587691718750001 0.194300365625 0.6834623750000001 0.191251178125 0.7106744 0.2097213546875 0.754165828125 0.198397165625 0.775961046875 0.214559353125 0.8545011234375 0.20188413125000002 0.9078360265625 0.164537178125 0.918254265625 0.1543200890625 0.9167859593750001 0.12076351874999999 0.92011339375 0.11820004218749999 0.9010736500000001 0.041835803125 0.493397534375 0.0921767984375 0.4590213421875 0.13761442968749998 0.40651477968750005 0.17386680625 0.390582903125 0.1996326203125 0.41266550312500005 0.2236976484375 0.44156560312500004 0.23402105
10 0.9276329734375001 0.148359428125 0.9139413375000001 0.1563830328125 0.9302400437499999 0.24779839843749998 0.93644878125 0.25351978124999996 0.9631217 0.33586844843749997 0.9754096515624999 0.3399812203125 0.9276329734375001 0.148359428125
10 1 0.43860772031249995 0.975798321875 0.341540090625 0.9622423109374999 0.33857251875 0.9303270078124999 0.3528943953125 0.908078509375 0.3699154203125 0.914956746875 0.41188723437499997 0.935202275 0.443863696875 0.92159010625 0.46037707812499995 0.9470124375 0.5350945078125 0.969011446875 0.5245923421875001 1 0.5879777625 1 0.43860772031249995
10 0.51411660625 0.8556215999999999 0.5392308906250001 0.866322278125 0.5762585109375 0.8356798218750001 0.6071801765625 0.805791346875 0.604127196875 0.8061683374999999 0.5919600843749999 0.7509297859374999 0.5819651265625 0.7659658515625 0.5050472640625 0.7432595453124999 0.46436951718749997 0.694608646875 0.45082892656249995 0.70701545625 0.46186144218749997 0.7363239328125 0.49480970312499994 0.80433176875 0.51411660625 0.8556215999999999
10 0.657946196875 0.7734524359375 0.6721772500000001 0.774762225 0.7104365140625 0.7516353828125 0.7321992421875 0.722877878125 0.70836511875 0.710485584375 0.71200779375 0.694700375 0.701516453125 0.6591909140625 0.6837882875 0.6460446375 0.6531129499999999 0.6774362375 0.657946196875 0.7734524359375