11 0.6143065265625001 0.6295194562499999 0.6148367515625 0.6372419046875 0.6179413296875 0.640655971875 0.62248518125 0.6415339343750001 0.6326916125000001 0.6417742 0.640428171875 0.6406713296875 0.6791308734375 0.6428674125 0.7355704453125 0.643425040625 0.764272834375 0.64615670625 0.8343930078125 0.6485783796875 0.8667394312500001 0.6462558484375001 0.8725327890625 0.643565240625 0.8742108765625 0.6412917546875 0.8764383765625 0.634405221875 0.877239390625 0.6218311359375 0.8836532187499999 0.5893432640625 0.888495546875 0.5213525546875 0.8886305515625 0.45505002499999997 0.8855010671875 0.39586661562500003 0.8789073671875001 0.3389146453125 0.8711430640625 0.29632705625 0.8565903390624999 0.23995872187499998 0.8345917421875001 0.17210715625 0.83488599375 0.1674881046875 0.8378462796875 0.16113281875000002 0.8381796171874999 0.1518887078125 0.8318098296875001 0.1355478296875 0.8284337468749999 0.132384365625 0.8237754640625001 0.1333027046875 0.8179494125 0.136506540625 0.79934258125 0.1437784890625 0.7821423296875001 0.149027559375 0.7478008265625 0.16261107187499999 0.726518003125 0.167764034375 0.6988007296875 0.1776485046875 0.6469249125000001 0.1856792734375 0.6411642515625 0.187856653125 0.6349522609375 0.193107396875 0.634026865625 0.2036225671875 0.6346587343750001 0.2177723765625 0.632330315625 0.2382774734375 0.6309429703125 0.320227453125 0.6247957546875 0.488931 0.6202903203125001 0.5556446453125 0.6183684687500001 0.6018591984375 0.6143065265625001 0.6295194562499999
9 0.31990420625 0.4653057203125 0.342492690625 0.471748440625 0.3589246203125 0.4785602328125 0.38200707968750003 0.48527158281249994 0.3991227578125 0.4933844609375 0.4264612125 0.501480996875 0.44219305000000003 0.507248309375 0.46585121875 0.5129452156250001 0.477061946875 0.5134661234375 0.48534152343750003 0.5118620375 0.4902777078125 0.5065812625 0.49918487031250003 0.4911140109375 0.5023804140625 0.4770542984375 0.5075518546875 0.46406909531249996 0.5094978921875 0.45357795312500004 0.5167788421874999 0.42753546875000004 0.523909834375 0.4158813890625 0.52838118125 0.4018517109375 0.5333728015625 0.3916892625 0.539620321875 0.37384641093750004 0.5427177796875 0.36132638125 0.541699975 0.349223478125 0.543744096875 0.33719264843749996 0.5435280234375 0.33256158281250003 0.5411626296875001 0.32556693124999997 0.5378192390625001 0.32189023906249997 0.5265495171875 0.318283959375 0.515253496875 0.3110790734375 0.5042517265625001 0.299255134375 0.4952684984375 0.291847696875 0.4765891625 0.28421200468749996 0.467861096875 0.276810571875 0.45939814375 0.2732703609375 0.455734203125 0.2706141203125 0.44804312812499997 0.2629801 0.4341137640625 0.25699822031249997 0.42181344374999996 0.2495126921875 0.406680059375 0.2383624921875 0.3915729734375 0.23081089062500001 0.372504140625 0.2172550546875 0.348420221875 0.19818418437500002 0.33621159375 0.1932708078125 0.3275034328125 0.193579809375 0.31921746406249996 0.19929572499999998 0.31235798125 0.210699196875 0.3002780171875 0.235857715625 0.2851105453125 0.277391478125 0.2681469953125 0.31502797656250003 0.2486915546875 0.3757357109375 0.2393757109375 0.3976183140625 0.23334709999999997 0.40801334999999994 0.22964763124999998 0.41794921875 0.2300371265625 0.4238693609375 0.23442745937499998 0.43116867968749994 0.23952427968749998 0.43540064375 0.25244935 0.4411018875 0.265999171875 0.4450188421875 0.27855465 0.452510375 0.3045256125 0.458004728125 0.31990420625 0.4653057203125
9 0.34975178125 0.7469081156249999 0.429519021875 0.7503278812499999 0.47884039375 0.754315928125 0.514085275 0.7546316187500001 0.516849396875 0.751355703125 0.5234174640625 0.7324924046875 0.52418578125 0.7204315421875 0.5294744890625 0.6935711625 0.5308668359375 0.6596800890625001 0.540106615625 0.6149227953125 0.5438053640625 0.5849409999999999 0.5545007671875 0.5373909875 0.554170265625 0.5345562203124999 0.549230521875 0.531869946875 0.43477704062500006 0.5073307296875 0.42158046406249994 0.5018800953125 0.40579958281249995 0.496882625 0.3907124046875 0.49704146250000003 0.3828514625 0.4960854109375 0.350534175 0.4899276640625 0.3378251765625 0.48885749062499995 0.32730458906250004 0.485525840625 0.29017194218750003 0.478740740625 0.284748178125 0.4796410546875 0.282141134375 0.4844626640625 0.259003290625 0.5748955812500001 0.2435124359375 0.629528675 0.23593084062499997 0.6643020468749999 0.22192190625000002 0.71974101875 0.22151678281249998 0.73412341875 0.22265541875 0.7403181953125 0.22580903125 0.7429624234375 0.2323778265625 0.7441450515625 0.2754182609375 0.7464432453125001 0.2860532765625 0.7479785999999999 0.3046800125 0.748417084375 0.32097121562500003 0.7534265687499999 0.327605396875 0.7535827421875 0.332378109375 0.75086810625 0.3430849078125 0.74726516875 0.34975178125 0.7469081156249999
9 0.6588410640625 0.7526422921875 0.6589399874999999 0.7911944515625 0.638336215625 0.813839321875 0.605859340625 0.7822349296875 0.4792900203125 0.763835471875 0.48520938437499994 0.7511248734375 0.432913825 0.7498937999999999 0.48200869687500003 0.9617885984375001 0.7726574703125 0.8709710968750001 0.68814958125 0.650532684375 0.6802772828125 0.6567723375 0.6800320734375 0.66062155 0.6712519484375 0.7182396046874999 0.6588410640625 0.7526422921875
9 0.9120027328125 0.505350846875 0.892370509375 0.4934309 0.868781628125 0.64562938125 0.9066381546875 0.5895625640625 0.9120027328125 0.505350846875
9 0.8165773843749999 0.722945659375 0.8686753109375 0.6457868390625 0.688992859375 0.640272584375 0.8165773843749999 0.722945659375
9 0.534601415625 0.31667451562500004 0.55069251875 0.32476327656250004 0.5073447515625 0.46380722187499995 0.568519365625 0.44597239999999994 0.5395764234375 0.4992608234375 0.6301370328125 0.5013926828125 0.6291070328125 0.31375926249999997 0.5646563859375 0.26598225468750003 0.534601415625 0.31667451562500004
9 0.32227462500000004 0.0803772171875 0.31455706562499997 0.12131536093749999 0.29979092500000004 0.132532703125 0.2792366171875 0.17445365468750001 0.2245879 0.2502668453125 0.2646188609375 0.24349923750000002 0.2964246625 0.24553295937500003 0.3245007828125 0.185799159375 0.39331331718749996 0.22853887031250003 0.45911460625 0.1581281953125 0.5076532328125001 0.1142960234375 0.465425465625 0.0991670171875 0.4199978265625 0.0903876546875 0.3781514828125 0.085547578125 0.32227462500000004 0.0803772171875
9 0.5589004921875 0.27612671093749996 0.45541282968749996 0.1721759890625 0.39314984375 0.231105009375 0.39442534687499997 0.2311350359375 0.39570084687499996 0.2311650625 0.534519678125 0.317957584375 0.5589004921875 0.27612671093749996
9 0.5386882125 0.2525210015625 0.5578702 0.272247475 0.568482890625 0.2660723328125 0.6305092359375 0.315077265625 0.633126278125 0.19049442187500001 0.6149881859375 0.1977774046875 0.594580159375 0.197296984375 0.5830189125 0.19830981875 0.5603050921875 0.19392013749999998 0.540682153125 0.201168165625 0.5292026390625 0.20089793125000002 0.5386882125 0.2525210015625
9 0.431034415625 0.862929059375 0.42588143437500003 0.8435328406249999 0.4364148109375 0.838640825 0.43813126718750006 0.8116963515625001 0.44037011093749995 0.7564942968749999 0.4165385171875 0.7495083140625 0.337438675 0.7476462500000001 0.32139340625 0.7588334828125001 0.32000389375 0.7806456765625 0.320512103125 0.8127825 0.3250929296875 0.8411602109375 0.320202946875 0.857750025 0.31935361875 0.89113988125 0.2678808125 0.9169130593749999 0.3173102171875 0.9232166390625001 0.332619865625 0.9235770375 0.36171814687500004 0.9281170140624999 0.41999644218750004 0.9359138953125001 0.42909054375 0.9335579875000001 0.457239965625 0.9329356515624999 0.4494856109375 0.8942032781249999 0.431034415625 0.862929059375
10 0.2830764828125 0.47780271250000006 0.37156539375 0.49273574375000007 0.3711886875 0.47859193749999995 0.222555728125 0.4249782390625 0.2183196359375 0.43130348906249993 0.297952434375 0.24428392968749998 0.2609541203125 0.243412965625 0.21021693749999998 0.257638509375 0.17672270625 0.36221956875 0.156595359375 0.41742884687500004 0.1381725625 0.7066250968750001 0.2163510171875 0.7229508625000001 0.214503059375 0.731902321875 0.21577886406250002 0.731932353125 0.24734340625 0.6375858234375 0.2830764828125 0.47780271250000006