5 0.637625375 0.5406791890625 0.6509886546875 0.5166267296875 0.660918290625 0.4489044890625 0.6686438109374999 0.42603167343750004 0.6594172609375 0.4144165203125 0.6297686828125 0.4079080421875 0.6197152796875 0.40938642031250005 0.6015072453125 0.48884380937499994 0.5927609421875 0.5634038968749999 0.5894535328125 0.6157780125000001 0.60037504375 0.6232873921875 0.6134643515625 0.62346613125 0.61894203125 0.5935614140625 0.6291918328125 0.58328933125 0.637625375 0.5406791890625
5 0.6024141375000001 0.49011281875 0.6194000546875 0.41153633125000005 0.6208161046875 0.37206168906250003 0.6141914093749999 0.3576097796875 0.603861565625 0.353519325 0.5916791515625001 0.35460959375 0.568182428125 0.36577789374999997 0.5505198640625 0.36697284531249996 0.5449621453125 0.3825150265625 0.554705259375 0.4427866296875 0.5546738828125 0.539905484375 0.568437365625 0.587665721875 0.5806998234375 0.6009379921875 0.5874020921875001 0.59995240625 0.59201413125 0.5908599671875 0.6024141375000001 0.49011281875
5 0.5197366156250001 0.4651079125 0.5414995921875 0.46576413437499997 0.5457964046875 0.458821603125 0.5530078296875 0.417092365625 0.5504035078125 0.390129090625 0.5533981609375 0.36970492187500004 0.560296825 0.35992563125 0.5638418890625 0.32083909843749997 0.5595013515625 0.27590030468750004 0.5300879562499999 0.252879371875 0.5174714875 0.2494757640625 0.498075178125 0.2624952359375 0.499023328125 0.2858455359375 0.4938584078125 0.28380030624999997 0.493227953125 0.28810013125 0.5005243578125 0.3203335046875 0.505735475 0.404060090625 0.5185120249999999 0.43618877968750003 0.5197366156250001 0.4651079125
5 0.5319017421875001 0.25541739531249996 0.5529954828125 0.2680921890625 0.5702264609375 0.292203390625 0.59616989375 0.3090733234375 0.6175012859375 0.3350357 0.631536275 0.328764703125 0.6361483156250001 0.3196722625 0.6065748390625 0.26792625000000003 0.5865843921875 0.2477267640625 0.576962575 0.22389898593750002 0.566947959375 0.217658615625 0.565172959375 0.20740184843749998 0.5457741781250001 0.190621284375 0.5175416515625 0.14463816093749998 0.503860675 0.14104049999999999 0.49258515156250005 0.143399778125 0.47224316406250005 0.1628689890625 0.47062824531249997 0.1813372984375 0.488843690625 0.1912800171875 0.48986941249999993 0.19919281718749998 0.49866190781249997 0.2063140890625 0.499845240625 0.213151934375 0.5319017421875001 0.25541739531249996
5 0.6154449046875 0.2596100265625 0.6290483124999999 0.2786451828125 0.66488753125 0.29511169375 0.6839710828125 0.314042171875 0.6941820984375 0.3114888359375 0.7021452703125 0.3019035984375 0.6983988703125 0.2901837640625 0.671587328125 0.264326075 0.6463931765625001 0.24980010625000001 0.6271907984375 0.2242258390625 0.60384921875 0.204519146875 0.594346228125 0.1873351609375 0.5726996078125 0.163522696875 0.5638270734375 0.1420388890625 0.5498308703125 0.14059113437499998 0.5382401203125 0.145100328125 0.5288972140625 0.1566414203125 0.5291348703125001 0.169929003125 0.5465234609375 0.19296525 0.5613877703125 0.2034007609375 0.5875300734375 0.2412770265625 0.6154449046875 0.2596100265625
5 0.7937200265625 0.6463926703125 0.7965207484375 0.6645622453125 0.7737733062500001 0.6780745078125 0.7588726796875 0.70515778125 0.7395951984375 0.724821046875 0.7393987984375 0.7336147484375 0.7464963328125 0.7448417921875 0.752883375 0.74600611875 0.7608465484375 0.73642088125 0.7809921375 0.7257453765624999 0.7988123140625001 0.7234754671875 0.8048040875 0.7124271671875 0.8158031703124999 0.7044990515625 0.847973559375 0.6938082328124999 0.8609828281249999 0.679624434375 0.8750178171874999 0.6733534359375 0.8901560984374999 0.6595577453125 0.9059660875000001 0.66354351875 0.9137279218750001 0.603151915625 0.8970498265625 0.5901783859374999 0.8784803703125 0.5901043296874999 0.8343652171875 0.615173 0.8236425781250001 0.62866995 0.7972675578125 0.6371061734375 0.7937200265625 0.6463926703125
5 0.7225623609375 0.237196859375 0.74874345 0.26735437812499996 0.7577323453125 0.26568194375 0.7707416140625 0.2514981453125 0.7556396484375 0.22777505156250002 0.7415221484375001 0.1898834734375 0.7160903421875 0.162069921875 0.7040630703125 0.1322852 0.653080628125 0.070014309375 0.645549040625 0.0542933875 0.6186211421875 0.0515919390625 0.596268965625 0.07731683125 0.5951268859375001 0.09256027343749999 0.6006870765625 0.106818128125 0.6304957375 0.14205168906250001 0.6456752734375 0.1503372859375 0.6559275453125 0.1698652390625 0.67851984375 0.187227965625 0.6993396125 0.22413395781249998 0.7225623609375 0.237196859375
5 0.6713108906249999 0.2587572375 0.6894487609375 0.28413745156250003 0.7266289296874999 0.30636684999999997 0.73400290625 0.32316272968750004 0.7437410828125001 0.3238342625 0.7573420140625 0.3130693890625 0.7518206125 0.291092784375 0.7367986890625 0.2817322296875 0.7227224453125001 0.26592193750000004 0.684552871875 0.1982609515625 0.6686240546875 0.18763138906250001 0.663813146875 0.1757174984375 0.6339656984375 0.1482026875 0.620835134375 0.125942659375 0.607626996875 0.1191201265625 0.5777844890625 0.1512053859375 0.575262678125 0.168404684375 0.608856525 0.2076393296875 0.6349575703125 0.22343430937500003 0.644933403125 0.237393425 0.6445793890625 0.24726208593750001 0.6713108906249999 0.2587572375
17 0.73657795625 0.0638375265625 0.74155221875 0.055392660937500005 0.7416508046875 0.052955734374999994 0.6784855609375 0.02533573125 0.616727959375 0.01333126875 0.73657795625 0.0638375265625
5 0.5253743453124999 0 0.5816973171875001 0.02326033125 0.5949067875 0.025976734374999998 0.6162900437500001 0.0283882734375 0.62639790625 0.0426337953125 0.6414220546875 0.0444809234375 0.6662153984375 0.04301136875 0.6817978421875 0.050989003125 0.6921882375 0.057190603124999996 0.7003371203125 0.0531651046875 0.7090283953125 0.034023281249999995 0.7037892343750001 0.0302542671875 0.5481445218750001 0 0.5253743453124999 0
5 0.7784251281250001 0.5642902640624999 0.766875284375 0.534454728125 0.7323930609375 0.53587263125 0.7008369140624999 0.536206259375 0.6599812 0.5574948156249999 0.649993325 0.5700384609375 0.6288261484375 0.5807321796875 0.6191713078125 0.6002582359375 0.6186817640625 0.625606315625 0.6248884453125 0.6156326171875001 0.6552053250000001 0.6079005796875 0.6776300484375 0.609688246875 0.7386454796875 0.591251175 0.7757705046875001 0.57978639375 0.7784251281250001 0.5642902640624999
5 0.7288164859374999 0.5374364984375 0.8222141781250001 0.5191444171875 0.8271414453125001 0.5079020625 0.8614408499999999 0.4975993515625 0.8754370546875 0.49904710156250004 0.9021272984375001 0.48846096875 0.9040186578125 0.47556149375 0.899246534375 0.45592885625 0.888087371875 0.43513189375000005 0.878506809375 0.43338540312499996 0.780497071875 0.46076992499999997 0.7539256562500001 0.47799985468750006 0.7248299578124999 0.48262904375 0.6718835249999999 0.5082951921875 0.6669950453125 0.5118188015625 0.6654189125000001 0.5225683609375 0.6744878484375 0.53525846875 0.7288164859374999 0.5374364984375
5 0.7712895546875 0.20303574531250002 0.7888794859375 0.2768783578125 0.7965686875 0.291524321875 0.807528984375 0.2913149546875 0.8194349546874999 0.2846558484375 0.8224246718750001 0.2046316109375 0.8199391765625 0.1843121265625 0.8117383453125001 0.1806097796875 0.8084260000000001 0.173383821875 0.8163091296875 0.14943604531250002 0.8054651937499999 0.1264891734375 0.8012022296874999 0.0661128828125 0.79246541875 0.0474911703125 0.74957536875 0.039154190625 0.738001053125 0.042451042187499996 0.7408405609375001 0.052901868750000004 0.735321628125 0.060725303125 0.734101978125 0.0914062375 0.7483407718749999 0.16574164375 0.7712895546875 0.20303574531250002
5 0.8467514406250001 0.69468913125 0.8226630500000001 0.7024385093750001 0.7994039828124999 0.7268943890624999 0.7835552046875 0.730627365625 0.7585211359375 0.7448264765625 0.7522141359375001 0.7580246890625 0.7539891375 0.768281459375 0.7970810390625 0.7651000203125 0.8167537875 0.757649384375 0.8488466062500001 0.7623960609375 0.87857275625 0.75346704375 0.8950907718750001 0.7377154984375001 0.9045475671875 0.673218125 0.8993826484375 0.6711728953125 0.8905125796875 0.679489121875 0.8603523750000001 0.68392425625 0.8467514406250001 0.69468913125
5 0.6292355578125 0.6351706515625 0.62277094375 0.6494438234375 0.6282123046875 0.6570578874999999 0.6940929046875 0.6624454703125 0.770734928125 0.646617353125 0.78559676875 0.6272528265624999 0.7834652859375 0.597064684375 0.7757372984375001 0.59013746875 0.7521605328125001 0.586943225 0.67122169375 0.6097138703125 0.6292355578125 0.6351706515625
5 0.749352403125 0.4793735484375 0.7792749531250001 0.4616508296875 0.8728690484375001 0.4345650421875 0.8882837703125 0.42633818906250004 0.892738196875 0.418320703125 0.8911983796875 0.3915514828125 0.8751094796875 0.3521968375 0.8702597859375001 0.34800169687500004 0.847432303125 0.3471514234375 0.783329171875 0.38182064375 0.7072400296875 0.4087864296875 0.671956159375 0.4332576265625 0.661233515625 0.446754578125 0.6552830015625 0.47988416718750004 0.6639178828125 0.48808039374999995 0.703028196875 0.4896915703125 0.749352403125 0.4793735484375
5 0.7221776984375 0.8287036875 0.7775708421874999 0.8310757703125 0.7908565484375 0.822460809375 0.8179808468750001 0.8163685546874999 0.833710796875 0.8059917859375 0.8853575359375 0.7966440343750001 0.8920961203125 0.7581396671875 0.86240875625 0.7593499312499999 0.8102891734375 0.7719225515625 0.7714553015625001 0.775880209375 0.7618359546875 0.7818524671875 0.7590377 0.79348293125 0.7506404718749999 0.7985742890624999 0.7314793484375001 0.795081309375 0.6828297265625001 0.8138049265625 0.678178903125 0.8306161187500001 0.6883511328125 0.83578153125 0.7221776984375 0.8287036875
5 0.5641373609375 0.080288903125 0.55380751875 0.076198446875 0.5461183140625 0.06155248125 0.519898440625 0.039113712499999995 0.48386282031250005 0.03144090625 0.4880820625 0.039935870312499996 0.481539875 0.06964653750000001 0.4895443078125 0.0821425875 0.5004658156249999 0.08965196875 0.5292099703125 0.1246914734375 0.567651046875 0.1383212265625 0.5860628875 0.139470240625 0.5928039421875 0.1307659046875 0.5776631937500001 0.11476155937500002 0.5641373609375 0.080288903125
5 0.8599902281249999 0.11987349843749999 0.85328549375 0.09105904687500001 0.8543887874999999 0.083534353125 0.8662947593749999 0.07687524999999999 0.8684378796875001 0.062258721875 0.80986344375 0.0508730046875 0.8084961609375 0.06854622187500001 0.8280550218749999 0.11405186406250001 0.8290031718750001 0.13740216249999998 0.836573546875 0.145404334375 0.857902471875 0.141566675 0.8599902281249999 0.11987349843749999
5 0.8681283015625001 0.31781355 0.8753058796875001 0.34340313437500003 0.8984485890625 0.34210349687499997 0.9010892296874999 0.3315479890625 0.8869643203124999 0.20425630312499998 0.8709142062499999 0.1571829125 0.85163425625 0.1470461421875 0.832473134375 0.143553159375 0.8276622250000001 0.131639271875 0.827897409375 0.11512681875 0.8151233265625001 0.112798165625 0.8091703390625 0.11612771875000001 0.8054651937499999 0.1264891734375 0.815836290625 0.1526609171875 0.8093328921875 0.1746528328125 0.8188746671875 0.1841180703125 0.8216778609375 0.2320876796875 0.848293 0.26673907343750003 0.8540908437500001 0.2942845140625 0.8681283015625001 0.31781355
5 0.8478307624999999 0.8736833984375 0.874955059375 0.8675911453125 0.8856339765625 0.8022128687500001 0.8717953875 0.799690159375 0.8405706765625001 0.8039312437499999 0.814156871875 0.8200862156250001 0.794365296875 0.8208930593750001 0.7883735203125 0.8319413609374999 0.7717754671875 0.8333303687500001 0.729355271875 0.8542932703125 0.7297117562500001 0.8742246453125 0.76487926875 0.8729096937499999 0.7936209562500001 0.8781491625 0.8131360890625 0.8717734828125 0.8478307624999999 0.8736833984375
5 0.8296202578124999 0.923340753125 0.8665627718750001 0.9322825703125 0.875704340625 0.869935109375 0.8298141875 0.8847470140624999 0.8036355687500001 0.8843895328125001 0.792044821875 0.888898725 0.7456017890625 0.8925729578125001 0.7432763734375001 0.9009785499999999 0.749113003125 0.9208052453125 0.7667755671875 0.9196102906249999 0.8029687984375 0.9262081406249999 0.8296202578124999 0.923340753125
5 0.685480246875 0.9224495609375 0.6790131640625 0.90692269375 0.6888676953124999 0.884437984375 0.6848836390625 0.8594305703125 0.6922163609374999 0.8541451578125001 0.693319653125 0.8466204640624999 0.6827109015625 0.807161134375 0.671947003125 0.7985767984375001 0.662526525 0.8255553890625 0.6542481265625 0.8372905375 0.6398979109375 0.8457114453125 0.6359963640624999 0.8648666031250001 0.64077095625 0.9142992765625 0.6454242531250001 0.9272881203125 0.654966028125 0.9367533578125 0.674599990625 0.93702146875 0.685480246875 0.9224495609375
5 0.6611097499999999 0.38051071406250003 0.646483096875 0.383362790625 0.62992629375 0.406833084375 0.6612310484374999 0.4169545421875 0.6715221046875001 0.4287637453125 0.684926640625 0.426792575 0.7105911640625 0.40829363750000003 0.7763116796875 0.38495614375 0.8393502984375001 0.3500928671875 0.8574857015624999 0.34567304375 0.867735503125 0.3354009609375 0.8710065968749999 0.3205456296875 0.8634362234375 0.31254345625 0.8254292015625 0.3034075828125 0.8253491593750001 0.28904504375 0.8115105703125 0.2865223375 0.7997622078125 0.292106484375 0.78209964375 0.2933014390625 0.7643982968749999 0.30221513906249997 0.7362507484374999 0.3301946296875 0.6807800328125 0.34326004062500004 0.6708867140625 0.37346350156249997 0.6611097499999999 0.38051071406250003