17 0.594313934375 0.1836574015625 0.5852618640625 0.1592068515625 0.3705863578125 0.73446535625 0.3834063171875 0.741454853125 0.594313934375 0.1836574015625
17 0.892268428125 0.306773284375 0.8978248296875 0.29397652500000004 0.49975127343750003 0.382200159375 0.50702510625 0.396402015625 0.892268428125 0.306773284375
17 1 0.3966903734375 0.687089859375 0.4652743609375 0.6823738171875 0.484865784375 1 0.4127655203125 1 0.3966903734375
17 0.6280003062499999 0.6554137765625 0.93779954375 0.35197540312500003 0.9348590609375 0.33713100625000003 0.617590171875 0.6442197640625 0.6280003062499999 0.6554137765625
9 0.6341610265625001 0.625926615625 0.53195868125 0.6057971328125 0.5030264437499999 0.861797125 0.69104036875 0.911432115625 0.8110910406249999 0.956975465625 0.8702750343749999 0.9679253937500001 0.9048347859374999 0.6957851125000001 0.6341610265625001 0.625926615625
9 0.1587109015625 0.582794784375 0.150483096875 0.7762700875 0.3117568765625 0.8129226968750001 0.4199652078125 0.8459980796875 0.4333693296875 0.6206936 0.224496225 0.5877650171875 0.1587109015625 0.582794784375
9 0.38642163125 0.206691509375 0.1781802 0.1001031375 0.11750479062500001 0.26996098125 0.048007934375 0.39528563125 0.2509718984375 0.5068815718749999 0.38642163125 0.206691509375
9 1 0.44696623750000003 0.9659579015625 0.2947354484375 0.9597641031249999 0.27618345 0.8971870734375 0.277150096875 0.78708058125 0.27402868593749996 0.62077843125 0.2189517078125 0.63185935625 0.41901002031249995 0.7739369640625 0.44350641875 0.848163871875 0.45833797499999995 0.878474815625 0.454954828125 1 0.462838846875 1 0.44696623750000003
9 1 0.46231648437499995 0.9258518562500001 0.4087564453125 0.80235695625 0.5337530546875 0.7243444234374999 0.645856953125 0.920012934375 0.858310540625 0.9427461546875 0.8219102812499999 1 0.5525521203125 1 0.46231648437499995
9 0.301922571875 0.39069690156250003 0.10054018437500001 0.5607847671874999 0.323611684375 0.8142209687499999 0.49257300312499996 0.6841496421875 0.301922571875 0.39069690156250003
9 0.34893943437499997 0.3623327640625 0.34491557500000003 0.454611853125 0.3849005640625 0.5070263265625 0.5725121171875001 0.5231040874999999 0.5749770296875 0.6149766859375 0.6363389546875 0.625048025 0.66061135625 0.5997785625 0.685001975 0.46169438749999997 0.5702723171875 0.42008508593749994 0.5091355046875 0.3988673453125 0.46081865468750005 0.3846391078125 0.34893943437499997 0.3623327640625
9 0.384489846875 0.20647995156249999 0.30378534375 0.40542327499999997 0.3085727078125 0.4238212484375 0.6236006921875 0.3466108203125 0.6199004890625 0.262422678125 0.590402790625 0.1720580171875 0.384489846875 0.20647995156249999