27 0.3557799109375 0.8547789781249999 0.3794197140625 0.8720000375 0.45243881718749995 0.8839995406250001 0.5359194796875 0.8957319828125 0.569726159375 0.890059175 0.5886785296875 0.8788240546875 0.606111403125 0.8413153171875001 0.5519894234375 0.7937502000000001 0.4750840703125 0.7846791953125 0.44268639375 0.7679646359375 0.40084015468749995 0.7690328796875 0.34717860312500004 0.8170860484375 0.3557799109375 0.8547789781249999
27 0.2223766484375 0.716154065625 0.245086325 0.7523551203125 0.3444066703125 0.7750003734375001 0.382127221875 0.7785643125 0.41007690312499995 0.7651190062500001 0.45801957499999996 0.7701195734375 0.48815182031250004 0.7535063296875 0.45136139531249997 0.7309623953125 0.42987652968749995 0.698408153125 0.433495715625 0.68501809375 0.42593503125 0.6770061593750001 0.3027630671875 0.651008778125 0.2835436359375 0.6517823390624999 0.2692234515625 0.6671431453125 0.22737721249999998 0.6682113921874999 0.2310792734375 0.6913170734375 0.2223766484375 0.716154065625
27 0.5583252953125 0.7981153234375 0.5827110359375001 0.8223905703125001 0.6175307140624999 0.8342335078125 0.6464933921875 0.8383039468750001 0.694647878125 0.8294355796874999 0.7203873749999999 0.8069929625000001 0.728611125 0.78556334375 0.698902509375 0.77443871875 0.6368790890625 0.7830952734375 0.503963878125 0.7522538937500001 0.47452232343749995 0.7515908296875 0.4728462609375 0.7635166390625 0.48285656718750003 0.778822196875 0.5220413703125 0.7843292625 0.5583252953125 0.7981153234375
27 0.4403933359375 0.722471584375 0.457218390625 0.7387348953124999 0.61595596875 0.783629396875 0.6415112749999999 0.7872209609375 0.70766038125 0.7739322203125 0.7324145015625 0.74613910625 0.7340905640625001 0.7342132968749999 0.7102113218749999 0.7186959234375 0.6826300234375 0.6800728703125001 0.5311860687500001 0.6327287421875 0.5105023875 0.6315591796875 0.48449583125 0.6435402375 0.42937002968750004 0.6896502796874999 0.4403933359375 0.722471584375
27 0.12629793281249999 0.6209962078125 0.1450937390625 0.647960515625 0.1645802328125 0.6576485140624999 0.263633515625 0.6698322078125 0.29400519531249997 0.651515278125 0.353394803125 0.66159928125 0.3740508609375 0.650603596875 0.38956823281249997 0.6267243546875 0.3381905640625 0.60907966875 0.32259031875 0.5964631703125 0.3086661359375 0.5719208640625 0.186000671875 0.5546813578124999 0.1424783703125 0.5676754125000001 0.1260032484375 0.5983694015625 0.12629793281249999 0.6209962078125
27 0.31795813281249996 0.592337484375 0.33795112656250004 0.61078335625 0.4404394046875 0.635611171875 0.4832710203125 0.6398934234375 0.519499696875 0.6293489921875 0.5757213671875 0.6372504328125 0.617512359375 0.61185169375 0.621610421875 0.5950542624999999 0.59214124375 0.58222595 0.5616314453125 0.5397166484375 0.548720259375 0.5326900859375 0.391686371875 0.4880350203125 0.38098537499999996 0.49000576875 0.3715368125 0.5077885765625 0.33943382187500004 0.513700821875 0.30448520156250003 0.55222255625 0.31795813281249996 0.592337484375
27 0.7331328140625 0.74102804375 0.7069420671875 0.7790432828125 0.74200118125 0.78918253125 0.8047429171875 0.7754149171875 0.82779335 0.7473823640624999 0.803886484375 0.71969974375 0.733584065625 0.725455425 0.7331328140625 0.74102804375
27 0.20644491718750002 0.557554609375 0.2449114046875 0.568172734375 0.258752715625 0.5562193 0.2635414671875 0.5221455609375 0.2279482296875 0.4910831921875 0.2313279796875 0.47939682031249997 0.181626371875 0.44982632499999997 0.137063446875 0.4331393875 0.0771673421875 0.4142975125 0.042402910937499996 0.42678506718750003 0.005029954687499999 0.429246603125 0.0031471453125 0.4426434890625 0.00960923125 0.4499736203125 0.018744662500000002 0.5085896671875 0.0272907203125 0.5219521031250001 0.1458857453125 0.5681542875 0.180438359375 0.569535665625 0.20644491718750002 0.557554609375
27 0.681165771875 0.67812974375 0.7089865109375 0.7150491109375 0.72847300625 0.7247371125 0.7608430562499999 0.7292864265625 0.827977540625 0.721348184375 0.844903915625 0.6750815734375 0.8129574890625 0.6427943921875 0.7786443109375 0.6397093265625 0.666624596875 0.596168578125 0.6279186718750001 0.5872541390625 0.6155692328125 0.61331594375 0.5953920515625 0.6209042515625 0.584000365625 0.6401513078125001 0.603007984375 0.65324668125 0.681165771875 0.67812974375
27 0.566770128125 0.55260020625 0.581891496875 0.5686240796875001 0.772069 0.6370478890625 0.810028990625 0.6389081421875 0.8963276562500001 0.605865846875 0.9315157125000001 0.565640425 0.9358532140625 0.5471393046874999 0.92536403125 0.5352411187499999 0.8795762937499999 0.514907371875 0.8615264265624999 0.49499725000000006 0.7061409765625 0.426251128125 0.6706029874999999 0.4195192546875 0.6453423671875 0.43855449531249996 0.616167875 0.448352990625 0.560084321875 0.5012777828125 0.555028509375 0.5248899625 0.566770128125 0.55260020625
27 0.2096313 0.4607115109375 0.22986373124999998 0.4774536953125 0.3309153875 0.512503634375 0.36424318906250003 0.5102381984375 0.3914469328125 0.4897387078125 0.4569329765625 0.5058915203125001 0.475885346875 0.4946564015625 0.49600728125 0.46273759999999997 0.47260691406250005 0.443812853125 0.45844329687499996 0.42097423437500003 0.3537172046875 0.37498386250000004 0.2816558515625 0.35616960937500003 0.2595355453125 0.3652221671875 0.2247434921875 0.3655444765625 0.2082683671875 0.3962384671875 0.2096313 0.4607115109375
27 0.12393127343749999 0.3287908515625 0.0447881109375 0.29855729062499997 0.0233861171875 0.3024987890625 0.022778890625 0.302956365625 0.0038633203125000002 0.4375476390625 0.016129293750000002 0.42830456406249995 0.0684094703125 0.41480400937499995 0.137063446875 0.4331393875 0.152341384375 0.41096383124999997 0.154441071875 0.3713001546875 0.12393127343749999 0.3287908515625
27 0.12512846093750002 0.3202724171875 0.1488235140625 0.3618239703125 0.19876455937499998 0.3896907796875 0.22985455312499997 0.3662627890625 0.276572415625 0.36761654374999997 0.2921174109375 0.3559025484375 0.324726903125 0.3587481765625 0.37492583281249997 0.28588563749999996 0.35314628125 0.2307045890625 0.3312101640625 0.2137229671875 0.251321065625 0.1764352203125 0.19073426875 0.1748696515625 0.17055708593750002 0.1824579609375 0.154081965625 0.21315194843750002 0.13877640468750002 0.223162259375 0.12520215625 0.24557725000000002 0.120652840625 0.2779473046875 0.12512846093750002 0.3202724171875
27 0.42727043125 0.40790648437500004 0.5551022031249999 0.45019479687499997 0.5823888203124999 0.46619104375 0.597722003125 0.46834598281249995 0.6118027500000001 0.4546888625 0.6752351734375 0.423644940625 0.73292109375 0.43348950625000005 0.770558771875 0.40055770468749996 0.7731649640625 0.36965190312499996 0.6910380546875 0.3112015984375 0.5826651515625 0.2664360390625 0.5441710390625001 0.243652665625 0.5003540531249999 0.23401991562500002 0.4641253734375 0.24456434531250001 0.3986485078125 0.3396024375 0.39750656875 0.37245136562500003 0.42727043125 0.40790648437500004
27 0.6865532562500001 0.15768557656249998 0.667278578125 0.1341286453125 0.5684647328125 0.12024126406249999 0.553877484375 0.1251405125 0.5139467468750001 0.1125792609375 0.4406882078125 0.1022834453125 0.40765508749999996 0.1271756859375 0.37736627968750003 0.18198835468750002 0.3769426515625 0.209726221875 0.3592427171875 0.2367734 0.3604951515625 0.2525854578125 0.37710839375 0.2827177015625 0.406605196875 0.3077112609375 0.42388150468749997 0.3084019484375 0.4512694375 0.2618682765625 0.48334480625 0.243790784375 0.5234873578125 0.24248310312500002 0.572203590625 0.2667031 0.60774158125 0.27343497499999997 0.66481050625 0.2258606828125 0.693929753125 0.1917316953125 0.6865532562500001 0.15768557656249998
27 1 0.1808895921875 0.9245353156249999 0.17028372187500002 0.9033727578124999 0.17252153125 0.7916477296875 0.1516075890625 0.7902387265625 0.173994959375 1 0.3035169140625 1 0.1808895921875
27 1 0.4473597921875 0.9374924765625 0.41185734218750003 0.9009967359375001 0.4119402140625 0.828161821875 0.37390653125 0.7795560828125 0.3983475203125 0.72927428125 0.43471431562499996 0.73172390625 0.44200794062500004 0.854711678125 0.49403949999999996 0.890544353125 0.5233981828125 0.9248851546875001 0.5386484953124999 0.930742153125 0.5464209921875 0.9276294640625 0.5685689234375 0.915012965625 0.58416916875 0.917462590625 0.591462790625 0.9967470875 0.55810908125 1 0.5349634062499999 1 0.4473597921875
27 0.8137034249999999 0.6498485781250001 0.8402717296875 0.6709558875 0.8463957875 0.6891899453125 0.8940714 0.68372895 0.9470698859375 0.665117334375 0.9691625703125 0.64389953125 0.969853259375 0.6266232234375 0.931119709375 0.6055435390625 0.9194057140625 0.5899985421875 0.9074799046875001 0.5883224796875 0.8635063515624999 0.6168891546874999 0.8236308625 0.6286583968749999 0.8114932390625 0.6408512671875 0.8137034249999999 0.6498485781250001
27 0.729799228125 0.34444653125 0.7770512125 0.366723403125 0.7909753937499999 0.391265709375 0.827443509375 0.3790175921875 0.8756532453125001 0.39447971718749997 0.9225276718750001 0.35763404374999996 0.9295542343750001 0.34472286093750004 0.9265981109375 0.328671365625 0.8905259984375 0.30101636875 0.884880815625 0.2793749375 0.851497765625 0.2573098796875 0.8027815296874999 0.23308988125000002 0.7726216625 0.23753787656249997 0.71514755625 0.2138243765625 0.66576825625 0.21904593437500003 0.61064245625 0.265155978125 0.6123737671875 0.2775606609375 0.6664404984375001 0.3007952859375 0.729799228125 0.34444653125
27 1 0.307558390625 0.9885939078125 0.307849565625 0.9312579203125001 0.3449622984375 0.9259350468750001 0.35811291875 0.890719365625 0.386173096875 0.8761321203125 0.39107234375 0.8961251125 0.4095182140625 0.9372530375 0.41356103125 1 0.4465693796875 1 0.307558390625
27 0.9971322359375 0.555368609375 0.933753521875 0.58680298125 0.9123515281250001 0.5907444765625 0.9077469671875 0.5987840375 0.9269940234374999 0.6101757234375 0.9925226687500001 0.5881673859375 0.9971322359375 0.555368609375