17 0.143700684375 0.29037441249999996 0.2352180984375 0.36752860625 0.26823661875 0.4079467484375 0.30029231093750003 0.46396996718750005 0.3056415609375 0.45401406250000004 0.2883521625 0.42086833749999997 0.24958090156249998 0.36496977343750003 0.1518293265625 0.28013769375 0.143700684375 0.29037441249999996
27 0.28857643906249997 0.5227540609375 0.24481266562499998 0.5221910515625 0.1976019234375 0.5103454562499999 0.1553629421875 0.6001828515625001 0.1425179828125 0.59732675625 0.10819895156249999 0.568393934375 0.08320777812499999 0.5609496 0.017689418749999998 0.6539697828125 0.007522559375 0.6940434015625 0.022393621875 0.7216180359375 0.078932221875 0.7549521203125 0.077150296875 0.774239978125 0.1062871859375 0.7912347515625 0.12260249062499999 0.795401771875 0.13513314062499998 0.7841664484375 0.20627524843749998 0.8110404296875 0.241048846875 0.7942347078124999 0.2916026375 0.7135265328125 0.3331896296875 0.6054779625 0.37429867968749997 0.5531396 0.3430421828125 0.5513129265625001 0.28857643906249997 0.5227540609375
27 0.6032376484374999 0.5358243515625001 0.6176203499999999 0.475386190625 0.644463578125 0.4336276875 0.635787709375 0.430350371875 0.616269615625 0.458907165625 0.6233038140625 0.4216423765625 0.6139525765625 0.4101255484375 0.58096090625 0.40764341093749995 0.5215104484374999 0.4310962140625 0.3912426015625 0.585489453125 0.38668907343750003 0.6017342390625 0.404936978125 0.6705064375 0.43224518593749994 0.726732390625 0.46383936875 0.7326788203125 0.5691394171875 0.5608695875 0.6032376484374999 0.5358243515625001
27 0.6460793296875 0.7815591125 0.7011866484375 0.68460615 0.7078597859375 0.653193265625 0.702049025 0.6130723828125 0.62822881875 0.543268684375 0.6070690546875 0.5312833765625 0.5865612812500001 0.5375092375 0.5611389203125 0.565831784375 0.5140554749999999 0.6478508890625 0.49482831093749996 0.7004707546875 0.4954803046875 0.71868193125 0.507940825 0.7373615859375 0.594629365625 0.800049715625 0.6185841109375 0.8051064390624999 0.6460793296875 0.7815591125
27 0.72551286875 0.8275339671875 0.7307651421875 0.8095570375 0.7242322609375 0.7811399640625 0.673982359375 0.73221655625 0.645741646875 0.777439353125 0.625909240625 0.7919047296875 0.5512967843750001 0.763719821875 0.5086395703125 0.735629440625 0.49521274843749996 0.6846471921874999 0.47152556093750003 0.713625203125 0.46244188125 0.7361431140625 0.467624025 0.7480811625 0.6086614265625 0.88918645625 0.644063640625 0.9005635703125 0.6663065859375 0.8949931703124999 0.68127115625 0.8826811640625 0.72551286875 0.8275339671875
27 0.8622122171875001 0.3003037890625 0.8761169796875 0.2955758328125 0.8615602234375 0.282092615625 0.82198891875 0.27113672499999997 0.6115316187500001 0.257507571875 0.590371853125 0.24552225781249998 0.566661290625 0.2844719328125 0.55475925625 0.3238900890625 0.537407521875 0.317335459375 0.5068263921875 0.3237482984375 0.5029014796875 0.3681759171875 0.4917215671875 0.3958902671875 0.463527603125 0.42116974531249995 0.5343787796874999 0.42398065 0.5945046109375001 0.4087673578125 0.6392580578125 0.4316613 0.7934443109375 0.445991103125 0.826121671875 0.434381825 0.8414473015624999 0.41621791406249997 0.834239053125 0.37956132343750004 0.850938796875 0.36790478125 0.84717751875 0.342530778125 0.8267164984375001 0.32881331875 0.8253891359375001 0.3023626296875 0.8406913890625001 0.294170384375 0.8622122171875001 0.3003037890625
15 0.43519592500000004 0.20886152187499998 0.43731553281249996 0.193693425 0.4293617890625 0.178712303125 0.4322035171875 0.15184039375 0.4461550328125 0.12716911718749999 0.44234700312499997 0.1217384328125 0.40973976875 0.103432734375 0.398268925 0.10708400625 0.37765985625 0.156520396875 0.347893503125 0.21048200781249998 0.3216286671875 0.252459 0.31072062968749997 0.2629765328125 0.2957404765625 0.2819363140625 0.3196952203125 0.2869930375 0.3409017390625 0.2790350296875 0.43519592500000004 0.20886152187499998
21 0.47663757812499996 0.7554782343750001 0.44819943125000006 0.7367513140625 0.4325127421875 0.7607671296875 0.460589825 0.7853459515625001 0.46714608281250003 0.8037913671875 0.46295361562500004 0.8141842468749999 0.4459161890625 0.8217210359375 0.40321222187499994 0.8135739750000001 0.38995945 0.83651310625 0.42387067187499994 0.8912411546874999 0.4759258734375 0.91090504375 0.4842173015625 0.93000591875 0.5012079765624999 0.942412453125 0.5303682390625 0.9494355671875001 0.5616714875000001 0.9313189203125001 0.5908551281250001 0.9283703718749999 0.5936501078124999 0.921441784375 0.584298871875 0.90992495625 0.57386445625 0.9159638390625 0.5554762921874999 0.9070216 0.5548944296875 0.8588954453125 0.5400467421874999 0.82134915 0.47663757812499996 0.7554782343750001
10 0.3914529859375 0.49574451249999996 0.3720985234375 0.45449968125 0.274323571875 0.37963926406250004 0.2580316421875 0.36550058281250003 0.256319846875 0.3548734609375 0.2431138296875 0.35786926874999997 0.22889475625000003 0.34850580937500003 0.22366586093750002 0.3565110828125 0.23995779062499997 0.3706497625 0.25859013124999997 0.42359839531250004 0.22625045312499997 0.439327434375 0.1958667515625 0.5096899953125 0.2031451265625 0.5164316 0.340608265625 0.5523896109375 0.3722491984375 0.538392721875 0.3914529859375 0.49574451249999996
10 0.4816014578125 0.41602056562499995 0.5014572390625001 0.3915835328125 0.511600721875 0.3614815703125 0.51133316875 0.3274468359375 0.48364052187500006 0.2870444484375 0.44965917656250004 0.26223138281249997 0.394447934375 0.255347984375 0.367313775 0.2730434109375 0.3359637734375 0.311103378125 0.32755546406249997 0.34186079999999996 0.3305946203125 0.378938609375 0.3381873046875 0.3997716359375 0.3617576125 0.4206519234375 0.405835690625 0.435306353125 0.44752660468750005 0.43109414218750003 0.4816014578125 0.41602056562499995
27 0.151531534375 0.604723828125 0.1654440875 0.596671984375 0.184527525 0.5559744109375 0.21788889375 0.4501415390625 0.23820703281250002 0.3766420703125 0.20978447500000003 0.3512673765625 0.1683186828125 0.358226090625 0.1479312609375 0.3625013171875 0.11155843125 0.37005317187500003 0.0592919953125 0.5392734406249999 0.07245126406249999 0.5562209515625 0.1089712984375 0.584654471875 0.128155178125 0.5998855890625 0.151531534375 0.604723828125
27 0.32161308437499997 0.25910677187500003 0.3823025671875 0.15162052343750002 0.4044061015625 0.10674086875 0.3821709484375 0.10898737968750001 0.3256981578125 0.09696986875 0.308330840625 0.0970630109375 0.2969881390625 0.095439759375 0.23460676249999998 0.13441956093750002 0.1532268171875 0.2766734 0.16686749375 0.2858183703125 0.19273578281249998 0.314220384375 0.2301718921875 0.34699215156249996 0.24729850312499999 0.3508002765625 0.2545266578125 0.3295775390625 0.27333821875000003 0.3060767796875 0.29610153906250003 0.27608441093749997 0.32161308437499997 0.25910677187500003