11 0.6247835796875 0.8103420124999999 0.631739615625 0.8240621125 0.6489142453125 0.8504707203124999 0.653043040625 0.854530378125 0.658299259375 0.8572660703125001 0.6647808484375 0.8562720828125 0.6876552359375 0.8415633578125 0.7211656015625 0.8227000484375001 0.7390917390625 0.810875221875 0.74580186875 0.8042679156249999 0.7574673171875 0.8011950703125 0.7653989984375 0.79754374375 0.8024945859375 0.77631546875 0.8507194296874999 0.752000440625 0.856928478125 0.5994973578125 0.854573428125 0.5980145375 0.8356657515625001 0.581213090625 0.8277814250000001 0.57710955625 0.8105409124999999 0.572094425 0.77404446875 0.55883148125 0.751721865625 0.5468038468749999 0.73691739375 0.54128231875 0.727604740625 0.5393015203125 0.7168855296875 0.53890885625 0.7071196125 0.5414690390625 0.7037699890625 0.5446390421875 0.7021348890625 0.5518404968749999 0.6922198515625 0.5712469078125 0.68621653125 0.580269321875 0.6823701125 0.5890495109375 0.644163878125 0.6573321515625 0.640005678125 0.6671784078125 0.6327769859375 0.679930503125 0.6277960796875 0.6836163015625 0.6155761875 0.6805318234375 0.6124403984375 0.6850414640625 0.613085153125 0.7021643953125001 0.6179919515625001 0.7530330578125 0.617237203125 0.778162478125 0.618378753125 0.7896752203124999 0.6247835796875 0.8103420124999999
11 0.4364620296875 0.353514075 0.44978376249999996 0.3624948421875 0.468996165625 0.3718118625 0.503593078125 0.3855874703125 0.5266263109375 0.3933445578125 0.5291564734375 0.3971181140625 0.5340023781250001 0.42311525312500003 0.5370581640625 0.427162375 0.5424885078125 0.42562124843750004 0.5474802953125 0.42166815 0.5637283796875 0.398324309375 0.565381428125 0.3972739109375 0.5707138265625 0.3981384953125 0.5790149421875 0.40518860781250005 0.5992677078125 0.4153200640625 0.60435361875 0.4156469140625 0.629627578125 0.40791935312499994 0.6329157265625 0.3996675 0.639466434375 0.3903840515625 0.6471157375 0.37389287968749996 0.6490843890625 0.365090753125 0.6470945546875 0.3546378109375 0.6562374828124999 0.3344200984375 0.6597541734375 0.320554921875 0.659957709375 0.302372190625 0.657703440625 0.285230459375 0.6609704046875 0.25772353593749997 0.6644779578125 0.1847566515625 0.6681828984375 0.179451375 0.6726164140625001 0.17602660625 0.6800839484375001 0.17718356562499998 0.6827991203125 0.176413003125 0.68557959375 0.174038634375 0.6911949484375 0.16795339375 0.6943960312499999 0.1618399484375 0.6934427328125 0.15888710156250002 0.6912967140624999 0.15886203125 0.6817664046874999 0.16222725 0.6691111890625 0.169834809375 0.654777340625 0.18571302812499998 0.62915130625 0.2086798734375 0.6206395875 0.21339413437500002 0.6152092437500001 0.21493525937500002 0.5893187765625 0.23121331562499997 0.5728644968750001 0.23984619999999998 0.5277833937499999 0.24627263593749998 0.5232666375 0.245150153125 0.520555284375 0.23923505781249998 0.515212003125 0.2386377765625 0.489401540625 0.2463590671875 0.47844290312500004 0.251847025 0.475640665625 0.25475599375 0.47519828750000004 0.2590296734375 0.47875792656250005 0.26388496875 0.47984888124999997 0.2700485578125 0.476306603125 0.291133990625 0.47698782656249994 0.3007693640625 0.47370349999999994 0.3023355578125 0.45683625 0.301336209375 0.45115941875 0.3023395953125 0.45154356250000005 0.3060880765625 0.45673448437499997 0.31042757499999996 0.45657123750000006 0.3144370890625 0.44605439843749994 0.3354410359375 0.4364114359375 0.348164921875 0.4364620296875 0.353514075
9 0.4135863015625 0.783538584375 0.3936382640625 0.7659226984374999 0.347471190625 0.71992054375 0.3264866125 0.6948045656249999 0.2956022828125 0.662352365625 0.27805057031249997 0.638613634375 0.273160553125 0.63347536875 0.27022065781250004 0.6331735953125001 0.2334477359375 0.6530684984375 0.23010899375 0.6559712015625 0.22847389218749997 0.6631726578125 0.22629082031249997 0.6904248140625 0.22807388125 0.7059564734375 0.22609816875000002 0.70834024375 0.2152374796875 0.7114224921875001 0.2074581609375 0.7113316046875 0.18161180625 0.7067507859375 0.17543111875 0.706946003125 0.1707837640625 0.7090311296875 0.1203691 0.7541723250000001 0.11960405468749999 0.759779375 0.1334040546875 0.7767885734375 0.168750728125 0.8116997593749999 0.20369855312500001 0.8498154234375 0.217886521875 0.8638874453125001 0.2427681125 0.8855723890625 0.2855567328125 0.9288607921875001 0.3083249515625 0.949718759375 0.313584990625 0.9457687953124999 0.31733346406249996 0.9393943124999999 0.348803396875 0.9047289093750001 0.36438438125 0.8845864109375 0.41275479531250003 0.8303287812500001 0.42812194375 0.808846646875 0.42947790937499997 0.80190935625 0.4249105578125 0.7954377234375001 0.4135863015625 0.783538584375
9 0.09369523125 0.413959603125 0.08495879375 0.4176015265625 0.0743772390625 0.420419609375 0.06917045625 0.423061509375 0.058284303125000006 0.690440915625 0.061496803125 0.69063890625 0.0857118765625 0.6957355234375 0.11248269531249999 0.6973854328125 0.15646138125 0.704852378125 0.20479740156249998 0.7107656625 0.22248029374999997 0.7115071140625 0.22520634843749998 0.7104692499999999 0.22714941249999998 0.708887384375 0.2286648015625 0.7046262375000001 0.2286800859375 0.677883609375 0.2313170046875 0.6263008 0.23217733906250002 0.5853943562499999 0.234650428125 0.557610728125 0.23969721093750002 0.5325314515625 0.2410352328125 0.5194431093749999 0.2469226625 0.5066753453125 0.2533689453125 0.4735895796875 0.2503349265625 0.4690078546875 0.23563928281250002 0.46081331875 0.20669361406250003 0.45325458125000007 0.16056567187499998 0.4326585515625 0.1268241078125 0.424241496875 0.120226628125 0.42149013437500005 0.1119216859375 0.42112567968750003 0.09796550468750001 0.41454435 0.09369523125 0.413959603125
9 0.45558550468750003 0.3073074671875 0.45069817187499994 0.30586353593750004 0.4239981734375 0.2895418171875 0.3923405984375 0.2707903734375 0.333942996875 0.2291441671875 0.3332398 0.2305522625 0.32832452343749996 0.237061378125 0.3214549578125 0.24715281406249998 0.3157316765625 0.2576439109375 0.316174775 0.259451665625 0.30020998125 0.2816860359375 0.268147496875 0.32554171875 0.2355067515625 0.3736187078125 0.21536815781250002 0.399106359375 0.19940451875 0.42011087812500003 0.2009533296875 0.42159426250000004 0.1994619359375 0.42927793750000004 0.20084328281250002 0.430729871875 0.210079471875 0.43866940625 0.21613904375 0.444222340625 0.229998690625 0.45420651406249996 0.24648128125 0.46550329375 0.2663211640625 0.479846684375 0.3077230921875 0.50957361875 0.3130230796875 0.5120487359375 0.3168242296875 0.5055960921875 0.325498065625 0.49381711875 0.3308738953125 0.48632121406250006 0.3349127328125 0.48092988593749997 0.341352334375 0.4735271671875 0.3491573171875 0.4627413296875 0.359871296875 0.4504503875 0.37223046718749997 0.43492377812500005 0.3798200203125 0.42576398437499996 0.389028440625 0.414824790625 0.3960852171875 0.4092554 0.4042265921875 0.3992029 0.4142045375 0.385609209375 0.42500632187500004 0.370630678125 0.43517062187500005 0.3528643625 0.448220271875 0.3301057515625 0.452691115625 0.3204267984375 0.45968489375 0.3093871453125 0.45558550468750003 0.3073074671875
9 0.513478103125 1 0.549646640625 0.9740466812499999 0.5778031015625 0.9576167390625001 0.5893108703125 0.9516870546874999 0.5956810031249999 0.9501893046875001 0.5999061890624999 0.940496765625 0.6088177156250001 0.9374565140625 0.6329227890625 0.9265082843749999 0.650956078125 0.9152645187499999 0.6576428359375 0.9115245 0.65350731875 0.8968773703125 0.64504105 0.8779122906250001 0.6354121421875 0.8598320234375001 0.6179526531249999 0.8155835328125001 0.6134713796875 0.799720484375 0.6091869171875001 0.786894125 0.6008374671875 0.7912682875 0.5866382484375 0.7976502484375 0.5817948562499999 0.79855188125 0.5764705609375 0.7884246312500001 0.5743660921875 0.788778825 0.5677036796875 0.789079765625 0.5618934140625 0.787117990625 0.5564090203125 0.7864857484375001 0.5508524968749999 0.7922918890624999 0.5412230109375 0.8001337328125 0.53558446875 0.8032874734375 0.528229 0.8066105390624999 0.524217684375 0.80713184375 0.5161565078125 0.809120940625 0.512943378125 0.8087046265625 0.5041021906250001 0.8065180468750001 0.497727615625 0.807020865625 0.48538977499999997 0.8135163125 0.40797602812499995 0.8436831140625 0.41141629999999996 0.8500671515624999 0.41581824687499996 0.856881740625 0.419262378125 0.8699818640625001 0.42805946875 0.8952715781249999 0.4342055109375 0.9109685984375 0.4437184390625 0.9450499109375 0.445264375 0.953391203125 0.4564020328125 0.9846159312499999 0.461118340625 0.9982441124999999 0.461217825 0.99867796875 0.4737961125 1 0.513478103125 1
9 0.5921367109375 0.58792148125 0.5844792984375 0.590067725 0.56759675 0.5915472625 0.5555237421875 0.5919651359375 0.5325328203125 0.5919760015625 0.52532215 0.596922096875 0.48699362500000004 0.60178410625 0.44071071718750005 0.60978555 0.378836959375 0.6199374625 0.3702257265625 0.6259992234375 0.3720462578125 0.6706071796875 0.376393196875 0.7473252968749999 0.4128447640625 0.7823476578124999 0.423007909375 0.781975771875 0.5320918828125001 0.7705934359375 0.5794697828125 0.76583696875 0.6185111203125 0.7602245234375 0.6176343484375 0.750605721875 0.607304315625 0.6629949671875 0.598919303125 0.586603403125 0.5921367109375 0.58792148125
9 0.31292468125 0.512423490625 0.305873334375 0.5081035671875 0.2914778140625 0.498824671875 0.2748333140625 0.48622468281250003 0.2736195609375 0.4865877890625 0.244219625 0.5112009078125 0.2394791796875 0.528495715625 0.3478065140625 0.6436690828125 0.34852115625 0.6444571125 0.3699436984375 0.6258815249999999 0.3721288984375 0.622633 0.37790969375 0.6184715328125 0.390425109375 0.6122542984375 0.406348709375 0.5916619421875 0.4209148765625 0.578702809375 0.491694778125 0.5147549890625001 0.5088037984375 0.49581979687500005 0.5202906890625 0.48455438281249996 0.5211859484375 0.48284763125 0.47839670625 0.441026571875 0.4636879109375 0.4355511109375 0.4510818296875 0.428851534375 0.44328669375 0.42260933281249996 0.43372965625 0.41428207656250005 0.4195411328125 0.3996333484375 0.41430279375 0.39055205625 0.4127655578125 0.38761209375 0.3956050765625 0.40977399999999997 0.3887434546875 0.414579415625 0.3790559328125 0.42619162812500005 0.33846339687500004 0.47723848281250003 0.3287942265625 0.48838516875 0.3211205375 0.5016293015625 0.3141858015625 0.511326403125 0.31292468125 0.512423490625
9 0.5653220375 0.395965771875 0.51025086875 0.4716859890625 0.5212923671875 0.48248757031249995 0.521000575 0.48381952031250003 0.48748358124999996 0.5182898265625 0.4511290859375 0.5894112046875 0.45096297031250004 0.591806925 0.47293991562500004 0.60388373125 0.5175442343750001 0.5967321937500001 0.5211130390625 0.5959444171875 0.5248982234375 0.594951796875 0.52953206875 0.5935543484375 0.5331261828125 0.592144753125 0.5383500984375 0.591583678125 0.5456534578125 0.5910469015625 0.5992234828125 0.585795578125 0.6002198328125 0.600071965625 0.6008627390625 0.605187434375 0.608529265625 0.674846159375 0.6298204125 0.68315780625 0.6378035609375 0.6684837046875 0.6532675140624999 0.638516125 0.6887036078125 0.571512878125 0.6988252640625 0.5518244390625 0.7015660953125 0.54086246875 0.7166757515625 0.5078583140624999 0.7327860937499999 0.4748658609375 0.7120763515624999 0.46713953750000003 0.6787500578125 0.45577310937500004 0.6435068078125 0.4382989390625 0.6322457609375001 0.4330199046875 0.611452009375 0.422291390625 0.5916374 0.41100238125 0.5661738140625 0.39519230156249996 0.5653220375 0.395965771875
9 0.591970978125 0.152887875 0.528077234375 0.23905551093750002 0.5682606765625 0.24086212499999998 0.5982581687499999 0.22917833124999998 0.661806315625 0.1844580078125 0.6657021656250001 0.220606315625 0.6639961984375 0.2954662453125 0.6487143703125 0.37417898437499997 0.652629325 0.3768990046875 0.6832062765625 0.38394194531250003 0.70671511875 0.3668337828125 0.7989386046875 0.2769857078125 0.732076971875 0.20533610468750002 0.6933083171875001 0.16878037031249998 0.6609738953125001 0.138985509375 0.591970978125 0.152887875
11 0.7093565171875 0.5326700453125001 0.8157868296874999 0.555307746875 0.8123807140625001 0.5071308984375 0.801724140625 0.47224074531250004 0.8016888375000001 0.4401489640625 0.8108791171874999 0.412176390625 0.836635165625 0.40579160156249994 0.81996056875 0.386876821875 0.79540164375 0.3638585109375 0.783439115625 0.3610444671875 0.752881278125 0.3205732390625 0.6886801515625 0.38133161718749997 0.7372185453125 0.4086415125 0.7053165328125 0.46710296875 0.7319241109375 0.4727623953125 0.7093565171875 0.5326700453125001