27 0.59726696875 0.564985753125 0.5834764328125 0.5603413171875 0.4424620359375 0.522203478125 0.4183078328125 0.5195285078125 0.3989988140625 0.5129197249999999 0.282925428125 0.488683734375 0.2652844390625 0.483250415625 0.2499280296875 0.48222636249999995 0.236912953125 0.4882759359375 0.20896144843750003 0.513017709375 0.1564399046875 0.5669836687500001 0.151708228125 0.5762461984375 0.1461520859375 0.598224503125 0.1450742984375 0.62475836875 0.1495526515625 0.629313928125 0.26986602187500003 0.646915171875 0.292980090625 0.652181353125 0.44346918750000003 0.672327003125 0.484375409375 0.664412565625 0.6074609109375 0.6321798875 0.609635584375 0.6057191671875 0.6011741749999999 0.568438996875 0.59726696875 0.564985753125
27 0.6864197765625 0.9194661359375 0.6976873671875 0.9085109984375 0.7227945 0.8787905125 0.7587342859375 0.843407034375 0.783818715625 0.81262080625 0.8561672765624999 0.7381603218749999 0.8593557781250001 0.7335839156249999 0.8592536203125001 0.72878806875 0.8485948328124999 0.7169028703125 0.83696401875 0.7108061171875 0.7702164671875 0.6882631078125 0.7068390296875 0.6696696421875 0.689814590625 0.667470125 0.68655798125 0.6688493 0.6779758546875 0.677322946875 0.66739291875 0.6947091171875 0.6218989781250001 0.744354684375 0.5851914765624999 0.79511829375 0.5637872374999999 0.8187003328125 0.5399586046875 0.8570199109375001 0.520233746875 0.8823102828125 0.52054021875 0.8966978203125 0.5234072921874999 0.9027422734374999 0.5267206546875001 0.90402745625 0.6014337859375 0.914863015625 0.6788096765625 0.9221513390625 0.6864197765625 0.9194661359375
27 0.4606491484375 0 0.0981885265625 0.057408121874999996 0.15549564062500001 0.2141286125 0.173382740625 0.25682637656249996 0.17637467499999998 0.2687324203125 0.180853025 0.27328797968749996 0.19009710468750002 0.27017962500000003 0.23765635624999998 0.2403600328125 0.2555620171875 0.23250813125 0.3015326921875 0.20524317656250002 0.34056656875 0.18656158750000001 0.40911782656250006 0.13951784375 0.49425858749999996 0.09996576093750001 0.54458275625 0.0713947765625 0.5672314421875 0.054813215625 0.574202290625 0.0478284640625 0.57675154375 0.0389525125 0.5755564328125 0 0.4606491484375 0
27 0.4000785984375 0.229374565625 0.405502671875 0.2526172078125 0.43306518125000004 0.31245574062500003 0.4700270765625 0.402187390625 0.4733631390625 0.40453831874999996 0.4854288875 0.40534293125 0.52706516875 0.40599101718749997 0.5337372921875 0.41069286875 0.544252659375 0.46726614375000003 0.5457695265625 0.4870555421875 0.549207746875 0.49420231562500005 0.564673521875 0.448939678125 0.5767805328125 0.40026036875 0.5785429765625001 0.38015753750000003 0.5931765390625 0.3215365328125 0.5979082124999999 0.31227400156249996 0.6038162296875 0.3068147203125 0.637032896875 0.29785538749999996 0.6583540765625 0.2960845140625 0.7221246515625 0.281713084375 0.8102913984375 0.2556656578125 0.8191118906250001 0.25838231875 0.8503468484375001 0.284942521875 0.856996271875 0.28857863125 0.8624466500000001 0.28734575 0.8633954390625 0.20333488906250002 0.8678051515625 0.1275365421875 0.8674078734374999 0.1088860328125 0.8617418265625 0.0999943515625 0.8539614656250001 0.09468648125 0.8424101046875 0.0923198265625 0.7900773828125 0.1037291953125 0.75578653125 0.11368112500000001 0.725368834375 0.12548768593749998 0.563673040625 0.1705769390625 0.4118378765625 0.21579164374999998 0.401542315625 0.2209583390625 0.4000785984375 0.229374565625
27 0.6991638921875001 0.56645966875 0.7481796484375 0.5793063859375 0.7590917609375001 0.57737349375 0.7644967359375 0.574009125 0.772462315625 0.562301675 0.784380503125 0.5561789546875 0.7929285796875 0.54610669375 0.804037259375 0.5276913546875 0.80271335625 0.5169607734375 0.8090336046875001 0.5051436046875 0.8088179406249999 0.495019040625 0.7976674625 0.485761628125 0.6956719875 0.45395059687500006 0.6572211421875 0.5514240499999999 0.6991638921875001 0.56645966875
27 0.24260116250000002 0.42107668125000003 0.233860125 0.422090125 0.22792940625 0.4264836640625 0.2157842015625 0.42194895 0.19606295 0.42169805312499997 0.14735366249999998 0.4232388734375 0.12715207343749999 0.4261486328125 0.1190956859375 0.4335931109375 0.1123064484375 0.44910380937500005 0.1112854140625 0.47830203125 0.1136153953125 0.48484278593749996 0.122606153125 0.4955525203125 0.172246203125 0.5377071796874999 0.181615140625 0.5404604140625 0.1977619640625 0.5271700781249999 0.2181147203125 0.5056463796874999 0.22407949062500002 0.5028514546875 0.23530167500000002 0.4897648296875 0.2433807640625 0.48338609843749997 0.24936823593750002 0.48165691875 0.2619824296875 0.482498103125 0.31650532187499997 0.49677629687499997 0.4056141828125 0.5149572203125 0.41887897812499997 0.5206308234375 0.44743207656250006 0.524131253125 0.5058394734375 0.5407969453125 0.5261772734375 0.5442816421875001 0.52463770625 0.5234265015624999 0.5180486421875 0.49691348281250003 0.5086188093749999 0.43988048125 0.49616713125 0.4209582328125 0.48568995781249996 0.41759897968750004 0.4041421859375 0.42014263124999995 0.4014680734375 0.42315699687499997 0.401888053125 0.4428732484375 0.3976026640625 0.447376509375 0.3909872953125 0.4453390125 0.391789059375 0.4315574953125 0.390007521875 0.42505331562500004 0.382786953125 0.42031488906250003 0.24260116250000002 0.42107668125000003
27 0.6676288734375 0 0.6489339843749999 0.008114360937499999 0.5856401421874999 0.044866401562500005 0.569504671875 0.0586896125 0.5348810421875 0.0787295296875 0.49037408281249995 0.097578259375 0.4568246375 0.11662558125 0.41508259687500004 0.13672291875 0.3551702203125 0.1779573765625 0.335150240625 0.1893930828125 0.31994139375 0.1952963640625 0.24744887656249998 0.23728824999999998 0.2327998234375 0.243760975 0.1755615578125 0.2819810671875 0.16922995937500002 0.2932653640625 0.169332115625 0.298061209375 0.17448376875 0.30851493125 0.1795219140625 0.31363993749999997 0.21138476874999998 0.34396681406249996 0.22360942968750003 0.35223163125 0.2777732375 0.4010733375 0.28774737031250003 0.40652750156249995 0.30694288125 0.4078075671875 0.355708921875 0.40893110468750005 0.3824577796875 0.404861609375 0.4224146765625 0.40380135937499995 0.4487513015625 0.4060897484375 0.4666683140625 0.3987707203125 0.44913669375 0.3470507109375 0.4048293703125 0.24671904687500001 0.40058163750000003 0.227279653125 0.4096781546875 0.2172439640625 0.45316768593749995 0.20205219218749998 0.5239885640625 0.18442610937499998 0.666076609375 0.1444146765625 0.7280769953124999 0.12407193593750002 0.7394353921875 0.117379771875 0.742030046875 0.11063530625 0.7185599625 0.037234696875 0.706966803125 0.0071952875 0.701903596875 0 0.6676288734375 0
27 0.67420485625 0.6802641625 0.6745943890625 0.6728405328125 0.666931140625 0.6473201109375 0.6592983375 0.648939571875 0.6262405828125 0.6653591078125001 0.622091403125 0.676256828125 0.6128473265625 0.6793651828125 0.6029639984374999 0.6781739906250001 0.599616584375 0.67529019375 0.594979321875 0.663274428125 0.5786317875 0.6414318078125001 0.57203911875 0.6404600546875 0.5616754515625 0.642429521875 0.4761714640625 0.6649297109375001 0.4208091515625 0.6883756890625 0.366441565625 0.7070989703125 0.35450067500000004 0.7121559453125 0.3507637296875 0.716695778125 0.348146371875 0.7223745 0.3483052828125 0.729834703125 0.35528388125 0.74892409375 0.40987541250000004 0.8435561921874999 0.4681698390625 0.9320498421875 0.473756428125 0.9372114203124999 0.4825428703125 0.9383294640625 0.5271860375 0.925875196875 0.552690446875 0.9148052218749999 0.552039846875 0.9099728031250001 0.5487151359375 0.9081547484374999 0.520105284375 0.9019899609375001 0.518153484375 0.88749270625 0.520714084375 0.8791496265625 0.528187975 0.8700699625 0.5269548796875 0.86360235625 0.514843725 0.8606662546875 0.502433846875 0.8694167609375001 0.4837867796875 0.8681732656250001 0.4913968796875 0.8654880625000001 0.4967337515625 0.8589264640625001 0.493193371875 0.8469838484375 0.4946911421875 0.840166234375 0.5086214921875001 0.8256638609375001 0.5153880281250001 0.8090874203125 0.525513328125 0.79592765 0.55918763125 0.7827419156250001 0.5811630171875 0.76026219375 0.5882360234374999 0.7580732875 0.6084830171875 0.7572950140625 0.6160363640625001 0.751945453125 0.6592911296875 0.7000221062499999 0.662925915625 0.690686428125 0.67420485625 0.6802641625
27 0.162765903125 0.8382519328125 0.177883946875 0.8280856796875 0.1944657046875 0.8095032 0.20952699375 0.7966725890624999 0.22280674218750002 0.7773377953125 0.2485644765625 0.7524497296875 0.289190534375 0.7056722359375 0.29181924062500003 0.7005263828125 0.29110053593749996 0.6924967359374999 0.2891941390625 0.680130965625 0.2863838171875 0.67675086875 0.2224806359375 0.6591865734375 0.16182271406249998 0.6397102296875 0.14595191406250002 0.64024821875 0.1449685359375 0.6455037906250001 0.147275815625 0.6509788000000001 0.1507898875 0.6873969421874999 0.1477375953125 0.6983678078125 0.1517015578125 0.7044854093749999 0.15512481875 0.7366405781250001 0.1451357296875 0.7561948109375 0.128107684375 0.7795365609375 0.123799596875 0.7829740765625 0.113367825 0.7817463124999999 0.1106823625 0.7842278046875 0.112759021875 0.804586646875 0.1111100859375 0.830018196875 0.162765903125 0.8382519328125
27 0.10360268125000001 0.9146559203125 0.1071466640625 0.9010572703124999 0.11375735625000001 0.7743226796875 0.1143166140625 0.6977354499999999 0.1180685140625 0.668187221875 0.117674840625 0.6239954437499999 0.11198609374999999 0.614038021875 0.1052799171875 0.6077375546875 0.0963799671875 0.6012907921874999 0.0864739375 0.5990338562499999 0.081972884375 0.5934125546875 0.06809154218749999 0.5845051453125001 0.0764606875 0.9516903156250001 0.10360268125000001 0.9146559203125
27 0.11463949843750001 0.35294661875 0.10139740781249999 0.34833875625 0.0626431578125 0.32872673125 0.0681142453125 0.5855708875000001 0.0808759984375 0.5933394062499999 0.0904265484375 0.6046185890625 0.0986418453125 0.604634315625 0.11027266093750002 0.6107310703125 0.1227356875 0.6301861921875 0.11385176718750001 0.7530443890625 0.1149450484375 0.7786588 0.11829246093750001 0.7815426015625 0.1243366875 0.782477778125 0.13823298281250002 0.7663767906250001 0.1540619859375 0.7381660453125 0.152957353125 0.712018759375 0.14706429375000002 0.6924696484374999 0.146761425 0.65254084375 0.135890040625 0.5278331374999999 0.12963015 0.5167733953125 0.1270618 0.4990423375 0.11144432500000001 0.4857622375 0.11019987656250001 0.47876175625000006 0.11224969375 0.44643945 0.1259189765625 0.419681028125 0.12206437968749999 0.3672767359375 0.119700346875 0.3591373671875 0.11463949843750001 0.35294661875