2 0.4943345484375 0.8187835265625001 0.850432275 0.7975674890625 0.9448380359374999 0.6498075765625 0.959442575 0.6015590203125 0.9936437874999999 0.5612541484375 0.9797752265625 0.4475682234375 0.9190880953124999 0.22108076875 0.8434211093749999 0.1820656328125 0.7131815593749999 0.189825209375 0.8361715859375 0.21712025000000001 0.8446723328125 0.225725021875 0.84613339375 0.25297168124999997 0.8314757328125 0.2702452 0.8577238296875 0.28690383124999996 0.8605928281249999 0.31042210937500003 0.8410186187500001 0.379011475 0.85263151875 0.489476671875 0.835021075 0.49781487812499997 0.7913832249999999 0.49130355156250005 0.7735520890625 0.4978326609375 0.778795575 0.5102759875 0.8064516109375001 0.5232062390625 0.80592644375 0.5341710125 0.791793946875 0.5404797578125 0.7633920515625 0.536705178125 0.75665684375 0.5425732 0.748566821875 0.5831446375 0.7523185906250001 0.6138993140625 0.734898178125 0.669604628125 0.7184749781249999 0.6724053578125 0.6864582234375 0.6542681703125 0.6770440484375 0.683985015625 0.651069765625 0.700110521875 0.5912294078125 0.6982090265625 0.558246103125 0.6874184156250001 0.5611151015625 0.7109366968749999 0.54038430625 0.7395055328125 0.49503404375000004 0.7494964562499999 0.4800187796875 0.7485688078125 0.4628803796875 0.7149672 0.4458788875 0.697757665625 0.43086362500000003 0.696830015625 0.42042977343750004 0.7029183984375 0.412119059375 0.7416807359375001 0.42313120312499997 0.7556026203124999 0.5015178984374999 0.78737734375 0.4943345484375 0.8187835265625001
2 1 0.6133584765625 0.992540325 0.552208653125 0.952486675 0.6056179421875 0.9469918343750001 0.6369235265625 0.8998984968749999 0.7089747078124999 0.8850732671875001 0.755414165625 0.9007506078124999 0.7617691093750001 0.9185929749999999 0.793506525 1 0.78865635625 1 0.6133584765625
2 0 0.49325350625000003 0.029364795312500004 0.3526570703125 0.049874898437499995 0.3222791359375 0.05136661875 0.30396778750000003 0.1319377734375 0.2773004515625 0.4055842015625 0.230018596875 0.49487358124999997 0.2028318359375 0.0318635359375 0.23041762812500002 0 0.3837758078125 0 0.49325350625000003
2 0.088244675 0.6826202984374999 0.0782522109375 0.6923268796875 0.0869429859375 0.74829875625 0.0651087328125 0.767822096875 0.054760190625 0.8101785609375 0.062063496875 0.8445379109375001 0.39346978906249996 0.8247929734375001 0.25092363125 0.7640403703125 0.213716515625 0.7644348984375 0.2104899140625 0.7227154484375 0.1096600109375 0.736011809375 0.088244675 0.6826202984374999
27 0.39133514062499997 0.7392745328125 0.3759316203125 0.7657037250000001 0.3467000796875 0.785667790625 0.2706040890625 0.757401084375 0.246783603125 0.7606425375 0.3939083625 0.82476684375 0.49755076093749995 0.8185919078125 0.5033672203124999 0.7872671625 0.41714185625000005 0.7523149671875 0.40383900781250004 0.7348850687499999 0.39133514062499997 0.7392745328125
27 0.7152565734375 0.5085948515625 0.730576315625 0.4967486296875 0.719739934375 0.33156975312500003 0.7441469046875 0.2262475125 0.715524315625 0.2206638328125 0.6919166828125001 0.19109215468750002 0.616355440625 0.19559403749999998 0.6014978125 0.278480371875 0.611406496875 0.2833567609375 0.6326849234374999 0.3203562 0.6092220390625 0.34179882031250003 0.620834940625 0.4522640171875 0.640872996875 0.46382589375 0.6442671640625 0.47637940468749995 0.6757587515625 0.5054813625000001 0.7152565734375 0.5085948515625
27 0.7147396015624999 0.397468571875 0.7248914421875 0.4806871046875 0.7373115234375 0.4908806109375 0.8407897312499999 0.4992934328125 0.856771546875 0.492874509375 0.8465665828125 0.3786809328125 0.8488041624999999 0.3512139109375 0.8585759390625001 0.3396982328125 0.8645121625 0.31201084843750004 0.85913176875 0.2831754515625 0.83495368125 0.2682157390625 0.84961134375 0.2509422203125 0.84815028125 0.22369556093749998 0.765098390625 0.19948777499999998 0.6988273031250001 0.190680425 0.71654399375 0.244292296875 0.7275561374999999 0.2582141765625 0.7178906125 0.331679934375 0.7228827484375 0.387872171875 0.7147396015624999 0.397468571875
27 0.6935061046875 0.5135352234375 0.6779350140625 0.56913035625 0.6806895671875 0.6527896171875 0.7343730109375 0.6805694015625 0.749335146875 0.650522009375 0.7582548124999999 0.5862119296875 0.77520318125 0.572446428125 0.7659034515625 0.5420222953125 0.8031105703125 0.5416277703125 0.8098457765625 0.5357597484375 0.8099295625 0.5211767796875 0.7843435390625 0.5099454453125001 0.7779128046875 0.50303959375 0.780287296875 0.4919646390625 0.7627606375 0.48571987656250004 0.734800125 0.48556349687499994 0.716885203125 0.5066755734374999 0.6935061046875 0.5135352234375
27 0.3292286640625 0.3675918546875 0.3620137421875 0.45310641250000006 0.3634748046875 0.4803530734375 0.3858873515625 0.480839996875 0.4569074203125 0.46749743749999995 0.5102108000000001 0.4005430078125 0.48341506718750005 0.3183161046875 0.471330121875 0.24979071875 0.45256309375 0.21810839375 0.3250968328125 0.242102965625 0.3058577578125 0.25236045156250003 0.3292286640625 0.3675918546875
27 0.54314098125 0.38035857968750003 0.632905615625 0.322165296875 0.63136076875 0.309501609375 0.5915891281250001 0.27360398125 0.56079028125 0.204371309375 0.5504192671875 0.1995224625 0.50279924375 0.20235963125 0.44723582031250003 0.2202480359375 0.4760484421875 0.2731988203125 0.49020340156250003 0.3434231203125 0.5052717859375 0.375325809375 0.5088028609374999 0.40427138749999997 0.5164208390625 0.4056397578125 0.54314098125 0.38035857968750003
27 0.4166637390625 0.473539621875 0.43432730468749997 0.496176453125 0.4454763578125 0.5264904046875001 0.5286958171875 0.521532253125 0.5522956078125 0.5164816984375 0.5839016375 0.4854426796875 0.5902261234374999 0.430398453125 0.6120072546875 0.379900075 0.6094427328124999 0.343607921875 0.5582400265625 0.36670325937500003 0.50369628125 0.40822012656249995 0.4569074203125 0.46749743749999995 0.4166637390625 0.473539621875
27 0.02215754375 0.40046490312499994 0.0061450703125 0.4524418359375 0.0133747859375 0.4811670515625 0.0348207828125 0.4890005515625 0.0576215875 0.4621306359375 0.0948287078125 0.46173611093750005 0.14097795625 0.47356454687499994 0.18100095 0.46571326874999996 0.173855015625 0.4224050828125 0.14645033125 0.3657259203125 0.11987529374999999 0.2853081140625 0.0831095578125 0.2893208375 0.05484456875 0.301938328125 0.0268533984375 0.3473399546875 0.02215754375 0.40046490312499994
27 0 0.552552121875 0.055754454687499996 0.814856203125 0.067178746875 0.7695210140625 0.0906416328125 0.7480783921875 0.081950853125 0.6921065171875 0.10356441406250001 0.6707740765625 0.11231651250000001 0.6356299359375 0.102164675 0.5524114 0.0568981953125 0.547819353125 0.023641071875 0.5042446078125 0.023945546875 0.4914707359375 0.013123434375000001 0.5249159624999999 0 0.5439947046875 0 0.552552121875
27 0.027974787499999997 0.49396405000000004 0.0402273015625 0.5333234921875001 0.060927435937499996 0.550312665625 0.10390321093749999 0.551396696875 0.156513853125 0.5245729796874999 0.1818260578125 0.503020175 0.19648371874999998 0.485746659375 0.186217434375 0.4626691015625 0.18318087031250002 0.4683167609375 0.15913969375 0.4697491140625 0.1547789734375 0.46454218125 0.150334471875 0.4739182171875 0.1392385421875 0.47457930625 0.0986372578125 0.4624203203125 0.0524042265625 0.4651748515625 0.0518790578125 0.47613962499999996 0.027974787499999997 0.49396405000000004
27 0.1816098984375 0.440165525 0.21527775 0.532916478125 0.22858059687500001 0.5503463765625 0.2452244890625 0.5493547453125001 0.2915413046875 0.53201724375 0.30368757031250004 0.5094266140625 0.31944869374999996 0.5011985875 0.35273647812500003 0.499215328125 0.363337896875 0.46396100625000003 0.3317400625 0.37290896875 0.313391953125 0.2683117953125 0.301938425 0.2507717171875 0.20295784218750001 0.26395789375 0.1485816640625 0.276308821875 0.1260853328125 0.290404865625 0.1418689203125 0.3587098890625 0.1816098984375 0.440165525
27 0.4611986265625 0.685911440625 0.4518682328125 0.7010453171875 0.47676152343749995 0.752407365625 0.4862288203125 0.753665559375 0.541267075 0.746741925 0.547423990625 0.7208636390625001 0.5588243937499999 0.7074286812499999 0.55498884375 0.6912569765625001 0.5652020046875 0.6833594953125 0.587751459375 0.7002384859374999 0.6066860562499999 0.7027548703125001 0.647812509375 0.7039490828125 0.6631322484375 0.692102859375 0.678147509375 0.693030509375 0.68527098125 0.6598056484375 0.675256046875 0.5929791828125001 0.6649059796875 0.58448459375 0.5442587125 0.588028175 0.4228962421875 0.55516941875 0.41585655624999995 0.5738113109375 0.4235276609375 0.6061547234375 0.4688472640625 0.6417218078125 0.4611986265625 0.685911440625
27 0.43275180312500006 0.5290707718750001 0.4337714765625 0.5526992359375 0.47243965781249997 0.57955136875 0.559273975 0.5889558234375001 0.5988555812499999 0.57748634375 0.65270659375 0.5761001890624999 0.6800888109375001 0.556246303125 0.68056085625 0.5143064921875 0.6732473531250001 0.500164246875 0.6293356875 0.46086878281250004 0.6016796515625 0.44793853125 0.585918528125 0.456166559375 0.5834602515625 0.4818244796875 0.546526953125 0.51500314375 0.43275180312500006 0.5290707718750001
27 0.24892313437500002 0.5491343828125 0.25810842031250003 0.63969949375 0.264980534375 0.650223540625 0.3446382609375 0.6618778187500001 0.3644025015625 0.6406555593750001 0.3806050078125 0.636045734375 0.38993540000000004 0.6209118578124999 0.40776653749999997 0.6143827500000001 0.42425105468749996 0.520466003125 0.3695172765625 0.514615765625 0.3607958390625 0.5042018984375 0.3307653109375 0.5023466 0.3071655203125 0.5073971515625 0.291982690625 0.53563544375 0.24892313437500002 0.5491343828125
27 0.10464541249999999 0.603286521875 0.1148279109375 0.6409470515625 0.1483588515625 0.7173059359375 0.1596754703125 0.7184539453125 0.1918597921875 0.707425190625 0.17602308125 0.6081451312499999 0.1951252484375 0.5814955765625001 0.20826872500000002 0.5060003625 0.2005138390625 0.48823991875 0.1545546203125 0.5237785828125 0.1186716578125 0.5350277015625 0.10172328906250001 0.548793203125 0.10464541249999999 0.603286521875
27 0.326220634375 0.7704877171875 0.360832571875 0.77935904375 0.3736940375 0.793170746875 0.4125297859375 0.7908569421875 0.42304741874999996 0.7701855906249999 0.4053838515625 0.7475487578125 0.40295623750000004 0.727648675 0.41325317968749997 0.705168221875 0.4124541953125 0.683348859375 0.43230222031250004 0.6475436296875 0.43194462031249997 0.6293424609375 0.39526267187499997 0.6187722156250001 0.382675025 0.6377446484375 0.3646231921875 0.6424646593750001 0.3585500625 0.653759975 0.3240750328125 0.6612807140625 0.2924996640625 0.6467617265625 0.29125929375 0.6213241640625 0.2797219828125 0.618367053125 0.278922996875 0.5965476890625 0.24756831875000002 0.5838378 0.23332138281249998 0.6502875234375 0.23166209375000002 0.6977648109375 0.210322346875 0.7518813875 0.213716515625 0.7644348984375 0.2997518453125 0.7520199859375001 0.326220634375 0.7704877171875