15 0.5728505937499999 0.19952720156249998 0.5570074359375 0.186591971875 0.543294990625 0.1790629703125 0.510779134375 0.1699315734375 0.49353993437500004 0.168689634375 0.4745927890625 0.1703309328125 0.44549659531249997 0.1811023375 0.4318865578125 0.19107329374999998 0.4218154875 0.2024059109375 0.41420769843749994 0.2175829890625 0.411103709375 0.2321595171875 0.411217421875 0.3266672921875 0.4157287546875 0.37740528906250004 0.4224534578125 0.39206220625 0.43729890468750005 0.409682746875 0.449525115625 0.4190538046875 0.4721343015625 0.42590229687500003 0.49711658124999997 0.4267440171875 0.515542321875 0.42498256406249996 0.5346989671875 0.41465136406249997 0.5461454140625001 0.40199728125 0.5551614609375 0.38277563125 0.564153075 0.3482565421875 0.5929382765625 0.259315990625 0.5937349375000001 0.24530003125 0.5905041062499999 0.2270791546875 0.5819155031250001 0.2109004453125 0.5728505937499999 0.19952720156249998
15 0.84807748125 0.286434640625 0.8320783734375 0.2690943828125 0.8167237406250001 0.2590024109375 0.7849509984374999 0.248949984375 0.7758654265625 0.2479485671875 0.7639182390625 0.25011066875 0.7404466296875001 0.26272434375 0.7086898734375 0.2859899140625 0.6531862484375 0.3360052671875 0.6358935078125 0.34785825937500003 0.625690915625 0.3700832953125 0.621921784375 0.3877833671875 0.622401859375 0.40864717187500005 0.6247665 0.4206609421875 0.6310026796875 0.432474603125 0.6459589828125 0.4495745578125 0.66268899375 0.458345065625 0.6766560328125 0.46210977968750006 0.7054318734375 0.4605488703125 0.713018996875 0.45574362187500006 0.72109464375 0.4537816296875 0.7282712234375001 0.4483356359375 0.740329265625 0.44565294218749996 0.7554706343750001 0.4387655453125 0.775271753125 0.43568263281249997 0.8066301796875001 0.419425040625 0.8315222640625001 0.41041551875 0.8461751078124999 0.40068486718749996 0.8594074796875001 0.38735006250000004 0.865750746875 0.3729738609375 0.8681445015625 0.35659525468750003 0.8683746593749999 0.3375335265625 0.865620140625 0.31450718437499997 0.84807748125 0.286434640625
0 0.346696721875 0.162157740625 0.28889513125 0.1253540203125 0.20994615625000002 0.06456230625 0.1958231625 0.0563925625 0.180513625 0.0512262078125 0.084456059375 0.0476592328125 0.067672503125 0.051983654687500006 0.053528906249999994 0.059322845312500004 0.0158104515625 0.236451046875 0.0231409609375 0.25853785 0.017154695312500003 0.286649725 0.018689792187500002 0.3154025609375 0.0156637796875 0.332181603125 0.0177531609375 0.3583314875 0.0245351765625 0.38556274375 0.03599760625 0.40622665625 0.057378921875 0.43682219375000003 0.0930063046875 0.4827156046875 0.1649346546875 0.5533583421875 0.1700256171875 0.5474317375 0.1773215 0.5234446046875 0.1799838875 0.37223224843749997 0.184340184375 0.349206125 0.18723467656249998 0.3433194984375 0.1977162921875 0.332627625 0.2064570796875 0.3275420890625 0.2306840234375 0.3216561109375 0.2497091453125 0.322217328125 0.341652796875 0.3373974203125 0.3536779609375 0.3374378328125 0.3731098609375 0.31297051875 0.38261443125 0.2965921296875 0.411719075 0.2678001796875 0.4147573015625 0.2586698578125 0.41214651875 0.23239982343749999 0.41773445000000003 0.211295925 0.4154149078125 0.204207771875 0.4002819875 0.19307461875 0.346696721875 0.162157740625
25 0.31501052343749997 0.43939292500000005 0.30633172656249996 0.41336297968749997 0.29518120312499996 0.40150912656250004 0.2897783328125 0.3986256734375 0.27517058437499997 0.4132819453125 0.24879603593750002 0.44980279218749997 0.20191766093750002 0.538943021875 0.1899413609375 0.569497503125 0.1835445484375 0.5969686375000001 0.183823575 0.608501796875 0.19094660937500002 0.6161507359375 0.1987676609375 0.6179530265625 0.204646840625 0.6160310124999999 0.240862296875 0.5872392765625001 0.2661404984375 0.5635730546875 0.28442718437500003 0.521365478125 0.2953071296875 0.503665621875 0.307086146875 0.48944976875 0.3148254578125 0.463380275 0.3127933890625 0.4498047328125 0.31501052343749997 0.43939292500000005
25 0.391133621875 0.5956534234374999 0.3834609875 0.5469176140625 0.37768045156249996 0.540670315625 0.373620078125 0.539188503125 0.35073563281250003 0.5464761203124999 0.3172587140625 0.564976203125 0.2812978484375 0.5900036546874999 0.2336688234375 0.6287263671875001 0.2253179171875 0.6448244734374999 0.22091652812499998 0.66292498125 0.22111757656250003 0.6722556265625 0.2903411796875 0.6811078171875 0.322955678125 0.6820699015625 0.370378971875 0.6777063625 0.38905930781250003 0.672180628125 0.395225959375 0.6637712234375 0.3968108375 0.65375985625 0.391133621875 0.5956534234374999
25 0.42875916406250003 0.424098928125 0.432774440625 0.42065512343749994 0.42647250000000003 0.41428767187500004 0.4167875453125 0.4109635890625 0.3867594 0.4209740953125 0.3794390890625 0.42966378125000004 0.320950778125 0.475714525 0.2944531578125 0.505107240625 0.2829409484375 0.52320753125 0.2700327 0.553001115625 0.2642352671875 0.582794915625 0.262995178125 0.5988932359375 0.2644156515625 0.602497390625 0.268398046875 0.6017766890625 0.29479702812499997 0.5805532859375 0.3299039203125 0.5569674546875001 0.3663984046875 0.539708878125 0.37142360625 0.53922848125 0.3790229484375 0.542071953125 0.383871534375 0.5475583562499999 0.3865358625 0.5607334609375 0.3917827796875 0.5592118859374999 0.39757176250000004 0.547438634375 0.4022192984375 0.5435943921875 0.40454729062499994 0.5326619953125 0.40470038906249994 0.442038659375 0.4073487375 0.4218957703125 0.40872411406250003 0.4205743015625 0.42875916406250003 0.424098928125
23 0.5384794 0.4739591109375 0.536143871875 0.43355296093750006 0.534312853125 0.4293080671875 0.529731078125 0.4277061 0.454927984375 0.42193725625 0.4128953421875 0.421535525 0.40753756875 0.42357769218749997 0.4041254421875 0.4550134375 0.4037797421875 0.5182855765625 0.40112294843749996 0.55644901875 0.40365575624999994 0.580516540625 0.400903175 0.7218776578125 0.3972326859375 0.731408415625 0.3775997328125 0.7465450812500001 0.36626414375 0.758678575 0.3623719390625 0.7692505125 0.3634720578125 0.7820651578125 0.40316449531250004 0.7857505640625 0.47163276718749997 0.7878750609375 0.5167158546875 0.7867951921875 0.5212525328125001 0.783471540625 0.5253091375000001 0.75928408125 0.5335040921875 0.7387809468750001 0.5361242359375 0.677671340625 0.534224603125 0.5838442875000001 0.5384794 0.4739591109375
25 0.3968304734375 0.409641478125 0.3822847171875 0.3931822640625 0.360862071875 0.3833303828125 0.34845924375 0.379926125 0.3124495140625 0.3743586859375 0.2713694859375 0.364346025 0.2660117140625 0.366388190625 0.245504125 0.3933383046875 0.21895295625000002 0.4358259484375 0.19965634375000002 0.4750701171875 0.19468844999999999 0.4881248546875 0.1941792640625 0.49565342343749996 0.20479616875 0.499738403125 0.223078175 0.501220646875 0.2502822703125 0.44796073593749997 0.2737952078125 0.414603409375 0.289146075 0.399026109375 0.2927959 0.3998671796875 0.30271478281249997 0.40979880625 0.30985003125 0.4250964671875 0.31378264843750003 0.46313996875 0.3093812609375 0.481240475 0.312887346875 0.48532524062500004 0.32801649843749997 0.47078912031250003 0.35047818125 0.4552120390625 0.36635045312500003 0.43975489218749997 0.3877693296875 0.42393750468749997 0.39647723749999997 0.4215750734375 0.3993717296875 0.41568844687500006 0.3968304734375 0.409641478125
0 1 0.33640755 0.9687885234375001 0.3180743765625 0.948917875 0.300934228125 0.9412076781250001 0.2986113453125 0.8971467328125 0.31030334375 0.8672745421875 0.3247188796875 0.86426919375 0.33112609375 0.8652049125 0.35755626406249996 0.8614029015625 0.3779794359375 0.8523088781249999 0.39499857031249996 0.8328976406249999 0.40909405625 0.801083571875 0.4197852828125 0.7914888125 0.42631243750000003 0.77027943125 0.4334399234375 0.74922600625 0.444972434375 0.7415646734375 0.47324444374999997 0.726401728125 0.5598627578125 0.7190278671875 0.581647378125 0.686121215625 0.6308625046875 0.6462841312500001 0.6997798890625 0.6313438140625001 0.71599793125 0.6278950375 0.7244875046875 0.6277184203124999 0.73045430625 0.6362619281249999 0.741707396875 0.661556109375 0.75135916875 0.6822478515625 0.7697808015625001 0.7198133421875 0.793729246875 0.8036437843750001 0.8572842609375 0.83435305 0.877468209375 0.8442475015625 0.8721023906250001 0.8520892234374999 0.8635328546875 0.8941678734374999 0.7995011109375 0.9376096859375 0.726499178125 0.964957515625 0.669995571875 0.9857281468749999 0.621260625 0.998098946875 0.5631665875 1 0.5087275421874999 1 0.33640755
24 0.6123881015625 0.43255413281250005 0.61036825 0.42662731093749995 0.6091366078125 0.4247050828125 0.59975134375 0.42254232968750005 0.566426609375 0.41977816875 0.531960428125 0.4249430171875 0.5365873 0.4314706015625 0.5385000640625 0.46358728281249995 0.5367461078125 0.5309039953125 0.5384662703124999 0.5356694796875 0.53541959375 0.56282035 0.5376282812500001 0.57042909375 0.5511847750000001 0.573553065625 0.5535578640625001 0.5675462890625 0.5514929125 0.55669385 0.56146534375 0.55353054375 0.5790371125 0.5532107109375 0.5963542859375 0.5566551625 0.6030996546875 0.560940253125 0.613659246875 0.55245089375 0.6247853390625 0.5490073046874999 0.6283243046875 0.5503689640625 0.6288372625 0.5685096656249999 0.6331315640625 0.5765990203125 0.65356494375 0.5731156687500001 0.6640136812499999 0.5651468984375 0.6678899015625 0.5212569640625 0.6664243296875 0.51272719375 0.6693845828125 0.5013943578125 0.674840996875 0.49118287968749996 0.6738968296875 0.48277325937500004 0.66438849375 0.47348237656250003 0.6500888828125 0.471279434375 0.6436554218749999 0.475804396875 0.63419595 0.4971084046875 0.627717390625 0.4967077515625 0.6275370078125 0.47700528125 0.6343321484375 0.442526165625 0.622483603125 0.43651895781250005 0.62014339375 0.4398026328125 0.6191907828125001 0.44941356250000003 0.613644175 0.4497738046875 0.611591440625 0.44657009218750005 0.6123881015625 0.43255413281250005
19 0.6163395578124999 0.5989439921875 0.60738550625 0.587050159375 0.6070162875 0.5656657625 0.60045975625 0.5630625953124999 0.57583448125 0.5759565546875 0.5695898546875 0.582163440625 0.5711662796875 0.5901726234375 0.5824154453125 0.5938571640625 0.581639446875 0.597501296875 0.5732312296875001 0.6010250625 0.5702381 0.6150809984375 0.576318321875 0.6224896328125 0.578949771875 0.638387840625 0.5934626484375001 0.6575701546875 0.5923212 0.6654991640625 0.59516215 0.6727074671875 0.586400696875 0.6881648296875 0.5780704531249999 0.69389110625 0.5798930265625 0.7161565546875 0.5822454515625 0.7205216015625 0.58861315 0.7214428453124999 0.5917744515625001 0.71944065625 0.600305740625 0.723045025 0.6068171812500001 0.720722575 0.607437225 0.7126734156250001 0.603598565625 0.710150421875 0.6032208984375 0.706786575 0.608775953125 0.68840578125 0.6171512906250001 0.687605121875 0.6364225609374999 0.7024226015624999 0.641636596875 0.7036241296875 0.652183971875 0.6874860453125 0.652504328125 0.6782755546875 0.6457796250000001 0.663618634375 0.6306467062500001 0.6524854828125 0.6204610109375001 0.6386694171875 0.623844025 0.6356260515625001 0.6414937734375 0.6375087328125 0.651388225 0.6321429125 0.656298803125 0.6065138359375 0.6545786390624999 0.6017483484375 0.648654365625 0.5987447453125 0.6248708484375001 0.6025483625 0.6163395578124999 0.5989439921875
19 0.5729315390624999 0.5998637265625 0.568481284375 0.5873693453125 0.5600157546875 0.57831876875 0.5406458468750001 0.5716705984375 0.53569861875 0.5743535109375 0.53459005 0.5795594125 0.5361815484375 0.6902456828125 0.5487074515625 0.7007780734375 0.5624527765625 0.7055839671874999 0.5866552890625 0.68440054375 0.5952730046875 0.672186878125 0.5905888203125 0.6530849546875 0.57670820625 0.6335022 0.5742655875 0.6192859140625 0.5708703578125001 0.6146805625 0.5729315390624999 0.5998637265625
27 0.416702034375 0.3574225296875 0.4150147515625 0.349933940625 0.41326170468749995 0.34789155781250003 0.40074802031249995 0.345007890625 0.340720846875 0.33663652499999996 0.2744697078125 0.3241002234375 0.2354095375 0.3200143828125 0.20678965 0.32598031875 0.19615208281250002 0.3322671671875 0.1856704640625 0.3429590421875 0.1802056015625 0.371191071875 0.177021809375 0.522283271875 0.16735283750000002 0.55227718125 0.160385759375 0.5490332718750001 0.1533735828125 0.54086374375 0.15013430625 0.540663415625 0.147683240625 0.5444676828125 0.133353603125 0.640016203125 0.134342865625 0.6533514421875 0.1391707875 0.6692096734375 0.1479031265625 0.6821446875 0.158565128125 0.6911552859375 0.1774916078125 0.6998858140625 0.19521933125 0.703971009375 0.2731959421875 0.7153863874999999 0.3762656859375 0.7271228921875 0.3970767328125 0.7270033875 0.400348890625 0.7244806078125 0.4027097640625 0.710825109375 0.4053139265625 0.6163975046875 0.40503958281249997 0.5611745265625 0.402707821875 0.5464376515625 0.387989215625 0.5616145109375 0.38643722187499996 0.5689027765625 0.394014984375 0.65147716875 0.39184294531249997 0.666814590625 0.3830692765625 0.67462323125 0.347338575 0.6805889515625 0.3131269875 0.6819895140625001 0.2689307546875 0.6789046562500001 0.2289386296875 0.6740579203125 0.22238209531250003 0.671454753125 0.22096162187499999 0.6678506015625 0.22210307031249998 0.659921590625 0.22992035781250003 0.6360546109375 0.23448991718749998 0.6300078546875 0.2637505109375 0.60562093125 0.26569706875 0.5656554140625001 0.24316962343749998 0.5866787078125 0.20423629375000002 0.6153902687499999 0.196792903125 0.616951825 0.18856130468750001 0.614508790625 0.1841232671875 0.6096631296874999 0.182735671875 0.6033358734375 0.1890873875 0.5709391234375001 0.21969516093750002 0.504264015625 0.21857437656249998 0.501821196875 0.196975115625 0.497936109375 0.193690740625 0.4928101671875 0.1952427359375 0.48552190156249997 0.23440246406249998 0.4120793359375 0.264192909375 0.36979201875 0.268208184375 0.3663482125 0.2738656484375 0.36546738125 0.3559477265625 0.3832901875 0.38143074375 0.39462388437499996 0.3923924328125 0.4047958171875 0.3994825875 0.415167859375 0.40417521875 0.4162492359375 0.416865521875 0.41316610000000004 0.4235329140625 0.41524868125000003 0.431920465625 0.42209674062499997 0.44718490781250003 0.42233747812500005 0.44799378437500004 0.4159702421875 0.44605190781250004 0.41224593593750003 0.4333042921875 0.40275472656250005 0.42024476875000005 0.3844534625 0.41609420625000004 0.3731204140625 0.416702034375 0.3574225296875
27 0.6397069328125 0.707548546875 0.6265158921875 0.7001396984375 0.6224104265625 0.69373226875 0.615964746875 0.6906085125 0.6108286890625 0.6916094968750001 0.605351609375 0.712192803125 0.6053638265625 0.719841525 0.59967348125 0.7234454640625 0.5813134984375 0.7197607046875001 0.5737677062500001 0.7038223015625 0.5630850390625 0.70518353125 0.5447579359375 0.69877566875 0.5377579765625 0.6982548640624999 0.5352740296875 0.7047822312500001 0.5317548109375 0.7624078375 0.5431148343750001 0.7655717890625 0.5928576750000001 0.768296403125 0.625217578125 0.7730227734375 0.656489578125 0.7725832171875 0.6714092328125 0.766737003125 0.6723289671875 0.7598491765625 0.6671806921875 0.753201440625 0.6379369921875 0.7415472640624999 0.6283957765625 0.7349794843749999 0.6264416828125 0.723606459375 0.6397069328125 0.707548546875
27 0.622800190625 0.40163919375 0.623650396875 0.374528303125 0.6206657156250001 0.370563690625 0.6159730796875 0.369482315625 0.5657746 0.36119134218750004 0.560416825 0.36323350625 0.5524558015625 0.3903441828125 0.5363082765625 0.4199374390625 0.5405574796875 0.42310117812500003 0.5674694171875 0.4200184765625 0.58701594375 0.42069984375 0.6026580515625 0.42430442968750004 0.6210753484375 0.44056352656250003 0.6294178046875001 0.44248597187499994 0.63184820625 0.44905353750000004 0.627237315625 0.475843946875 0.6270729140625 0.48945946874999996 0.6293924609375 0.4965476203125 0.6357930406250001 0.4947457609375 0.6422471640625 0.47984896875 0.6507991203125 0.47308151093750006 0.6644664703125 0.4756848921875 0.673675115625 0.48381444218749997 0.674984734375 0.48793918593749996 0.673543596875 0.4947068578125 0.6668348765625 0.5133679359375 0.6635251578125 0.5623036406249999 0.6605198078125001 0.5687108546874999 0.6530435406249999 0.5729955140625 0.6349174890625 0.5759182984375 0.6297692109375 0.5692705609375001 0.6297447828125 0.5539731171875 0.623299103125 0.5508493609375 0.6131049609375 0.555053846875 0.605784646875 0.5637435328125 0.6060758890625 0.582925415625 0.612800590625 0.5975823328125001 0.625170540625 0.6037096953125001 0.6482109390625 0.60082710625 0.6544349015625001 0.60499204375 0.655301090625 0.611199146875 0.6493805874999999 0.6338648171875 0.6427254125 0.6394309625 0.630256825 0.6414729140625 0.6265412359375 0.6460780515625 0.63694864375 0.6588529359375 0.6446259609375 0.663898921875 0.6516832328125 0.6769940671875 0.655443915625 0.677314546875 0.6605019984375 0.674111046875 0.6780700000000001 0.64812194375 0.7099667265625 0.59594340625 0.719976715625 0.5463671765625 0.7264646328125 0.4593881859375 0.722215428125 0.45622444843750004 0.6886811953125 0.4621501921875 0.6736384703125 0.46086827656249996 0.661235640625 0.4574640171875 0.649009425 0.448092959375 0.638679996875 0.437520590625 0.6355393578124999 0.42915095000000003 0.627106709375 0.41737726875 0.622800190625 0.40163919375