4 0.6264540671875001 0.18178381875 0.64835228125 0.18857948125 0.65263526875 0.18181911875 0.66120125 0.16829840000000001 0.66556260625 0.1681214109375 0.6752972953125 0.161139815625 0.710560128125 0.09933208437499999 0.714751690625 0.084891125 0.7037046265625 0.0732640765625 0.698148440625 0.064707484375 0.6906074953125 0.0726978140625 0.6861416484375 0.06409697187499999 0.6794951250000001 0.0555846234375 0.6687223421875 0.0669993796875 0.6527199031250001 0.09728826093750001 0.6335378734375 0.13539048125 0.63259120625 0.1475042453125 0.6349024953125 0.1583880390625 0.6360450796875 0.16273270625 0.62853025625 0.1729174953125 0.6264540671875001 0.18178381875
4 0.5051531781249999 0.5303048125000001 0.5051504515625 0.5160340578125 0.4852789125 0.5102539125 0.47558340625 0.52052719375 0.47132654062499996 0.5294820125 0.4627344375 0.5408082734375 0.455180428125 0.5477013765625001 0.4323877921875 0.5574083921875 0.4020411484375 0.5740085109375 0.39233258125 0.5831845625 0.384830821875 0.5944665796875 0.350684446875 0.65842451875 0.347648528125 0.6783073765625 0.3673660640625 0.6851915328125 0.3750376234375 0.6881734890625 0.38046319687499996 0.685757796875 0.3958324359375 0.6939161687500001 0.4078653515625 0.696721140625 0.43944600625 0.6921462890625001 0.495001065625 0.6855007796875 0.5066029624999999 0.6520972 0.5148816 0.6144374484374999 0.51690554375 0.601182209375 0.5099847343749999 0.569628059375 0.50215644375 0.5534793578125 0.5020780796875 0.5468959859375 0.5008440671875001 0.5348707140625 0.5051531781249999 0.5303048125000001
4 0.4388645234375 0.55165676875 0.45299974687500005 0.5477898703124999 0.4615657296875 0.5342691484375 0.46906749375 0.5229871328125 0.47563900625000005 0.5117428671875001 0.449310775 0.512811290625 0.4388645234375 0.55165676875
4 0.3045323609375 0.5580726671875 0.290709759375 0.534785040625 0.27479282656250004 0.5252101515625001 0.2577881890625 0.5190863390625 0.2363381609375 0.51882115625 0.23304803125 0.5269041921875 0.245904540625 0.563858778125 0.2690232796875 0.609482078125 0.27697499375 0.6137019734375 0.3004112578125 0.5911736375000001 0.3045323609375 0.5580726671875
4 0.5027635234375001 0.5128376453125 0.5126549421875 0.5190227968750001 0.5203526234375 0.5241992109375 0.53025710625 0.5314815890625 0.542400565625 0.5287932796875 0.55302361875 0.519580115625 0.55611178125 0.5040861750000001 0.55817490625 0.49412261874999996 0.558031234375 0.48205310468749996 0.5368445890625 0.4433935625 0.506119171875 0.42817404375 0.48663673906250005 0.441040009375 0.47922640312500003 0.460002628125 0.48390122656249995 0.486159128125 0.49056081249999994 0.495768703125 0.5027635234375001 0.5128376453125
4 0.36457151250000003 0.633710275 0.377289875 0.6024569078125 0.3923195234375 0.5820873343749999 0.3921105453125 0.564531675 0.39186238281249997 0.5436843296875 0.38957721562500003 0.53499499375 0.3862491734375 0.518663665625 0.394650140625 0.502954121875 0.402086596875 0.4861859671875 0.40182537656250006 0.46424139062499997 0.385130696875 0.43637714843750003 0.37963981874999997 0.4333066953125 0.36329779218749997 0.4350676296875 0.35575684375 0.44305795937500003 0.352511946875 0.4453851578125 0.33933645 0.438235521875 0.3338063859375 0.43187338437499995 0.315309803125 0.4359172671875 0.307781915625 0.445004828125 0.29703525625 0.45861403906250003 0.29618001875 0.478408403125 0.2942344390625 0.49824701562499996 0.2998036859375 0.507900840625 0.305516603125 0.529624178125 0.30470054687500003 0.5527102296875 0.3018736078125 0.590148746875 0.2845718515625 0.6029262156249999 0.2781865484375 0.6163584421875 0.2816796078125 0.6348785890624999 0.30814815625 0.6590529203125 0.33557643125 0.6722107203125 0.3442338375 0.6663706046875 0.36457151250000003 0.633710275
4 0.64001418125 0.6566981703125 0.67473395 0.64961098125 0.6423618578125 0.61685529375 0.61480335625 0.5933679828125 0.5902230875 0.583009015625 0.5844017421875 0.56810330625 0.568159396875 0.546995890625 0.5474187390624999 0.543105709375 0.540634675 0.526346325 0.5255915046874999 0.5269567890625 0.5124399921875 0.5284368625 0.5050647859375 0.5410389859375 0.508994478125 0.5550750875 0.513841846875 0.5671812078125 0.5178841359375 0.5906764546875001 0.5331074640625 0.605200621875 0.5464503953125 0.6198011 0.55505855625 0.6317546015625 0.561786321875 0.6437844140625 0.5723199203125 0.6594452656249999 0.576249609375 0.67348136875 0.598769325 0.6687820109375 0.64001418125 0.6566981703125
4 0.7376067140625 0.2418232515625 0.7255203875 0.269569225 0.738674165625 0.5211488109375 0.78674925625 0.5771158203125 0.7936537984375 0.5881920859374999 0.796248071875 0.6164779515625 0.8088478546875001 0.631865684375 0.811104328125 0.6317741140625001 0.8062473828125001 0.2237552046875 0.77122414375 0.22115304687499998 0.7376067140625 0.2418232515625
4 0.6378556453125 0.3015178890625 0.62882974375 0.3018841671875 0.6062920125 0.30507006406250003 0.5964081125 0.32818407656250004 0.5954014828124999 0.3384457421875 0.60843364375 0.3901565921875 0.6311064921875 0.398321675 0.6447939765624999 0.41025832656250005 0.6651157640625 0.41056929531249997 0.6784654515625 0.3941285109375 0.676006296875 0.37719361875 0.6803300796875 0.36111911406249997 0.6492461171875 0.3101408203125 0.6378556453125 0.3015178890625
4 0.6558534093749999 0.48589779687499995 0.6400175499999999 0.48313349375000003 0.6353965015624999 0.474235853125 0.6196011734375 0.4748768421875 0.5545417234375 0.5093150984375 0.5490626765625 0.5231651921875 0.549292378125 0.54246185 0.5651552671875 0.5474963500000001 0.584592034375 0.5682848578125 0.6396865125 0.550150034375 0.640693140625 0.5398883703124999 0.655157553125 0.5222667015625 0.6504419265625 0.5054233796875 0.6582450046874999 0.4971572015625 0.6558534093749999 0.48589779687499995
4 0.6790464609375 0.44293770468749993 0.67892485625 0.43272182656249997 0.6673587296875 0.409342628125 0.6459087 0.4090774453125 0.6310929796875 0.3971865765625 0.574532465625 0.38698975 0.563331159375 0.3942581859375 0.540739384375 0.3929036890625 0.530787921875 0.4103422140625 0.53430775625 0.42155583593749996 0.5581223515625 0.43081023125 0.5662497171875 0.4497863921875 0.6172230937500001 0.4647525328125 0.6567654578125001 0.46769045 0.6599880296875 0.45393192656250003 0.6790464609375 0.44293770468749993
4 0.457918628125 0.35765267500000003 0.4495885828125 0.32165004375 0.4415693140625 0.3117546625 0.43647535 0.263128609375 0.4295167578125 0.24751195468749998 0.4021688140625 0.22590884218750001 0.3761653015625 0.222421503125 0.32680659375 0.24827308750000002 0.3078157203125 0.2649427984375 0.2900341546875 0.2883773078125 0.28462266875000003 0.307902890625 0.2858995359375 0.320343178125 0.3272592484375 0.38112528437500004 0.36254539218750004 0.40581319687499995 0.38293473906250003 0.41179965156250004 0.44218411093750004 0.458228028125 0.462559946875 0.4630793875 0.468363278125 0.47647163125 0.4784903921875 0.473789371875 0.4882932234375 0.44386477500000004 0.4994404796875 0.4320559484375 0.5264371140625 0.424146525 0.5351927765625 0.4010782953125 0.543009371875 0.393947215625 0.5588046953125 0.39330622656249997 0.5598383515625 0.38531475937500004 0.548393834375 0.3721514375 0.536679075 0.33628616875 0.5264438640625 0.32988764375 0.5072773374999999 0.3318010890625 0.5006160046875 0.34115657499999996 0.457918628125 0.35765267500000003
4 0.21114616718749998 0.48868134999999996 0.2330345203125 0.5257690984375001 0.2725768859375 0.5287070140625 0.289608546875 0.5371010203125001 0.3045323609375 0.5580726671875 0.3098627796875 0.5317365 0.2958104734375 0.4891522140625 0.3010327921875 0.45373526562500005 0.285115859375 0.44416037812500003 0.24672875312500003 0.44344687031249996 0.21037482187499998 0.42388281250000004 0.21114616718749998 0.48868134999999996
4 0.54414435625 0.29964255156249997 0.5341658734375 0.31481088281249997 0.5343820640625 0.3329724453125 0.548515440625 0.382367315625 0.5588182078124999 0.3944413234375 0.5722895015625 0.3882164171875 0.60843364375 0.3901565921875 0.6093592015625 0.3730843453125 0.5953879703125 0.337310640625 0.5951717796875 0.319149084375 0.580207428125 0.294772140625 0.5621150890625 0.2920994078125 0.54414435625 0.29964255156249997
4 0.470545421875 0.1856577421875 0.44005598125 0.184623740625 0.4356105890625 0.1904823671875 0.43584029218750003 0.20977902343750002 0.43136787656250003 0.21336745937499998 0.433732446875 0.2223566703125 0.45084517812499997 0.237561259375 0.479186240625 0.24776761249999998 0.49866354218750003 0.2719614140625 0.529970446875 0.2468423875 0.5502652125 0.2448831609375 0.54333364375 0.2315367 0.4899551625 0.20417605625 0.470545421875 0.1856577421875
4 0.5955568640625 0.256672934375 0.612453403125 0.2537159640625 0.6384839421875 0.2594734984375 0.65402254375 0.23726565625 0.6752834046875 0.22163947187500002 0.6706353359375 0.21047163593749998 0.6615283640625 0.20402733281250002 0.6026438125 0.1882465875 0.5755525968749999 0.188210328125 0.5691750171875001 0.2214028671875 0.5739446906250001 0.24278657812499999 0.5955568640625 0.256672934375
4 0.3332787578125 0.2230262359375 0.29360127187499996 0.2087373421875 0.2310550234375 0.26465088125 0.2086669640625 0.28041016406249997 0.2094049203125 0.34240395156250003 0.21726620468750002 0.339027425 0.2295281890625 0.3260377171875 0.2542548328125 0.31708476406249997 0.2847713 0.3203889625 0.2889599640625 0.2929634828125 0.29782372343749997 0.27897603437499996 0.3212059390625 0.25190730625 0.3436490859375 0.2407757296875 0.3332787578125 0.2230262359375
4 0.49947424375000005 0.15041440781249998 0.4862394046875 0.08167709375 0.45747947499999997 0.03628271875 0.44385955 0.030021553125 0.4293546015625 0.0442379296875 0.41805871406249995 0.0435606796875 0.4091814453125 0.05641303125 0.3900959890625 0.06513705625 0.3894812015625 0.10831655 0.4008581609375 0.11580438125 0.41135009843750003 0.1437697546875 0.42282164218749996 0.15920327343750001 0.446474096875 0.15483649531250002 0.46569467343750004 0.1574634453125 0.49947424375000005 0.15041440781249998
4 0.471389909375 0.16177490781249998 0.43410401875 0.15874542187500001 0.425280796875 0.1761381640625 0.43668478125 0.1858961921875 0.468288946875 0.1857493109375 0.4933669 0.20630889687499998 0.5137697625000001 0.21343045156249998 0.529713721875 0.225275534375 0.5387396234375 0.2249092546875 0.5685940046875 0.172593675 0.51983656875 0.1541306703125 0.49273184375 0.15295931406250002 0.471389909375 0.16177490781249998
4 0.7439167359375001 0.202955228125 0.7539627796875 0.1934623828125 0.7798582015625 0.18786894062499998 0.7946468984374999 0.1974896140625 0.8005448109375 0.21882754062499998 0.8061944437499999 0.21930805156250002 0.8058503625 0.19040279531249998 0.7248245171875001 0.11628527656250001 0.70897514375 0.11238587656250001 0.666818240625 0.174285871875 0.6669398484375 0.1845017484375 0.703367740625 0.210278971875 0.7294658375 0.2217119921875 0.736208240625 0.21916708593749998 0.7439167359375001 0.202955228125
4 0.5068584671874999 0.2966130640625 0.498839196875 0.2867176828125 0.4830168453125 0.285088475 0.45710791406249995 0.289546821875 0.44262999062499997 0.3060333921875 0.455621615625 0.3543389484375 0.48938767656250004 0.3461548171875 0.5061626109375 0.3329819703125 0.50937166875 0.318088346875 0.5068584671874999 0.2966130640625
4 0.4965151625 0.2811337640625 0.49408303125 0.266469065625 0.473504515625 0.2445912453125 0.441832790625 0.23906263593750002 0.431732696875 0.244015090625 0.44129907656249995 0.2890527140625 0.4537502265625 0.2919543703125 0.4965151625 0.2811337640625
4 0.6719932859375 0.4193753671875 0.6859104734375 0.45060867968749996 0.7064484531249999 0.4690812078125 0.7357420968749999 0.46448550624999996 0.7326613937500001 0.3953361265625 0.7267364578125 0.371728003125 0.7016585 0.351168421875 0.6745132390624999 0.346591771875 0.6719932859375 0.4193753671875
4 0.6939297437499999 0.4605040625 0.6815191265625 0.46100769374999995 0.6759319875 0.465777009375 0.671594690625 0.48071641875 0.6504554390624999 0.506558478125 0.64067963125 0.538753271875 0.6149598671875001 0.5591029828125 0.61520308125 0.5795347390625001 0.6300323140625 0.592560703125 0.6604271703125 0.585649025 0.706130928125 0.5372328421875 0.7023678796875 0.5055874671875 0.7098872125 0.4734842421875 0.6939297437499999 0.4605040625
4 0.43669829218749995 0.18703129062499999 0.4195990703125 0.1729617953125 0.4102218609375 0.1438155390625 0.3989124578125 0.14200319374999998 0.38542765625 0.1470930046875 0.3891636765625 0.176468184375 0.37483438593749996 0.20544082656249998 0.386292415625 0.2197392453125 0.4294491984375 0.241836465625 0.440677528125 0.23683822812500002 0.4325906953125 0.2212673546875 0.42462547500000003 0.2159123609375 0.42904384375 0.20778353906249997 0.43578624374999997 0.20523863593749997 0.43669829218749995 0.18703129062499999
4 0.70696864375 0.2283031796875 0.6753104296875 0.22390966875 0.65288079375 0.23617634375000002 0.6429293328125001 0.2536148671875 0.6410376796875 0.284354071875 0.644571021875 0.296702790625 0.67789795 0.346454415625 0.6948755640625001 0.35030802968749997 0.7096642609375 0.35992870625 0.7243583734375 0.36160369531250003 0.731046728125 0.3545184015625 0.7244867296875 0.277560696875 0.7275201359375 0.24791080468749999 0.70696864375 0.2283031796875
4 0.6422334765625 0.289983775 0.642915821875 0.2524797734375 0.6090146437499999 0.2493129296875 0.5876997359375 0.2603987203125 0.58102489375 0.26861911250000003 0.5814032265625 0.3004018421875 0.5951312421875 0.3157437890625 0.6096767265625 0.304932709375 0.63558565625 0.30047436250000004 0.6422334765625 0.289983775
4 0.741687284375 0.2053169921875 0.7361947296875 0.21803199062499998 0.73866739375 0.23610198124999998 0.7633940375 0.227149028125 0.8062539046874999 0.224303209375 0.8059833218750001 0.20157215312500001 0.7855128984374999 0.1887751109375 0.7696905484375 0.1871459078125 0.7528345437499999 0.1935081671875 0.741687284375 0.2053169921875