10 0.533228809375 0.9578507359374999 0.5415226015625 0.9662419328125 0.56557896875 0.9829370515625 0.585039409375 0.9913305453125 0.6030411890625 0.9956451375 0.6301911578125 0.9968804562500001 0.664154821875 0.9910189015625 0.6885097546875001 0.981561828125 0.7024031515625 0.973708078125 0.7186334203125 0.960464496875 0.7251064765625 0.9535656781249999 0.7321393265625 0.9456695281249999 0.7422149609375001 0.9308533562499999 0.7471801218749999 0.9221437921875 0.7560178421875 0.8961778171875 0.758043453125 0.871037090625 0.755737553125 0.8502063609375 0.74902788125 0.830816240625 0.7387902671875 0.812805421875 0.7099466125 0.7749306390624999 0.7006086546875 0.7588602468750001 0.6943333203125001 0.753550625 0.6916581875000001 0.7497310765625 0.6868415125 0.7485003578125 0.6775480171875 0.748976675 0.662003009375 0.74614509375 0.6403525953125 0.7394727718749999 0.6171204453125 0.7343919359375 0.60524948125 0.729648203125 0.5971494328125 0.724727615625 0.5935976734375 0.7241051875 0.5744016453125 0.728323309375 0.5680270593750001 0.7306858109375 0.5474930703124999 0.734562065625 0.5355466671875 0.7394921906249999 0.5212165484375 0.7426728734375 0.5122152625 0.7420834843749999 0.506546578125 0.7429158 0.4999528296875 0.74607758125 0.49759213593749996 0.7494656843749999 0.49208940468750006 0.767445934375 0.49099123906250003 0.7808497640625001 0.49123024062500004 0.79773126875 0.4949932125 0.8289125265624999 0.5087190515625 0.9062585249999999 0.5125106078125 0.92062665 0.51883199375 0.9362113593749999 0.533228809375 0.9578507359374999
11 0.51406835 1 0.513885090625 0.96887333125 0.511772140625 0.9546490234375 0.5074938328124999 0.9410118046875 0.50283756875 0.8828036359375 0.49642725624999995 0.834125509375 0.49346309218749995 0.8188284265625001 0.48975173749999995 0.77597158125 0.4857688140625 0.7487254125 0.48564891406250005 0.741852565625 0.49178370625 0.725744365625 0.4934647 0.7164807468750001 0.489089515625 0.701108225 0.48337557656249996 0.6885296484375 0.4798031734375 0.67336224375 0.4734794046875 0.6671849671875 0.4687842203125 0.6665554703125001 0.4589063078125 0.6691631984375 0.4583218890625 0.6712946078125 0.4651554359375 0.6818785234375 0.464905303125 0.7088983671875 0.46721438437499996 0.71718585625 0.4695488734375 0.721203453125 0.4686674796875 0.7432154359375 0.4634561640625 0.763265790625 0.45890390468750003 0.7746466875 0.45376881718749995 0.7818873734375 0.4447651453125 0.790705415625 0.42709924218750006 0.8050076359375 0.40298569687499997 0.8219387843750001 0.3672155765625 0.8521417859374999 0.3452888265625 0.87989500625 0.326035625 0.91773939375 0.317393240625 0.940904359375 0.3109876453125 0.9669923828125 0.43417374999999997 1 0.51406835 1
11 0.3495608359375 0.630390540625 0.34729622031249996 0.6386497578125 0.341187634375 0.64735225625 0.3381202375 0.6554063546875 0.33794793125 0.6633449078125 0.34059845 0.6682985328125 0.3423953703125 0.681586815625 0.33386334687499997 0.749254359375 0.3323967421875 0.7765335609374999 0.3372308796875 0.804852503125 0.3413892875 0.811616871875 0.347637621875 0.827468009375 0.35092099375 0.8311578734375 0.356442778125 0.8339942203125 0.3582667 0.8367409921875 0.3591655546875 0.8418172281249999 0.35787285 0.8548862578125 0.358626396875 0.8573595359375 0.3599643609375 0.857701403125 0.41354569531249996 0.8157991390625 0.4206516015625 0.8076365640625 0.42629964062500003 0.7922592734375 0.43189765625 0.78228595 0.44360346249999993 0.7667459390625 0.45718162500000004 0.75482035625 0.4615623703125 0.748242203125 0.4650434609375 0.7397236234375 0.465994728125 0.7299884578125 0.46485527656250003 0.7143023390625001 0.4663949359375 0.6867567078125 0.464109678125 0.6804709515625 0.4595613921875 0.6761727953125 0.46204436875 0.6702501046875 0.46871116874999996 0.6668218968749999 0.47226451875000003 0.661172703125 0.47791494375 0.6363879796874999 0.4813039296875 0.6073192296875 0.4825132734375 0.5392061125 0.48164141406249994 0.5235883640625 0.4820170078125 0.481490690625 0.480371753125 0.445718878125 0.48359399375 0.40263800625 0.48150566093749997 0.38727961875 0.47997395000000004 0.383467140625 0.47751717656250003 0.381984125 0.46167996093749997 0.38021825468750003 0.411566228125 0.370834665625 0.392735465625 0.37372065625 0.3787451953125 0.3798390984375 0.37049586562500003 0.3879946078125 0.360322565625 0.4042112828125 0.35447839375 0.425525396875 0.3352966546875 0.4693749796875 0.328068465625 0.4800721421875 0.3232994328125 0.48284488437500006 0.3177990859375 0.49141770156250003 0.324536553125 0.4971305015625 0.32660345 0.5010797234375 0.328983196875 0.5185082203125 0.34047538906249997 0.5778928703124999 0.34764560625 0.603957784375 0.35019527968749997 0.622855159375 0.3495608359375 0.630390540625
27 0.49288825 0.59117799375 0.4877984171875 0.611829575 0.46868655312499996 0.667955975 0.46961002343749997 0.6718981359375 0.47384148593750003 0.678396078125 0.476634934375 0.69536009375 0.47597587187499996 0.7040295515625 0.4777267390625 0.7070427484375 0.47811502656249993 0.7108481624999999 0.48059562187499993 0.7143329046875 0.4810323453125 0.7190059703125 0.484533284375 0.728168175 0.48263313593749996 0.7382310734375 0.4793719921875 0.7428145609375 0.480612290625 0.7445569328125 0.4830690640625 0.7460399484375 0.48997804531250005 0.7469500015625 0.5189296984375 0.742658740625 0.54009654375 0.7375187265625 0.5548641812499999 0.7358752953125001 0.5682454203125 0.733022340625 0.5953977734375 0.724850228125 0.6041076453125 0.7233695140624999 0.6487297671875 0.7068320015625 0.6823551734375 0.6917610671875 0.7115029578125001 0.68153298125 0.721287178125 0.6646467046875 0.7250858921875001 0.65079253125 0.72732906875 0.63112415 0.7284804375 0.5997731078124999 0.7309689796875001 0.57189974375 0.7309737468749999 0.5530848765624999 0.7363947046875 0.47378891875000007 0.73715858125 0.43549665624999995 0.736599575 0.43335817499999996 0.7339482625 0.4315403640625 0.7320504953125 0.4321958265625 0.7206615125 0.44553605 0.7141646421875001 0.45043313906250004 0.6903194828125 0.46429685000000004 0.6716070296875001 0.4803273109375 0.662846334375 0.49034780468749994 0.6554736296875 0.495306196875 0.6057180093750001 0.5128127734375 0.579150075 0.5188534796875001 0.5605869015625 0.521807840625 0.543871471875 0.5295107046875 0.53382363125 0.5306495546875001 0.5254551984375 0.52879640625 0.5211721234375 0.5339740515625 0.509881603125 0.5427779593750001 0.5064005093749999 0.5512965390625 0.499412121875 0.575739396875 0.49288825 0.59117799375
27 0.712242203125 0.7404508562500001 0.7269137640625 0.7339363078125001 0.74394601875 0.7240336562499999 0.7615388703125 0.7099978609375001 0.7766995624999999 0.693344975 0.7907668578125 0.6712810499999999 0.7991408546875001 0.6511835265625 0.8035486000000001 0.634063859375 0.8055233921875 0.6174629125 0.8049691546875 0.5965095703125 0.7996228578125 0.5731914265625 0.7952222640625 0.56208879375 0.7893376 0.551177146875 0.7752806375 0.5324755296875 0.761295134375 0.51977910625 0.7479901296875 0.5098223859375001 0.7357054671875 0.5055431312499999 0.733661596875 0.5067314515625 0.731931371875 0.5182632265625 0.730338509375 0.56375606875 0.7273862453125 0.5974978828124999 0.7258442031250001 0.63445094375 0.7215801796875 0.6604451874999999 0.7177092109375 0.6714299796875001 0.7125010734375 0.6789370906250001 0.708753975 0.681115675 0.6808957203125 0.6908179734375001 0.6419176625 0.7076572484375 0.5979768265625001 0.723798659375 0.5987303749999999 0.7262719343749999 0.6163899234375 0.7370562015625 0.636483215625 0.7441859375 0.6713687625 0.7485381640625001 0.6878150125 0.74703854375 0.712242203125 0.7404508562500001
27 0.5927854546875 0.2811495125 0.5819094265625 0.28635313125 0.5728811375 0.29630524999999996 0.563243021875 0.312658675 0.5578403453125 0.31983098593750003 0.5516595 0.3256640984375 0.54170615 0.337945684375 0.5266439187499999 0.350062253125 0.5099769249999999 0.358632775 0.4902218921875 0.3607124140625 0.48177881562499997 0.36539731249999996 0.47698278437499997 0.3787115703125 0.48040590781250003 0.40695506875 0.47830882968750005 0.4260905984375 0.477036765625 0.453704603125 0.47764102968750005 0.4692539796875 0.47975398125 0.4834782875 0.47903774375 0.5257740140625 0.48175972656250005 0.5367328328125 0.4825839421875 0.54834711875 0.4845047328125 0.5528291953125 0.48844637031250004 0.5509854109375001 0.5031171375 0.547606675 0.5170105328125 0.5397529265625 0.5238472562500001 0.5377935984375 0.533531425 0.5317152609375 0.5427026390624999 0.533773528125 0.554186903125 0.5284402328125 0.567445859375 0.528121865625 0.595206446875 0.5198200703125 0.6128937875 0.5169270140625 0.6199012296874999 0.5133007546874999 0.6304604328125001 0.5102969203125001 0.6539887656250001 0.4986329921875 0.6599504546875 0.4935991609375 0.6660090140625 0.49030063281249997 0.674793528125 0.48228187031249997 0.6827744703125 0.47719379687499996 0.7015599765625 0.4608969140625 0.7114871218750001 0.4560210265625 0.726159478125 0.4463706671875 0.7347986828125 0.435748946875 0.74419381875 0.41819307187500004 0.7593314875 0.3964026421875 0.76901883125 0.37778106093749997 0.7821856828125 0.356912525 0.7890255859375 0.3424099515625 0.7981277171875 0.3290555953125 0.80822955625 0.3068337234375 0.8120528828125 0.2918454703125 0.81005983125 0.2844940078125 0.8078222171875 0.2822117171875 0.801010903125 0.279901153125 0.78792266875 0.27855258906249997 0.7837150281249999 0.27405637656250004 0.7829868921875 0.2673132078125 0.7866148828124999 0.2551259671875 0.784986296875 0.24957818281250002 0.7736497265625 0.24810700937500002 0.762602978125 0.2549775546875 0.7527488875 0.2595870140625 0.7486857609375 0.2608295734375 0.7392707765625001 0.2607046609375 0.7144838859375 0.246673809375 0.7007643890625 0.2403173796875 0.687725384375 0.23670065624999997 0.678383453125 0.23630931875 0.672568665625 0.23767449062499998 0.6592596859375 0.24339682499999998 0.6465827640625 0.2509912140625 0.6364126406249999 0.254664646875 0.6290153218750001 0.2607571171875 0.6213512046874999 0.2636454046875 0.6125428687500001 0.2696624359375 0.601277759375 0.2741964546875 0.5927854546875 0.2811495125
10 0.2357480609375 0.6517712437500001 0.238155603125 0.655522415625 0.24562358906249998 0.65857095 0.2489069625 0.662260815625 0.2582481015625 0.6657879640625 0.27016829375 0.668263540625 0.286687596875 0.6664974953125 0.2956166265625 0.6642175015625 0.322599053125 0.6545765078125 0.34082316874999996 0.6455485765625 0.345665253125 0.6425094078125 0.3493154734375 0.638595521875 0.35204301875 0.6276036625 0.351462578125 0.61405601875 0.343274396875 0.5729062093749999 0.34101772812500003 0.54980731875 0.338028946875 0.535644315625 0.3300313375 0.5105083578125 0.323634515625 0.50459750625 0.3083578953125 0.498698490625 0.3022032578125 0.497125903125 0.2899662375 0.4968501140625 0.2570491265625 0.500983428125 0.241599403125 0.506158778125 0.23130699531249999 0.5123667937499999 0.221622034375 0.521580940625 0.2115464015625 0.5363971140625 0.2069457046875 0.5469103546875 0.20243950000000002 0.5685663359375 0.20236326875000002 0.58137600625 0.204815275 0.601673884375 0.20877755312500001 0.6143750765625 0.2182608234375 0.6330484249999999 0.221033625 0.635467465625 0.225581115625 0.6429014328125 0.2295457796875 0.64619519375 0.2307614609375 0.6490716453125 0.2357480609375 0.6517712437500001
11 0.332059334375 0.4759602 0.3384108953125 0.46846015625000004 0.357130503125 0.42420739999999996 0.361270653125 0.4070193609375 0.3634614234375 0.40216237968749996 0.3792803796875 0.37997584375 0.3909147234375 0.3584306390625 0.3896514015625 0.3515507265625 0.36844565625 0.31819335625 0.36509002343749997 0.31163410625 0.36394819375 0.305355415625 0.36195434843749996 0.3011397640625 0.35986203906249997 0.3014604328125 0.354580846875 0.309233971875 0.3483730046875 0.32560859531249997 0.339923571875 0.3553799796875 0.3367346875 0.3628328515625 0.331721090625 0.37067476250000003 0.318362084375 0.3818010703125 0.293543428125 0.39712659375000003 0.2636143 0.4185587203125 0.2602324671875 0.4194051734375 0.258310878125 0.4180589078125 0.2581433390625 0.40718259687499997 0.2563940609375 0.3978977734375 0.24691078906250002 0.379224425 0.2388369484375 0.3668981375 0.23248935781250002 0.3587191265625 0.21899060625 0.3452918 0.2089205375 0.338157296875 0.2034225734375 0.33732268125 0.18738763593750002 0.3477652515625 0.15665334687500002 0.37839969375 0.1497665984375 0.3857629921875 0.14046992187500001 0.3987825484375 0.126380396875 0.41257311874999997 0.1028742921875 0.43251039843749994 0.0953554875 0.4380016453125 0.090078325 0.44053896249999996 0.0830962015625 0.46600327343750003 0.08999329687499999 0.477399715625 0.130998534375 0.5252241515625 0.146782546875 0.5449372359375 0.15616973750000002 0.5587394671875 0.1645850203125 0.5677318921875 0.1842344359375 0.5984108640625 0.189100340625 0.5973734265624999 0.2027753765625 0.587183146875 0.205020146875 0.5612431421874999 0.20884347343749998 0.5462548890625001 0.21955275312500003 0.5270391484375 0.2277536484375 0.5180159859375 0.24026064374999997 0.50895271875 0.25274222812499997 0.5041593421874999 0.263155328125 0.5016883609375 0.274127434375 0.5013558609375 0.28507571875000004 0.49902162656250004 0.3044170546875 0.49740646406250005 0.3095267296875 0.49443566875 0.332059334375 0.4759602
10 0.374816271875 0.33150990625 0.38493319062500003 0.3457836890625 0.38969904375 0.35555418906249997 0.38891929062499997 0.3604866125 0.3817633609375 0.37405315625 0.381056659375 0.378719153125 0.3937327859375 0.3742605765625 0.40937625312500003 0.3725558375 0.43487143125000005 0.37564907187499996 0.4769573734375 0.382981459375 0.479489584375 0.3747906125 0.4865954890625 0.3666280359375 0.490877771875 0.3645862 0.4983219390625 0.365633003125 0.511726996875 0.364781784375 0.5342810375 0.357715478125 0.545887584375 0.3498475984375 0.5607322515625001 0.332258684375 0.5640910609375 0.3262746921875 0.5671830703125 0.31708651250000003 0.5722736937499999 0.2932991203125 0.571378015625 0.275679640625 0.566833703125 0.255702428125 0.559782590625 0.23964617187499998 0.54930120625 0.22356871093750003 0.5403753578125 0.2133054640625 0.5329812140625 0.20685469374999998 0.5153947234375 0.19580399843750002 0.5118183453125 0.1963156515625 0.50184196875 0.20345969218749999 0.496343209375 0.205760890625 0.4926207296875 0.20680539375 0.482329915625 0.2067417875 0.47549477968750004 0.2024294953125 0.47201766093749997 0.19526902031249999 0.467614684375 0.19357382031249998 0.46498719218750006 0.1937577390625 0.43277201249999997 0.21203992187499998 0.409899559375 0.22757763125000002 0.38824199375 0.2491276046875 0.3710366328125 0.2701046234375 0.36293181875 0.2839989015625 0.3614699828125 0.2924632390625 0.363923575 0.3064894953125 0.3678858546875 0.3191906890625 0.374816271875 0.33150990625
10 0.120293171875 0.8169890078125001 0.1256132625 0.8477128515624999 0.1257577796875 0.8534516203125 0.1358000515625 0.8742634499999999 0.14581930468749998 0.8899377359375 0.1565206390625 0.9020801046875 0.17656231718749998 0.92088543125 0.204852528125 0.9346710625 0.2242160953125 0.9413292500000001 0.2487139546875 0.9438825640624999 0.268785809375 0.9396031390624999 0.2838464515625 0.9337581890625 0.29681558125 0.9250980953125 0.34149329375000004 0.8812059390625 0.3515443140625 0.8675238453125 0.3564610390625 0.8579466265625 0.3587502703125 0.84855333125 0.359872259375 0.837151234375 0.358292109375 0.8324711015625 0.3509217890625 0.8280220625 0.34727395 0.8225285203125001 0.342996434375 0.805755490625 0.3413218015625 0.7899326234374999 0.33984885625 0.74622225625 0.34226831875 0.702936265625 0.3499459453125 0.64673919375 0.3400450046875 0.6442093796874999 0.32724659375 0.651202540625 0.297198365625 0.662626009375 0.2690733078125 0.669124125 0.2467130140625 0.6796610421875 0.2372241828125 0.6829383671875 0.2253016046875 0.6898702218749999 0.20827014375 0.6966370640624999 0.192405928125 0.705412703125 0.172333275 0.7128279421875 0.16055680156250002 0.7192269453125 0.15542251093749998 0.7233318171875001 0.14357139375 0.7362688687500001 0.13476146718749998 0.748557521875 0.12650975625 0.766120465625 0.12256493906249999 0.780507490625 0.11985962812499999 0.799772703125 0.120293171875 0.8169890078125001
11 0.45646534843750003 0 0.4523611296875 0.0006602296875 0.4422148265625 0.0063353953125000004 0.4333334390625 0.012618853125000001 0.3976387578125 0.0331479953125 0.37994903281250003 0.0454484828125 0.339047003125 0.0703489265625 0.2938126671875 0.10269517343750001 0.273080959375 0.1187798703125 0.238308159375 0.1495227921875 0.16822498749999998 0.22027931562499997 0.15454836249999998 0.2367412171875 0.13994588125000001 0.2586683953125 0.12951768749999998 0.2967007671875 0.1407375359375 0.302774865625 0.1530698375 0.311057584375 0.19126019375 0.33050884062499997 0.204735921875 0.3387986265625 0.21735963749999998 0.34915145000000003 0.23737590625 0.37222666718749997 0.2428961 0.3813346359375 0.2490229453125 0.396584546875 0.2528375296875 0.4160902125 0.2559978234375 0.425450475 0.26120437500000004 0.4242149859375 0.2842721640625 0.4058762625 0.3225220828125 0.38229381562500003 0.3303331 0.375736865625 0.337365953125 0.367840715625 0.3410415859375 0.35965693593750003 0.351852509375 0.3233616375 0.363636134375 0.2887403375 0.36850442656250004 0.2782954671875 0.384104225 0.2569082109375 0.4077087890625 0.2324346140625 0.422284271875 0.2210489484375 0.4622858515625 0.19734389218749998 0.46802758750000006 0.1962451515625 0.47670966718749996 0.20844175781250002 0.48291274375000004 0.21088199843750002 0.48989477499999995 0.21152562812500003 0.49639085312500003 0.2097643515625 0.502522465625 0.206199396875 0.516976459375 0.1942125078125 0.521016559375 0.18783240625 0.5268122921875 0.1656506390625 0.5263763625 0.1578417671875 0.5239942328125 0.1498207046875 0.5209300171875 0.1453315609375 0.5196174625000001 0.14071980312500001 0.5138288765625 0.1346792734375 0.4997480921875 0.1139759234375 0.4816629484375 0.05461724375 0.471013228125 0.030799284375000003 0.461799140625 0.0059226828125 0.45723927187499996 0 0.45646534843750003 0