27 0.32797005156250003 0 0.3293433265625 0.055399503125000006 0.32929203125 0.0925007953125 0.33036320468749997 0.10862711249999998 0.33710090312499996 0.12401921875 0.349192653125 0.1317667015625 0.35460651875 0.139730684375 0.3571313875 0.1499804921875 0.36361715 0.2093812796875 0.36540950781250003 0.21834740312499998 0.3684772140625 0.22757691875 0.37286485625 0.23553485156249998 0.3860759015625 0.248918140625 0.39612653125 0.2650973984375 0.3991050640625 0.2773968640625 0.4048462625 0.2917596015625 0.40838639062500004 0.3112268265625 0.4140791046875 0.31842483593750004 0.4158045828125 0.329693421875 0.4180615671875 0.331497840625 0.424973715625 0.3320503375 0.44782948906250003 0.3314174671875 0.46063499375 0.332260584375 0.4985497234375 0.343230784375 0.52133861875 0.344900378125 0.57858421875 0.3529140671875 0.601804484375 0.3574008078125 0.616528675 0.36286095 0.6548298234375001 0.36052802968750003 0.66385386875 0.3590459921875 0.6734579093749999 0.35526451875 0.6851961359375001 0.348681021875 0.69865205 0.3359667 0.72203896875 0.3082144171875 0.7370080265625 0.2875769515625 0.7507314593750001 0.26565277656249997 0.7791861578125 0.2312776703125 0.7832499984375 0.22388131093750002 0.8030748640625 0.195084534375 0.8359242671875 0.150756290625 0.8453867531249999 0.1341803265625 0.84990425625 0.1288336265625 0.855868028125 0.1178662453125 0.8609060765625 0.1122667390625 0.86445680625 0.1048673546875 0.8802995703125 0.0806528171875 0.885777475 0.0687443703125 0.887023665625 0.02584238125 0.517460384375 0 0.32797005156250003 0
27 0.577937878125 0.7461871546875 0.5736433062499999 0.7438589765625 0.5571157921875 0.7386440765625 0.5496048906250001 0.73220296875 0.536609709375 0.7290558765624999 0.5282399703125 0.72568018125 0.52071420625 0.7197507328125 0.499899553125 0.711951825 0.49263034843750003 0.7060238875 0.46845817343749996 0.69897280625 0.460690715625 0.6925301859374999 0.431379990625 0.6857046796875 0.4213183921875 0.6787367890625 0.3783171296875 0.6662013625000001 0.3423097578125 0.6514043125 0.3140029640625 0.6453523437500001 0.30424640625 0.645550696875 0.27458288125 0.65970470625 0.26476687499999996 0.661949690625 0.24635075781250002 0.6687496890625 0.2322812328125 0.6760870578125 0.22489702500000003 0.6829520953125 0.2198292515625 0.68957491875 0.21572825468749998 0.6982504234375 0.21044108125 0.7035925890625 0.20585669375 0.7112417515625 0.199521003125 0.717345353125 0.18480107031249998 0.7382401609375 0.1792499078125 0.7438366390625 0.176535725 0.7489380999999999 0.16933376093750002 0.75836294375 0.1595924296875 0.77570488125 0.1566850359375 0.7874579015625 0.15652155 0.79308614375 0.1570162640625 0.802556365625 0.159526271875 0.8133178296875 0.16829412187499998 0.829489525 0.1787053484375 0.8420886859375001 0.1877630125 0.8482830390625 0.2029185734375 0.8565603312500001 0.2299202953125 0.863372221875 0.24818425156249999 0.8706443453125001 0.2713599296875 0.876666059375 0.288244503125 0.8872564000000001 0.294941146875 0.8952279453124999 0.31302675468749996 0.908639971875 0.3363995390625 0.9167098328125001 0.3500083328125 0.925233875 0.36498165 0.9309513624999999 0.37483870937499997 0.9361269359375 0.3934335328125 0.9408422796875 0.41412539062500003 0.944034746875 0.4269793796875 0.9520425921875001 0.44069221093750005 0.9569850296875 0.45205888125 0.9631929953125 0.45999725312499995 0.9637515437499999 0.47188057031249997 0.9610070000000001 0.4829124765625 0.9610720390624999 0.5351462171875 0.9826174546875001 0.550565765625 0.9906404265625 0.559456053125 0.9937633171875 0.5768349781250001 0.9961686359374999 0.5987091140625 0.9939947390625001 0.60964795 0.9884300234375001 0.6221519515625 0.973151359375 0.6263495546875 0.9611500703125 0.6269033562499999 0.9509184140625001 0.6268138203125 0.9363331203125 0.6252592625 0.9191804609374999 0.6256010937500001 0.9074123140625 0.623109121875 0.8695284093750001 0.6205244421875 0.8436699937500001 0.6180813140625 0.8306060625 0.6075805562500001 0.8034216093750001 0.6022445375000001 0.7839437984375001 0.597938640625 0.7731717437500001 0.5898810046875 0.7590512203124999 0.577937878125 0.7461871546875
11 0.8408233812500001 0.441456971875 0.8305239859375 0.44267561562499996 0.817488115625 0.44976320625 0.8114238437499999 0.45535666093750005 0.8009609640625 0.46220355 0.7806488171875 0.481274275 0.7699145171875 0.488631309375 0.7630582828125 0.49498771406250003 0.7531233796875 0.50132596875 0.732004409375 0.5216713046875 0.7241814 0.5259750249999999 0.7084536390625 0.5373965875 0.7018093750000001 0.5452894796875001 0.695246853125 0.550368253125 0.6748901203125001 0.5709739546875 0.6691492828125 0.574266459375 0.6626982265625 0.5755077890625 0.6582773265624999 0.5775287109375 0.64713041875 0.5902566453125 0.64335285625 0.5966312015625 0.6391290625 0.60070026875 0.6344516046875001 0.602719675 0.6293541078125 0.610365815625 0.6233344203125 0.614424296875 0.619768828125 0.6223353390625 0.6137119875 0.6276729624999999 0.6114588984375 0.634568253125 0.6129501140625 0.6450678390625 0.6149208171875 0.6478940625 0.6374050328124999 0.6600526546875 0.6421384031249999 0.66494215 0.6499504468749999 0.66984979375 0.674022484375 0.68918219375 0.693428028125 0.7013226359375 0.70382049375 0.705733746875 0.724497490625 0.709437875 0.7336591921875 0.7120506203125 0.753923578125 0.7211256484375 0.7694471640625 0.7255670109375 0.7904886484375 0.7343907468750001 0.8034986921874999 0.7370261796875 0.8132998359375 0.7352928515625 0.8262762578125 0.7302518953125 0.8325525 0.726194928125 0.8444616453125 0.7137273609375 0.850644815625 0.7040406375 0.8542178406250001 0.695873765625 0.8599731765625 0.6744143609375 0.86247149375 0.65907670625 0.8672741937499999 0.5997424671875 0.868151071875 0.56955461875 0.8639145031250001 0.4945588328125 0.8615456859374999 0.4789366109375 0.8565108109375 0.45792533593750007 0.8511415343750001 0.448426378125 0.8463858671875 0.44430436875 0.8408233812500001 0.441456971875
11 0.31696546406250004 0.41968976874999997 0.3217324546875 0.43225565312500003 0.3278788328125 0.44150331875 0.331756896875 0.44050269062499997 0.3307119125 0.4323085921875 0.33147768593750004 0.423613421875 0.3348125515625 0.40597784531250003 0.336478215625 0.40163782187499997 0.3383261265625 0.39985760625 0.3463759671875 0.3965787140625 0.3676141984375 0.389795353125 0.383245353125 0.381699571875 0.3871828671875 0.378652309375 0.392109446875 0.37689024375 0.3933773671875 0.3774094640625 0.39993281718749996 0.390241765625 0.4044690828125 0.3930831140625 0.4141998125 0.40260778437500006 0.4210896671875 0.40392776875 0.422153046875 0.40265467343749994 0.42281478281249996 0.3975411140625 0.4207878 0.370150746875 0.4183298140625 0.3575984734375 0.41348850625000005 0.347590884375 0.402263028125 0.3365221578125 0.3901748140625 0.31981914375 0.3861590921875 0.316724990625 0.38144801250000004 0.311068009375 0.37634272343749997 0.3013147359375 0.3711889484375 0.284396728125 0.3665521796875 0.2761814546875 0.34925463749999996 0.253306771875 0.33105719843750003 0.226076940625 0.3179204640625 0.2101353609375 0.31424304062499997 0.20422859999999998 0.3043003421875 0.193167440625 0.2987081296875 0.191343359375 0.2867579328125 0.196390365625 0.2705319234375 0.20729724374999997 0.2451891578125 0.231711646875 0.210963903125 0.270402575 0.20678469531250002 0.27293666562499996 0.20463564218750002 0.276250346875 0.2020403578125 0.2772585359375 0.20014786093749998 0.2805737296875 0.1970097421875 0.2826022125 0.19038033906250001 0.2899834484375 0.1882089921875 0.294064615625 0.18584796875 0.29584180781249997 0.181460690625 0.30553911718750004 0.15922278750000002 0.3379038890625 0.146012465625 0.3598310890625 0.11163115625 0.40389443125 0.108080425 0.4112938171875 0.1078015796875 0.42089350468750003 0.1098653484375 0.42051576874999996 0.122607509375 0.41470581093750003 0.143808584375 0.40920159843750004 0.160507015625 0.4085324265625 0.1684156640625 0.41011429218749995 0.19178844687500002 0.4181841546875 0.21547723593749998 0.4242088921875 0.23960482343749998 0.432794953125 0.2740838234375 0.4383715625 0.2790104046875 0.4366094953125 0.28528664843749996 0.4325525296875 0.290566390625 0.42746619375000006 0.3057102609375 0.4096443640625 0.3124957171875 0.396890715625 0.31432133281249997 0.3958779859375 0.3157566328125 0.399468671875 0.31545195625 0.40995767031249997 0.31696546406250004 0.41968976874999997
9 0.8476972875 0.3903228859375 0.8276108859375 0.3574527125 0.81323949375 0.3310130578125 0.790435015625 0.2945446375 0.7861998921875 0.290169825 0.7753162484375 0.2673329578125 0.7701663671875 0.2591146578125 0.7646484671875 0.254732284375 0.7604989843750001 0.25624305937499997 0.7544124203125 0.2626040015625 0.7351675484375 0.2891013390625 0.724842328125 0.3000430078125 0.7128514390625 0.315324696875 0.6932643734374999 0.3359349359375 0.686854371875 0.34459683124999996 0.6792136078125 0.35146035468750003 0.6685090328125 0.357794071875 0.6560977421875 0.3610472515625 0.6452852359375 0.36226287031250004 0.6255675828125 0.36086725625 0.6188451078125 0.362618734375 0.6169897671875 0.36465478125 0.614781265625 0.3700150953125 0.611327140625 0.3740886984375 0.5895945578124999 0.38905708125 0.574335321875 0.40201664531250003 0.5695241046875 0.40864098125000003 0.5658357140625 0.41194558593749997 0.5588382875 0.42316274375 0.553785378125 0.429273909375 0.553871015625 0.4351594921875 0.5597608390625 0.4444056484375 0.601602840625 0.4968504375 0.6113038453125 0.5073984265625 0.626043259375 0.5300021546875 0.6448132578125 0.5551883765625 0.6536554234375 0.5688017765625 0.6591435984375 0.5742074703125 0.6634456015625 0.5762798171875 0.6691790078125 0.573243140625 0.6786379578124999 0.565622715625 0.6963028015625 0.5493509859375 0.7102049453125 0.5389421515625 0.730494796875 0.5206389109375 0.7399240218750001 0.514041803125 0.7523091234375 0.5028564078125 0.7669957968750001 0.49194045312499995 0.7780683953125 0.4817708109375 0.8176852218749999 0.4518113546875 0.8298211984374999 0.4403686140625 0.8413623203125 0.4317369734375 0.849583078125 0.4225740078125 0.85075049375 0.41771930468749996 0.8516946109375001 0.40288423125 0.8476972875 0.3903228859375
9 0.81705875 0.1818615796875 0.8089271671875 0.1879545921875 0.7995167015625 0.20273974843749998 0.7827666140625 0.22285496875000002 0.7664850484375 0.244508190625 0.75332285 0.2559448796875 0.7498315671875 0.261297628125 0.7443027 0.26612662187499997 0.742432496875 0.2686743265625 0.7411982 0.2758314953125 0.7365058828125 0.2783625609375 0.735141359375 0.28116911875 0.7353013109375001 0.2844964125 0.7365469328125 0.285783121875 0.7391496484375 0.28451910156250004 0.7412838390625 0.28171708125 0.742443825 0.2771182015625 0.7473481125 0.2761236265625 0.7541374656250001 0.2720696828125 0.764247184375 0.2685470640625 0.76835208125 0.268571265625 0.7738625515625001 0.2732094671875 0.7785290421875 0.2804014265625 0.7862742046875 0.2876115328125 0.802192365625 0.3138044328125 0.8092124453125 0.319475028125 0.812993903125 0.32180017968749997 0.8155520328125 0.32207113593750003 0.8226350984374999 0.31673955781249996 0.8265949062500001 0.312924809375 0.8298222000000001 0.3078263734375 0.833495725 0.305033428125 0.8475058015625001 0.2997426921875 0.8532912250000001 0.29491521249999997 0.8717742203125001 0.285812753125 0.8752580703125 0.2807158296875 0.8781431703125 0.26973029843749996 0.8721974343750001 0.253575240625 0.857703246875 0.222529146875 0.85256823125 0.2137991890625 0.839900021875 0.19939561249999999 0.830615525 0.1921764265625 0.8199031578125 0.1811107296875 0.81705875 0.1818615796875
9 0.283573221875 0.46503830625000003 0.2819408171875 0.4593994765625 0.284067575 0.456853284375 0.285498978125 0.4517442625 0.2877481703125 0.4361492625 0.2873688203125 0.4315413140625 0.277419053125 0.438391225 0.2516332265625 0.433889359375 0.24163497656250002 0.4335745390625 0.22445669218750003 0.42426183437500004 0.1614327390625 0.40316454999999995 0.1524309828125 0.4038790984375 0.1343531671875 0.40786648750000004 0.1142600609375 0.410562628125 0.1080255953125 0.41318142187499995 0.10601307499999998 0.48246551249999997 0.1334402203125 0.49229921406250005 0.151332259375 0.49470755781250003 0.1558833859375 0.49703724843749997 0.1745153671875 0.5004734453124999 0.18965217031249998 0.500562684375 0.21006517812499997 0.504521128125 0.2210673609375 0.5056094843750001 0.226403015625 0.5074320546875 0.2473885875 0.509346890625 0.26959005937499997 0.5135717484375 0.2795139984375 0.5164448609375001 0.284667409375 0.5157076234375 0.2870655890625 0.512651284375 0.2842693015625 0.5029116234375001 0.2796176734375 0.4952080078125 0.279546896875 0.4888107640625 0.28004868125 0.4803699109375 0.283573221875 0.46503830625000003
9 0.2825618609375 0.4645205984375 0.2792047015625 0.482923665625 0.27867319375 0.4923878359375 0.282912209375 0.505462353125 0.28299041875 0.51160376875 0.281135078125 0.513639815625 0.275996525 0.5138653921875 0.26351446093750003 0.510721325 0.232582653125 0.5067008671875 0.21192795156250002 0.5022292546875 0.1889270890625 0.49902317343749997 0.16243494375 0.5011698421874999 0.15725923749999998 0.502674565625 0.15566045 0.504712125 0.154879815625 0.513918953125 0.1610796625 0.591996790625 0.1675947859375 0.632719015625 0.174753609375 0.6954501234375 0.175969509375 0.6977601499999999 0.217282090625 0.6800925984374999 0.25459027500000003 0.667774771875 0.2781300765625 0.66126085625 0.29997059375 0.6514105703124999 0.308496390625 0.6494138515625 0.30955977031250004 0.64814075625 0.310180453125 0.6356066328125001 0.308934103125 0.5990094359375 0.30876563749999997 0.54297224375 0.30442113593750003 0.4628583609375 0.3032721171875 0.458245871875 0.3010077 0.456697284375 0.29309162031249997 0.45537124687499997 0.284625275 0.4553213328125 0.282483653125 0.4583791828125 0.2825618609375 0.4645205984375
9 0.1703841984375 0.3070090546875 0.167305525 0.3069909 0.16763639375 0.304434121875 0.16508569687500002 0.3039073375 0.1649034515625 0.30134753281250004 0.1523728984375 0.2910387359375 0.1472640734375 0.29024099531249997 0.140924484375 0.28764488906249996 0.13731783749999998 0.2881353734375 0.13287464531249998 0.29092378124999996 0.12223305625 0.286255328125 0.1202326265625 0.284452421875 0.11182077500000001 0.2825264265625 0.11071636250000001 0.320547525 0.11097504218750001 0.32047594375 0.1167456015625 0.3161601234375 0.11980941406250001 0.3166899328125 0.1170134875 0.32460551249999997 0.1103709375 0.33243937031250004 0.10823183437499999 0.4060812953125 0.1089541296875 0.40771674375 0.1243174 0.39117557187499996 0.1294371921875 0.3827619453125 0.1411343671875 0.3687578875 0.14304915625 0.3646752078125 0.15616287499999998 0.34607378906249997 0.1683618359375 0.3236288765625 0.17528495156249999 0.3149700109375 0.1758872359375 0.31190308437500003 0.1738942375 0.30984435 0.172105778125 0.309577934375 0.1703841984375 0.3070090546875
9 0.6505321640624999 0.5703186031249999 0.640151028125 0.57435136875 0.629375678125 0.5742878421875 0.6122978953125 0.5703490625 0.6022922125 0.5702900718749999 0.5914648453125 0.5720173484375 0.5709329359375 0.5721521734375 0.5048419984375 0.5771358609374999 0.4965801890625 0.5788782625 0.4926724 0.5809022109375 0.48054385625 0.5920891187499999 0.46743013906249997 0.6106905375 0.4592613984375 0.6180626953125 0.454941 0.62545754375 0.43978969687499997 0.6435352046875 0.42957240625 0.659594971875 0.4295168546875 0.6703413125 0.43150242343749995 0.6726558765624999 0.442538225 0.681420621875 0.452696428125 0.6850627359375 0.4702614953125 0.6987275640624999 0.4801334171875 0.70339148125 0.4924668609375 0.7116521328125 0.512798128125 0.718424696875 0.5262023828125 0.7251564234375001 0.53513725625 0.7267443375 0.5392421515625 0.7267685375 0.5452023875 0.7247566937500001 0.55887026875 0.7135788609375 0.5768136015625001 0.6788859125 0.6019666906250001 0.6521675328125001 0.6185419624999999 0.6292366765625 0.6285734734374999 0.61957264375 0.6328641484374999 0.6132011109375 0.638935853125 0.607351828125 0.642977403125 0.600722959375 0.6495622171875 0.5948766984375 0.6531055171875 0.5877331421875 0.657336740625 0.583408246875 0.657901871875 0.58162046875 0.656972253125 0.5782886359375 0.6505321640624999 0.5703186031249999
9 0.6436047921875 0.5526225218749999 0.638131478125 0.5467051703125 0.6351048234375 0.5448962171875 0.6296576984375 0.5469110875000001 0.6246865296874999 0.550208128125 0.6212249734374999 0.5545375625 0.6181240078125 0.5552869 0.61530189375 0.5552702609375 0.611776990625 0.5529466234375 0.6025632671875 0.5521246828125 0.5985178234374999 0.550053846875 0.5950300765625001 0.5464510609375 0.5866415765624999 0.5348873171874999 0.568228634375 0.5150765359375 0.5625879359375 0.506087725 0.5583602453125 0.5014570843749999 0.553277246875 0.490936321875 0.5475622390625 0.4845058015625 0.5424495171875 0.47500835468749997 0.5371956015625 0.470371665625 0.5336484078125 0.4688155140625 0.53118688125 0.46521877656250005 0.5207013468749999 0.45517791250000006 0.5161240296875 0.444916003125 0.5084308875 0.4359150875 0.5100816890625001 0.432086725 0.5132643984375 0.428523265625 0.513368434375 0.42494165625 0.510468109375 0.41878360312499996 0.506392940625 0.417736084375 0.48635927968750003 0.41838559374999995 0.4742342703125 0.420616965625 0.46523994843749994 0.42107568593750005 0.4597928234375 0.42309055625 0.44949343124999996 0.4243092 0.43063108281250007 0.42880371093749997 0.40598684843750005 0.4291701625 0.39303272031250003 0.43344363281250003 0.37890728125 0.4338721 0.376780521875 0.4364182921875 0.37710431875 0.4517725859375 0.3785583765625 0.46355131875 0.37807925 0.488879928125 0.3805000828125 0.5027113453125 0.3836463578125 0.5357375171875 0.384018640625 0.5582565453125 0.3836357546875 0.562604128125 0.38176555156249997 0.5651518328125 0.3816689453125 0.5684776140625 0.3825950296875 0.5807649796875001 0.38347263125 0.585887615625 0.3865997859375 0.5930704984374999 0.3903886734375 0.59513981875 0.3921102546875 0.5977087 0.394382103125 0.5990014609375 0.39433008593749996 0.6007922640625 0.3963007890625 0.6036184890625 0.39950579375 0.599287540625 0.404952915625 0.5972726703125 0.41242276406249995 0.5962932171875 0.42155084531250003 0.5912295703125 0.425384321875 0.5917639171875 0.42865266875 0.59408604375 0.45675846093750005 0.5893901578125 0.48658583593750004 0.5872631515625 0.49923138749999996 0.584778975 0.53735029375 0.579886246875 0.5614442609375 0.5807959171875 0.5877838875 0.5750661234375001 0.64714491875 0.5720897453125 0.65333941875 0.5708469015625 0.6544102296875 0.5693179749999999 0.6436047921875 0.5526225218749999
9 0.48383449843750004 0.59364375625 0.48573442499999997 0.5900727359375 0.4852658984375 0.5885347359375 0.48323574531249996 0.587755146875 0.4763013015625 0.5879701374999999 0.45647217968750003 0.5904119624999999 0.44506482031249994 0.5944386781250001 0.4342151578125 0.5969334421875 0.40560368437500005 0.601370475 0.40196731406249997 0.602884275 0.3998331234375 0.605686296875 0.39649789687500003 0.60566663125 0.3902846390625 0.5987214296875 0.3811523 0.5774301234375 0.3802262140625 0.565142759375 0.38207412500000004 0.563362540625 0.384383128125 0.5633761546875 0.3859893453125 0.5610827656249999 0.3860300359375 0.5508480828125 0.384602165625 0.5470015703125 0.3743845140625 0.54540609375 0.36643128125 0.5453592031250001 0.360292696875 0.5535109484375 0.3539644359375 0.559358721875 0.349015559375 0.561888275 0.33922927812500003 0.5631099453124999 0.331960071875 0.5571820078124999 0.3244452765625 0.542041190625 0.3195038328125 0.544314915625 0.3164251609375 0.544296765625 0.31440986875 0.54300551875 0.3118220140625 0.5437578796875 0.31032373125 0.5511693671875 0.30962166875 0.584172853125 0.3180409796875 0.647679009375 0.350296615625 0.6591275921874999 0.357186471875 0.660447578125 0.36577561406250003 0.66510393125 0.389140965625 0.673429621875 0.3967261765625 0.6773124359375 0.4051182125 0.6799206453125 0.4166112109375 0.6817795140625 0.41944818906250003 0.68128449375 0.4197419015625 0.6800068609375 0.4225342921875 0.6810468140625 0.4300041390625 0.6800673609375 0.4310823828125 0.6782826078124999 0.429316215625 0.677248703125 0.433142259375 0.678038878125 0.44124411874999997 0.6729691828125001 0.4402996375 0.6701490109375 0.43228305625 0.6634490484375 0.4328853421875 0.6603821234375 0.44040331093749996 0.6489121578125 0.45314900468749997 0.6341466640625 0.46363028125000005 0.61783258125 0.47050880937499995 0.610708690625 0.48383449843750004 0.59364375625
9 0.7518414078125 0.722136865625 0.748874203125 0.7182812765625 0.7456132859375 0.7157033203125 0.71894243125 0.706334646875 0.6985219921875 0.7026320328125 0.68991055625 0.6987431671875 0.6871627515625 0.6961682390624999 0.67781880625 0.6909956875 0.6689472796875 0.6960608453125 0.6501369515625 0.69876455 0.6441692812500001 0.701032225 0.63945466875 0.704330778125 0.6342789625 0.705835503125 0.6265341640625001 0.7162806390625 0.6177369484375 0.7187875046875 0.6155953281250001 0.7218453546875 0.601269246875 0.7291812125 0.5928439515624999 0.7365518578125 0.5878802140625 0.7395930703125 0.5785886484375 0.750284959375 0.5788080484375 0.7515656203125001 0.5830877562500001 0.75440545625 0.5885462078125 0.7608344625 0.5936960859375 0.7690527625 0.5970575015625 0.7770046453125 0.6004302499999999 0.79340040625 0.606149153125 0.8085306328125 0.616843121875 0.8290635234374999 0.619137625 0.8472440375 0.6240621203125001 0.9250584843749999 0.6252482953125 0.9283918265625 0.6287954921875001 0.929947978125 0.6485389734375 0.9216205671875001 0.6849992828125 0.903156790625 0.7233262609375 0.8911008453125 0.7654159421875 0.873182003125 0.78299550625 0.8686799296875 0.7984483140624999 0.8667240484375001 0.8074946546874999 0.864474525 0.8176415265625 0.859672759375 0.8211105156249999 0.855087496875 0.8188273390624999 0.845350859375 0.8121416609375001 0.828167946875 0.79147526875 0.7975972109375 0.7841724421875 0.783992884375 0.7723705046875 0.7662680640625 0.761903365625 0.7467599984375 0.7518414078125 0.722136865625