24 0.21802390468750002 0.21397481875 0.2107799609375 0.2099223828125 0.19414846562500002 0.20599991874999998 0.18616943125000002 0.237995315625 0.1947792296875 0.27849763906249997 0.1907863203125 0.3099556796875 0.19157633125 0.3376812765625 0.19818058593750001 0.3553321921875 0.206460334375 0.3618511390625 0.21357298125000002 0.3620167015625 0.24227272187499999 0.3440264375 0.26435813124999996 0.288565559375 0.271076890625 0.27707051250000003 0.2721093390625 0.27293045781249997 0.27016677968749997 0.2674799296875 0.272103740625 0.2619195125 0.27042153281250003 0.25983834843750003 0.2485640140625 0.2548051171875 0.2263159671875 0.2447178390625 0.22087993125 0.23562249375 0.22009439999999997 0.2167056484375 0.21802390468750002 0.21397481875
24 0.3595013609375 0.2181889703125 0.3273003109375 0.2171190953125 0.28578594375 0.211468140625 0.2760843375 0.20623739687499998 0.25138198125 0.20157837500000003 0.22138048437500002 0.20272182500000002 0.21931446718749997 0.20879974687499997 0.2215308125 0.2440459015625 0.228517759375 0.251335540625 0.2367963875 0.255652296875 0.25749016406249997 0.2609387171875 0.30495119375 0.2626040421875 0.3372835375 0.26756078906249997 0.341157465625 0.25643995468749997 0.33584376875 0.2336139671875 0.341401025 0.22677648593750002 0.37153493437499996 0.231722096875 0.39120969375 0.2675748375 0.39405452812499997 0.26720062499999997 0.39495456406249996 0.256971509375 0.399091078125 0.2536244171875 0.40076993125 0.24909901250000002 0.3957210671875 0.2384511453125 0.396622221875 0.23042421875 0.3896363921875 0.2253367703125 0.3595013609375 0.2181889703125
24 0.48679395000000003 0 0.486511409375 0.000168434375 0.48224695625 0.0062352234375000004 0.4654394203125 0.014052046874999998 0.4567803375 0.02450094375 0.452006378125 0.045850893749999996 0.43920518125 0.048635940625 0.42640622656250005 0.055825365625 0.4022357671875 0.0799269609375 0.3992652375 0.087425246875 0.3995300640625 0.099603365625 0.3957818359375 0.103600128125 0.38440585625 0.1117035390625 0.3692782921875 0.117197146875 0.3635931 0.12675432656250002 0.3526054078125 0.13550740781249998 0.3473073859375 0.14351206249999998 0.3217072359375 0.1534865359375 0.30270350625 0.165696603125 0.2827986171875 0.185933596875 0.275564753125 0.2017008578125 0.2773771359375 0.205466703125 0.284880309375 0.2106863140625 0.332472634375 0.21623851093750002 0.35187025 0.21568905468750002 0.38729099218749996 0.19060812031250002 0.41133127500000005 0.1648218453125 0.42309442031250005 0.1551659109375 0.448047053125 0.1433745984375 0.45606197187499997 0.1377154234375 0.46407465312499996 0.1276518734375 0.47040960312499996 0.1243159140625 0.4794614515625 0.1233254390625 0.49225928906250005 0.11393382656249999 0.50918804375 0.090184175 0.5270134765625001 0.0495988421875 0.537866515625 0.030352325000000003 0.5485716546875 0.0008511875000000001 0.5437443296875 0 0.48679395000000003 0
24 0.3655097671875 0 0.36534391718750003 0.0093997890625 0.3663830828125 0.0184728640625 0.3702670828125 0.0271717296875 0.37249350312499996 0.0822375828125 0.3708213703125 0.09997611875 0.36862741250000003 0.1087737375 0.36294110156250003 0.11612872656249999 0.3639769109375 0.1185952390625 0.3822085421875 0.1138945921875 0.3987557265625 0.1027084046875 0.40340063125 0.0818759625 0.41800525781250003 0.0652392515625 0.4306729171875 0.054162956250000005 0.4542048109375 0.045862031250000004 0.4561350578125 0.0270884796875 0.4439769046875 0.022881615625 0.435176453125 0.0096239421875 0.43316514375 0 0.3655097671875 0
24 0.43833246406250004 0 0.4386688078125 0.011066571875 0.44307015312500003 0.019897596875 0.45742449843750005 0.0197112203125 0.46931782499999997 0.0117399671875 0.47823949375 0.009064809375 0.4895421296875 0 0.43833246406250004 0
24 0.24469648125000001 0.5329082984375 0.247808384375 0.5491165812500001 0.256606596875 0.5579698765625001 0.2685066359375 0.5632117562500001 0.2778177171875 0.56338845625 0.28440966093750003 0.5568152937499999 0.2876427828125 0.5570907468749999 0.30070880624999996 0.5664838203125 0.3238613671875 0.5751507375 0.351028103125 0.5942012 0.3893138265625 0.60838545 0.4213936578125 0.62538815625 0.4401471109375 0.629628425 0.44208519375 0.626270196875 0.438071015625 0.615886653125 0.41194120625 0.6015048875 0.3977092 0.587960625 0.380883753125 0.5605424265625001 0.3742783765625 0.540689325 0.3743928796875 0.5115433625 0.330540946875 0.486579084375 0.2914719296875 0.4578823640625 0.2815122109375 0.4536866328125 0.2771164625 0.455866553125 0.2501067703125 0.49135330312500003 0.24933915 0.5076714765625 0.2537404921875 0.516502503125 0.24469648125000001 0.5329082984375
24 0.52560169375 0.0707067390625 0.5219814015625001 0.0719838078125 0.5060895734375 0.1004021546875 0.49161400625 0.1165213625 0.4920056546875 0.12377759375 0.5023547796875001 0.13082518125 0.5327501625 0.14134234375000002 0.5469810484375001 0.15268441875 0.5716867625 0.16395000625 0.5811313765625 0.172417953125 0.6169650328125 0.19643484218750001 0.6928833609375 0.21197555937499998 0.710080303125 0.2070105921875 0.7276621765625 0.19608872500000002 0.7305025328125 0.1869057609375 0.7292041359375 0.1766655109375 0.7240217375 0.15772639375 0.72143389375 0.15486340468749998 0.6750030765624999 0.14465364375 0.659872153125 0.1435406859375 0.6290896015625 0.1345760421875 0.62377814375 0.1161544359375 0.6057945499999999 0.10000036718750001 0.5955756015625 0.0946374609375 0.5514722734374999 0.08392133125 0.53594858125 0.07334995 0.52560169375 0.0707067390625
24 0.7436427625 0.0878740765625 0.6782082109375 0.089874378125 0.6427785171875 0.097337803125 0.6373514390625 0.10585996875 0.63424849375 0.1072691921875 0.6317975437500001 0.11930401718750001 0.633869159375 0.12423703593749999 0.6570261984375 0.1417127078125 0.7482045078125 0.157848875 0.7644958171875 0.15210208281249998 0.7960415109375 0.13593979375 0.8070269625 0.122782334375 0.835208240625 0.1024577234375 0.847609953125 0.07700111875 0.8464439703125001 0.07284992968750001 0.8419158046874999 0.0689407890625 0.8393466406250001 0.05212266250000001 0.7414545609375 0.0348616484375 0.74103029375 0.03656293125 0.7680758109375 0.0715462234375 0.7723469796875 0.078692565625 0.7719609296875001 0.082447275 0.763427546875 0.0857720984375 0.7436427625 0.0878740765625
24 0.8772354765625 0.0994320828125 0.8746476359375001 0.0965690890625 0.8672757546875 0.09523635 0.8460702343750001 0.1008287140625 0.8052168203125 0.12342086875 0.810018765625 0.15712563906250002 0.7875249203125 0.17229745000000002 0.7231149828125 0.1547423765625 0.7295957796875 0.1839217421875 0.7294712031249999 0.19324800625 0.71124405 0.20675740625 0.6953410250000001 0.21315386875 0.7532835984374999 0.22795584062500002 0.7809632015625 0.2383297109375 0.7861366421875 0.2396513140625 0.8079908078125 0.23807797812499998 0.8114753265625 0.2241052890625 0.8012552546875 0.2165401921875 0.808237725 0.21502107812500001 0.8229758828125 0.2066756109375 0.8366827109375 0.20467239531249998 0.8445674562500001 0.1973285390625 0.8492190781250001 0.189709228125 0.850121353125 0.1838844890625 0.8336976265624999 0.183542225 0.8320154171875 0.1814610609375 0.85708926875 0.1537369171875 0.8680724828124999 0.1361750828125 0.878144465625 0.10682047343750001 0.8772354765625 0.0994320828125
24 0.8818543109375 0.281718509375 0.8832716921875001 0.271621553125 0.8793865703125 0.2607205015625 0.8784742218750001 0.2467255421875 0.8743354671875 0.2456682578125 0.8395521734375 0.252746334375 0.8250687703124999 0.25345021874999996 0.7888535421875 0.2419967984375 0.7729471625000001 0.24178669375 0.750708071875 0.24931692499999997 0.7411355203125 0.2435686734375 0.7310478640625 0.2420926390625 0.725748721875 0.24789510781250002 0.7195428265625 0.250713559375 0.6941974328125 0.2530464515625 0.6546256234375 0.25284602343749996 0.6238453125000001 0.248285759375 0.6078098734374999 0.24859316250000002 0.5939739890625 0.2511138890625 0.57923583125 0.2594593515625 0.5651261640625 0.23218445468749999 0.5551675640625 0.2301909109375 0.5525797234375001 0.2273279203125 0.55076621875 0.22135988593749997 0.5529579375 0.2081578890625 0.551532721875 0.202839521875 0.5410556578125 0.19851163125 0.534713990625 0.188634459375 0.5278572171875 0.1830295015625 0.5147945515625 0.1802429984375 0.5041873140625001 0.1742304234375 0.49681207968749996 0.1662911171875 0.49189786562500004 0.1661366890625 0.48801946406249996 0.1684487671875 0.4841511328125 0.19058054687499998 0.48195381875 0.1927716 0.4788497515625 0.1919786375 0.4565938671875 0.16647604062500002 0.44753754375000004 0.1586577578125 0.4357665609375 0.1528983703125 0.43085570625 0.1593505078125 0.43682475781249996 0.19940865624999998 0.43463191874999996 0.21040846562499999 0.4286908546875 0.2254050359375 0.4220989125 0.23197819687500001 0.4108486328125 0.2329575375 0.3971395640625 0.2305563796875 0.396625578125 0.237030784375 0.4006386359375 0.24521214218749998 0.3974122296875 0.258149821875 0.3989698609375 0.2695572453125 0.381642740625 0.272837528125 0.35603811093750004 0.2740032453125 0.32241072656249997 0.26541281875 0.306892634375 0.26585238125 0.3105207609375 0.279990634375 0.3096184859375 0.285815375 0.3035438890625 0.2925206984375 0.293588646875 0.297133721875 0.2911332203125 0.3003597890625 0.292304803125 0.315521921875 0.285587159375 0.329219159375 0.2826199859375 0.3433240109375 0.2875465109375 0.367702515625 0.29893592343750003 0.38602536875000004 0.29855099687500003 0.391982265625 0.2935133234375 0.4033562875 0.295844171875 0.40945648125 0.301405903125 0.411427753125 0.3183469734375 0.4119021796875 0.3387770390625 0.4072126671875 0.36063232031250003 0.4078415234375 0.3796461265625 0.4154511546875 0.3969766015625 0.4187774390625 0.4031858546875 0.422565553125 0.40267074999999997 0.42683777031250003 0.3920702265625 0.43403832812500004 0.384703946875 0.4437165328125 0.3840597859375 0.44850625624999996 0.389500296875 0.46641035625000005 0.38213849375 0.48489731562499994 0.38692812656250003 0.4943780078125 0.40038132187500003 0.5022185593749999 0.4107282078125 0.5048617671875 0.41641787656249996 0.5041133453125 0.41977893593750004 0.5016691046874999 0.42430038281250004 0.4923651109375 0.42908441875000003 0.49083486093750006 0.5075861109375001 0.5004298140625 0.5902187249999999 0.49566673281250007 0.610649909375 0.49317940781249997 0.63767415625 0.4863211140625 0.6619803875 0.4749151484375 0.7002616328125 0.4802906453125 0.72237950625 0.48869324062499997 0.7248360515625001 0.48766936093749996 0.7270300078124999 0.4788717390625 0.7316838671875 0.47565680468749993 0.756643215625 0.477078625 0.788188909375 0.46091633906249996 0.81327395625 0.45521408281250003 0.8291814562500001 0.4576263734375 0.8324123390624999 0.4534974515625 0.8293026781249999 0.44169354531250005 0.8302060687499999 0.4380709953125 0.8392556796875 0.43267614375 0.8424887984374999 0.4329516 0.8454649312500001 0.43646425625 0.846254940625 0.46418985937499996 0.8577689296875001 0.4731864484375 0.8620401 0.480332790625 0.8619177609375 0.49406343125 0.8650251859375 0.501462959375 0.8765358187500001 0.50385298125 0.895539546875 0.49164291718750003 0.9127353734374999 0.4844757609375 0.9179166515625001 0.5012126890624999 0.9237387343749999 0.5065533234374999 0.9254254218750001 0.5174432421875 0.9271828265625001 0.514809521875 0.9537654328125 0.40821500781250003 0.9494220468749999 0.4057716046875 0.9292344218749999 0.378595459375 0.912544746875 0.3638728875 0.9018084515625 0.358377821875 0.9006413484375001 0.3520244421875 0.9572799218749999 0.3455752203125 0.96909830625 0.3467311875 0.987181071875 0.27422048593750004 0.985175103125 0.27123090156249996 0.9767674156249999 0.2674316546875 0.9681049765624999 0.271273984375 0.9507778578125 0.27455426875 0.939529815625 0.2799379859375 0.917943840625 0.30029600625 0.8920889359374999 0.3179120578125 0.8882082921875 0.3158197578125 0.8831605453125 0.3073740796875 0.8818543109375 0.281718509375
24 0.6912165015625 0.4944942515625 0.66355145 0.5127488375 0.656572340625 0.5208745203125 0.6554108328125 0.5255320859375 0.6634358265625 0.5396926078125001 0.661368690625 0.5435683453125 0.6499882312499999 0.5428630046875 0.6452008375 0.5377866859375 0.6396391046875001 0.535815415625 0.6366685734375 0.5433137015625 0.63214265 0.5438089359375 0.6274831921875 0.536012928125 0.620369428125 0.533645175 0.5764074671875 0.5466356109375 0.5214511 0.555165996875 0.4995935796875 0.5501327625 0.49053725468750004 0.5423144843750001 0.490922184375 0.5363575843749999 0.5029333703125001 0.5058469390625 0.5011187484375 0.4976767140625 0.420935965625 0.48820278593750005 0.41925599374999994 0.4905259984375 0.4195208234375 0.50270411875 0.41499601875 0.5054015453125 0.3987002296875 0.5023395859375 0.390937825 0.49595279999999997 0.38576438281250003 0.494631196875 0.38201615625 0.49862795625 0.37285428125000003 0.5375731499999999 0.3780355609375 0.5543100734374999 0.399132178125 0.5888746140625 0.41504527187500007 0.60229785 0.4451836625 0.6160522171875 0.4605738203125 0.6183323484375001 0.47117657968750004 0.615536165625 0.483721903125 0.6181905109375 0.512041190625 0.6149659 0.5336305234375 0.60121445 0.554836046875 0.5956220828125 0.574875584375 0.5858785265625001 0.6417241546875 0.5671747015624999 0.6863257968750001 0.5405857859375 0.7294999859375 0.504274125 0.7305324375 0.50013406875 0.7235454875 0.49284443125 0.7134555921875 0.48696401875 0.7063418296874999 0.484596265625 0.6984548453125 0.48753574375 0.6912165015625 0.4944942515625
24 0.593366446875 0.5823450578125 0.5760438046874999 0.5944340968749999 0.5425667468750001 0.6271677437500001 0.5322243375 0.6333332890625 0.5203287734375001 0.636900165625 0.4876137390625 0.6423046953125 0.475584640625 0.6375803234374999 0.44971182656249997 0.6199613562499999 0.4396241703125 0.6184853218749999 0.44687818593750006 0.6423574546874999 0.4614973625 0.6543491984375 0.4763724140625 0.660901546875 0.5145257234375 0.668996740625 0.52758726875 0.6695810546875001 0.5419393765625 0.6649903015625 0.5460781328125 0.6660475859375 0.5498341953125 0.67746614375 0.563936028125 0.6893257234375 0.5691094718749999 0.6906473296875 0.5757036546875 0.6884785453125 0.6086835171875 0.69525213125 0.61928628125 0.69245595 0.6384190656250001 0.679728378125 0.6575451359375 0.653787671875 0.6593485640625001 0.6399360062499999 0.6470468031250001 0.6076181953125 0.652085596875 0.5984463640625 0.6749621343750001 0.572913275 0.6756051750000001 0.5659213624999999 0.6714630625 0.5582575125 0.664221359375 0.558609453125 0.6395279578124999 0.5715679421875001 0.621941609375 0.5736810546875 0.593366446875 0.5823450578125
24 0.1961604640625 0.45169985625000003 0.2080661 0.4679526765625 0.21492287187499998 0.473557634375 0.21131265781250003 0.49465439843750003 0.213384271875 0.49958741875 0.21920635625 0.50492805625 0.23485574531250003 0.5083753609375 0.24520039218749998 0.5066141953125001 0.251658803125 0.4917497828125 0.27401687343750003 0.46388234375000004 0.2866789390625 0.44179510625 0.2976655125 0.43083983437500006 0.29985946874999997 0.422042215625 0.29856330781249996 0.41620634375 0.27386319375 0.41595170000000004 0.2686919890625 0.41903447343750005 0.2522693828125 0.42089439687499997 0.2363674796875 0.42949304687499995 0.21050473749999998 0.431693778125 0.2024909359375 0.43955514375 0.1975800828125 0.4460072765625 0.1961604640625 0.45169985625000003
24 0.850121353125 0.1838844890625 0.8505107593749999 0.1867363453125 0.8382336234375 0.20286668593749999 0.8158643578125 0.20871223749999998 0.8121183703125 0.21711337656250002 0.8067002453125 0.24325305 0.8099367265625 0.25013507343749997 0.8334753359375 0.255047278125 0.8431724640624999 0.25146926875000003 0.86890503125 0.2475838546875 0.88002401875 0.2427176453125 0.8833839578125 0.2380712171875 0.8946152078124999 0.19965466406250001 0.9013317296875 0.1837552421875 0.898479059375 0.168714134375 0.8914898718750001 0.1570201171875 0.8821765546875 0.152439040625 0.860578265625 0.14857298125 0.8378319046874999 0.175790753125 0.8317561875000001 0.1802938859375 0.8303354484375 0.18378427656250002 0.8470172859374999 0.183091525 0.850121353125 0.1838844890625
24 0.65079279375 0.59921705625 0.6473049171875 0.60658318125 0.65119115625 0.6196864234375 0.65908485625 0.629960078125 0.6810714328125 0.6344758046875 0.6898674078125 0.6389247203124999 0.712499265625 0.6408529109375001 0.7219338046875 0.629501159375 0.7299420078125001 0.6106288531249999 0.738994971875 0.61184056875 0.7459763265625 0.6081192640624999 0.7515380578124999 0.610090534375 0.7591658078125 0.6059838796875 0.7714395859375001 0.5832469765625 0.7663918375 0.574801296875 0.751907315625 0.5733029921874999 0.74233364375 0.5653525515625 0.7164664265625 0.5587445296875 0.6953877203125 0.5594150078125 0.6763795125 0.5628163171875 0.6730229296875 0.5740693125 0.65079279375 0.59921705625