27 0.52620389375 1 0.6915997015625 0.9826162 0.6911470453125 0.967737278125 0.6909694953125001 0.9272331656249999 0.6897041609375 0.9096139546875 0.682286196875 0.89272461875 0.669098584375 0.884113446875 0.663165803125 0.8753503953124999 0.66035783125 0.864128384375 0.6529369015625 0.799196434375 0.6509329515625 0.78938513125 0.6475415484375 0.7792701390625 0.642723896875 0.770526678125 0.628284625 0.7557485374999999 0.6172618765625 0.7379579281249999 0.613948065625 0.724492490625 0.607619371875 0.7087395578125 0.6036502609375 0.687441728125 0.5974193 0.679511390625 0.595473540625 0.6671872546875 0.5930097546875001 0.6651887578125 0.585495540625 0.6644981249999999 0.560664434375 0.664899890625 0.546744671875 0.6638174218749999 0.5054775484375 0.6513611953125 0.4807046375 0.649250125 0.4184511796875 0.63977705625 0.39319183125 0.6345849546875 0.3771581921875 0.6284376453125 0.3355548296875 0.630500003125 0.32575861875 0.632003825 0.31534665 0.6360106859375 0.3026332890625 0.6430496078125 0.2880920359375 0.6567600328125 0.2628543109375 0.6867622812499999 0.2467186953125 0.7091035328124999 0.2319446671875 0.7328652875 0.20124194218749997 0.7700337828125 0.196872675 0.778057228125 0.17551204843749998 0.80924485 0.1400966109375 0.8572239296875 0.12991890156250002 0.8752007640624999 0.12504379999999998 0.8809807890625001 0.11863252656250001 0.8928788078125001 0.11319339218749999 0.8989282390625 0.10938169375 0.9069614828124999 0.093765175 0.9309735531250001 0.0921665890625 1 0.52620389375 1
27 0.47379610781250003 0 0.36327643125 0.0116160859375 0.3641735078125 0.020973953125 0.3638760671875 0.033817320312499996 0.3668220515625 0.075208015625 0.36979315625 0.10347124375000001 0.372530003125 0.11776449687499999 0.3841110578125 0.14757555625000002 0.3900316484375 0.1689076640625 0.394778171875 0.1807223640625 0.40362238125000005 0.19624017031250002 0.4166806703125 0.21043541562499998 0.4213617921875 0.2130314984375 0.43935337968750005 0.21893388906250003 0.44755522187499996 0.22606089062499998 0.4616955734375 0.2296610890625 0.47081136093750003 0.23345234062500003 0.4790261375 0.240020940625 0.5016923796875 0.248798615625 0.509628371875 0.255362315625 0.5359381953125 0.26336604218750004 0.544418821875 0.27049794375 0.576310771875 0.278320409375 0.5872875171875 0.28605479375 0.6340915109374999 0.3002841859375 0.6733101593749999 0.31689418593749996 0.7041063765625 0.3238594546875 0.7147066046874999 0.3237663421875 0.7468499953125 0.30868921562499996 0.7575019515625 0.30636247499999997 0.77747014375 0.299171675 0.7927119546875 0.2913392171875 0.80069246875 0.2839378375 0.8061574703125001 0.2767715890625 0.8105590656249999 0.267352125 0.81627051875 0.261586790625 0.8212038156249999 0.2532939328125 0.8280497984374999 0.2467105796875 0.84391309375 0.224085225 0.849909796875 0.21804558749999997 0.852826953125 0.212510484375 0.86059334375 0.2023121765625 0.8710692343750001 0.183502625 0.87415450625 0.1707082296875 0.8742967593750001 0.1645657515625 0.8736996578125 0.15422052656250002 0.8709046171875 0.14244010468749999 0.8612757859375 0.1246739796875 0.8498837265624999 0.1107873203125 0.8400027187499999 0.10391013906249999 0.8234826406250001 0.0946817921875 0.7940997375000001 0.08690340156250001 0.774208396875 0.07873310624999999 0.7489878437499999 0.07186577968749999 0.730574478125 0.0600903234375 0.7232477796875 0.0513027890625 0.7035116234375 0.03643160625 0.67806401875 0.02732575625 0.6632231046875 0.017847590625 0.6469171484375 0.0114161765625 0.636173925 0.0056411171875 0.6159391390625 0.0002579625 0.6143899078125 0 0.47379610781250003 0
11 0.22561219062500001 0.23556943125 0.20871633906249998 0.2305242421875 0.1857971765625 0.22062485468749998 0.1716438921875 0.2175830640625 0.1610048703125 0.219351396875 0.1469363859375 0.22469061406250002 0.14014213125 0.2290403390625 0.127280046875 0.24250094687499998 0.1206223203125 0.25299804843749996 0.11679122500000001 0.26186889999999996 0.11067240781250001 0.28522406093749997 0.1083814546875 0.299847971875 0.105084653125 0.4422027296875 0.107520659375 0.4815286921875 0.11019284375 0.49861397968750004 0.1157958546875 0.5216164156249999 0.1216898390625 0.532054684375 0.12688326249999998 0.5366149906250001 0.13294536875000001 0.5397939671875001 0.144129028125 0.5385938359375 0.1582492375 0.5310209921875 0.16480350625 0.52499114375 0.17612941875000002 0.5176485343749999 0.1980806828125 0.4970853421875 0.20969831249999998 0.48918922187499997 0.21710833125 0.4823364578125 0.227863746875 0.47554245625 0.2506836890625 0.45359794062500003 0.2591571109375 0.44899839375 0.276175078125 0.43672805937500003 0.28334510625 0.42819517500000004 0.29044401249999996 0.42273353281250003 0.312434071875 0.40049512031249995 0.318651359375 0.39697320937499997 0.325653271875 0.3956996203125 0.330444315625 0.3935492453125 0.342476515625 0.3797947421875 0.3465411328125 0.37288321406249997 0.351105121875 0.3684943078125 0.35617494843749997 0.36634882968750004 0.3616658140625 0.3580657671875 0.3681812859375 0.35371114375 0.372005915625 0.34511949531249997 0.3785537203125 0.3393688515625 0.38095856875 0.33186953125 0.3792721953125 0.32038790625 0.37711305624999997 0.3172774875 0.35260525625 0.30371907187499997 0.34743123124999997 0.29832115625 0.338911809375 0.292864475 0.312633575 0.271454078125 0.291471171875 0.2579544265625 0.2801509828125 0.253007184375 0.2576600703125 0.24870166249999998 0.24768853281249997 0.24573332812499998 0.22561219062500001 0.23556943125
11 0.8280794453125001 0.727136690625 0.8301149859375 0.7235413203125 0.8335121125 0.72136645625 0.8406692109374999 0.71339198125 0.8430029359375 0.7089639015625 0.8455572468750001 0.70705355 0.850263490625 0.6965221671874999 0.8742236890624999 0.6614697703125 0.8884401546875 0.637698221875 0.9255218203125001 0.5900277265625 0.9293335203125 0.5819944859375 0.9324493796875 0.5799221125 0.932656315625 0.570986571875 0.9273360343749999 0.571903978125 0.9135269375 0.5780857 0.890524459375 0.5838266125 0.8723841515625 0.584345909375 0.8637806687499999 0.582518875 0.8383330609374999 0.5734130265624999 0.812554940625 0.566535909375 0.786283915625 0.556856959375 0.74878396875 0.55033256875 0.743441825 0.552193946875 0.7366475718750001 0.5565436734375 0.7309425843749999 0.56202980625 0.7145993140625 0.581294921875 0.7073064296875 0.5951326734375 0.70532908125 0.5962152046875 0.7037469078125 0.592276971875 0.7040120171875001 0.5808296234375 0.702306246875 0.5701856078125 0.6970474203125 0.5564066859375 0.6903106203125 0.5462329265625 0.686103009375 0.5472762828125 0.6872900078125 0.5562352859375 0.6865125953125 0.5657184156249999 0.68299981875 0.5849295953125 0.681217196875 0.589646675 0.6792204500000001 0.59156681875 0.6704941109375 0.5950446546875 0.647459303125 0.6021815859374999 0.6305253953125 0.6108222718749999 0.6262660546875 0.6140992609375 0.6209239109375 0.6159606390625 0.6195429265625 0.6153777421875 0.6123390843750001 0.6012853421875 0.6073921125 0.598125953125 0.5967588109374999 0.5876044312500001 0.58926399375 0.5860761875 0.5881165328125 0.58745261875 0.5874296453125 0.593026896875 0.5898043875 0.62295555 0.5925541625 0.6366904 0.59787765 0.64767728125 0.6101448546875 0.659903409375 0.6233849328125001 0.67829160625 0.6277678703125 0.6817204015625 0.6329225015625 0.687955928125 0.6385312359374999 0.69866850625 0.6442377031250001 0.71720368125 0.649327671875 0.7262312453125 0.6682670140625 0.7514231671875 0.68821156875 0.7813811390625001 0.7025861796874999 0.7989513125000001 0.7066192078125 0.805446453125 0.71749249375 0.8176480953124999 0.7235804609375001 0.8197102578125 0.7365338140625 0.814351453125 0.7540964156250001 0.8026493218749999 0.7814803484375 0.7763159015625 0.8184262312499999 0.73450868125 0.8229514234374999 0.7317950015625 0.8252657484375 0.7282045312500001 0.8280794453125001 0.727136690625
9 0.4062600890625 0.6001791812499999 0.4227592859375 0.5862238296875 0.42794550156250005 0.5790526859375 0.43193252656250003 0.575491596875 0.4394653984375 0.5633339640624999 0.4449174671875 0.5567261234374999 0.444787403125 0.55029954375 0.43832938437499996 0.54013068125 0.3925341046875 0.48234552500000005 0.38192666875 0.47070718749999996 0.365768690625 0.44584344062500003 0.34521484375 0.4181093015625 0.33552134843750003 0.40313521406249997 0.32952390781249996 0.3971641984375 0.3248363234375 0.39484732031249997 0.318625496875 0.3980900265625 0.30839531875000004 0.4062898375 0.2893030125 0.42383075937500003 0.2742623921875 0.4350185578125 0.25233052499999997 0.4547441390625 0.24212620937499998 0.4618271359375 0.228738890625 0.4738819296875 0.2128489875 0.48561344218749997 0.20088144843750003 0.49657590625000003 0.15802218437499999 0.5287824640625 0.14490718281249998 0.5411213578125 0.132420875 0.5503988078125001 0.12354581406250001 0.560298325 0.122307821875 0.565583603125 0.121375225 0.581767621875 0.12579769999999998 0.5955318515625 0.14783026562499998 0.631671478125 0.1636124671875 0.6607183859375 0.188621121875 0.7008207343749999 0.1932505109375 0.7056504453125 0.20522027656250003 0.730719940625 0.2108678078125 0.7397572968749999 0.2168911140625 0.7446114953125 0.22139044531250002 0.7430146265625 0.2279641109375 0.7361471703125 0.248708975 0.7074625890624999 0.2598595640625 0.6956478234375 0.272792775 0.679115978125 0.2939464859375 0.6568628750000001 0.3008571296875 0.647487484375 0.3091164265625 0.640091003125 0.3207081921875 0.6333116953125 0.334173846875 0.6299171109375 0.34591507187500004 0.6287267734374999 0.3673490484375 0.630499871875 0.3746426765625 0.628672771875 0.3766458890625 0.626473425 0.379011940625 0.620649325 0.3827395796875 0.6162457296875 0.4062600890625 0.6001791812499999
9 0.1757244828125 0.6796453984374999 0.1680608078125 0.673365796875 0.1639372546875 0.670779509375 0.1611558875 0.670451334375 0.153492953125 0.6761823875 0.1492142140625 0.6802969828125 0.14573949375 0.6858222921875 0.14176539999999999 0.6888249703125 0.12657531875 0.6944238 0.120319234375 0.69962093125 0.1002928453125 0.7093245625 0.0988491875 0.711447796875 0.0981982609375 0.7395545828125 0.1000356828125 0.7445140140625 0.11598027968749999 0.7785914796875 0.121614878125 0.78818724375 0.135470721875 0.8040724000000001 0.14560465 0.8120712984375 0.1573142875 0.82428763125 0.16040030156250001 0.8235038890625 0.1691977640625 0.8169548125 0.1793302140625 0.8009324031249999 0.1974043765625 0.7791838359375001 0.21495977187499998 0.75575025625 0.22918990625000002 0.7434309515625 0.2329498765625 0.7376313375 0.23892718125 0.732429309375 0.24094332343749997 0.7296715546875 0.24223950625000001 0.7218734421875 0.24732226562499998 0.719169553125 0.24878730937500002 0.7161228000000001 0.2485925859375 0.7124882578125 0.24723099999999998 0.7110677515625 0.2444108359375 0.7124148 0.24210944531249998 0.715446859375 0.24087792187499998 0.7204529375 0.235555175 0.72147670625 0.22820335468750003 0.7258166390625 0.217240284375 0.7295345 0.21277975 0.7294561453124999 0.2067629109375 0.7243227437499999 0.20164708125000003 0.716411996875 0.1931858515625 0.708442484375 0.1757244828125 0.6796453984374999
9 0.7362961796875 0.5355887125 0.7339502609374999 0.552585853125 0.734391440625 0.557621309375 0.7451597859375 0.5502689078125 0.7732069687500001 0.555509978125 0.7840730484375 0.555980171875 0.8027975265625 0.5663645093749999 0.8714120125000001 0.5901944968749999 0.8811888250000001 0.5895282843749999 0.9008071062499999 0.5854038265625 0.9226233265625 0.5827145640625 0.932478603125 0.5786601796874999 0.934174109375 0.505448840625 0.90126821875 0.49323724843749994 0.881811590625 0.49038161562499993 0.8768516859375 0.48778063437499997 0.8565845703124999 0.4837934953125 0.840136359375 0.4835045625 0.8179306937499999 0.47892473750000003 0.8059688796875 0.477597346875 0.8001596937500001 0.47554008124999997 0.7773447328125 0.4731840890625 0.7531940515625 0.468290778125 0.74239263125 0.4650285515625 0.7367975703125 0.4657682171875 0.734210925 0.46907458750000003 0.7373106140625 0.4797430921875 0.7424135140625 0.48821224531249996 0.7425306421875 0.49519723281249994 0.7420384796875 0.5044060546875 0.7383051140625 0.5210995046875 0.7401143421875 0.5272762656250001 0.7378194171875 0.5300291234375 0.7362961796875 0.5355887125
9 0.73864559375 0.47026975625 0.7406488078125 0.46807040625 0.746230934375 0.4678891453125 0.75981371875 0.4714795515625 0.7934494984375 0.47626015937500005 0.815921015625 0.481403290625 0.8409339140625001 0.48519447812500005 0.8697067781250001 0.4831860484375 0.875321240625 0.4816087734375 0.8770456687499999 0.4794045265625 0.8778360140625001 0.469362990625 0.8706083265625001 0.38404428125 0.8632729390625 0.33950399062500003 0.8550997171875 0.2709277046875 0.8537639984375 0.2683903859375 0.8089848421875001 0.28715599531249997 0.7685232156249999 0.3001317796875 0.742985825 0.3069454328125 0.719315859375 0.3174230125 0.7100642828125 0.31949503749999997 0.70891681875 0.320871465625 0.708321196875 0.334547546875 0.7099055953125 0.3745177375 0.7104410015625 0.435697609375 0.715665478125 0.52321566875 0.7169430046875 0.5282658203125 0.71941325625 0.529985115625 0.7280232078125 0.53153294375 0.7372230531249999 0.531694553125 0.7395309140624999 0.5283832875 0.7394073156250001 0.5216775015625 0.7429394874999999 0.501628709375 0.7434575156250001 0.4913030734375 0.7387691890625 0.4769755390625 0.73864559375 0.47026975625
9 0.86529191875 0.697903428125 0.86806681875 0.6985108078125 0.8682809406249999 0.7013077390625 0.8819614578125 0.7127207421875 0.887517725 0.713656296875 0.8944226421874999 0.7165707625 0.898338540625 0.716080915625 0.9031489828125 0.7130929265625 0.9147414875000001 0.718324271875 0.9169264921875 0.720317875 0.9269109578125001 0.7227278 0.9291101890625001 0.72410715625 0.9301268437499999 0.68020836875 0.9267592734375001 0.681106871875 0.9205161203125 0.6857455953125 0.91718365625 0.6851284234375 0.9201719359375 0.6765220828125 0.9276272140625 0.66771489375 0.9305766984374999 0.6607837734374999 0.9321172437499999 0.5942635125 0.9284066453125 0.5858886437499999 0.9118169234375 0.6037528421875 0.9063066609374999 0.6128735171875 0.8936845640625 0.6280142421875 0.8916296218750001 0.6324472203125 0.8774972218749999 0.652589125 0.8643829593750001 0.676938671875 0.8569147484374999 0.6863042687500001 0.8562795890625001 0.689644915625 0.8584581281249999 0.6919177249999999 0.8604031421875 0.6922312078124999 0.8622899640625 0.695057525 0.8656353625 0.695116290625 0.86529191875 0.697903428125
9 0.53761035625 0.35975985 0.546440153125 0.3518147578125 0.5510882015624999 0.34379620625 0.5674379390625 0.3242518890625 0.5784390640625 0.3068481515625 0.5784318578125001 0.2951167015625 0.5762597875 0.292564690625 0.564213171875 0.28285629375 0.5531523671875 0.2787515578125 0.533980246875 0.26361096562499997 0.5232240890625001 0.2583943109375 0.5097706265624999 0.2492198375 0.4876360875 0.24156876875000002 0.47302869531249997 0.2340499265625 0.46331007812499997 0.2322033046875 0.4588495484375 0.23212495 0.45238580468749995 0.2342459453125 0.43760456718749996 0.24627625156250002 0.4183254859375 0.2839247296875 0.3911621390625 0.31277588125 0.3732956328125 0.33760058593750003 0.36245615937500003 0.3480242328125 0.3578339765625 0.35492596718749997 0.351273240625 0.36123501562500004 0.346923375 0.3684208515625 0.339805071875 0.37472010624999996 0.335999840625 0.38247414375 0.33142938593750004 0.3871422515625 0.33082655625 0.3890868828125 0.3318576296875 0.39273611875 0.33890554375000004 0.40151875625000005 0.35016033125 0.3972473828125 0.3618692265625 0.39745306406249997 0.380450709375 0.401969228125 0.3913232578125 0.4021602171875 0.40307741718749995 0.40041147343750005 0.4253865390625 0.40052404218750004 0.497169615625 0.3959193328125 0.5061359421875 0.3941216171875 0.5103694187500001 0.3919614453125 0.5234779546875 0.379901753125 0.53761035625 0.35975985
9 0.6354649546875 0.49387513437499997 0.63274750625 0.47874426875 0.6291211031249999 0.44264864687500005 0.6285749859374999 0.41805914218750007 0.6289636921875 0.4133175765625 0.6309798359375 0.41055981875 0.6310638953125001 0.4069301765625 0.6299803515625 0.3935039125 0.6289945421875001 0.387900253125 0.625551409375 0.3800188890625 0.6214213875000001 0.3777118015625 0.61953456875 0.3748854875 0.6170578484375 0.37344539375 0.6171031140625 0.3714909703125 0.6149439734375 0.3683805515625 0.611488653125 0.373068246875 0.6055824750000001 0.3751990375 0.597471896875 0.37617383437499996 0.5875851625 0.38158650625 0.5834163453125 0.38095464218749997 0.579850359375 0.378378146875 0.5493401312499999 0.38314922500000004 0.5169430859374999 0.3850939890625 0.50321804375 0.3876460625 0.4618288046875 0.3925053578125 0.4356425828125 0.391207415625 0.40705797187500004 0.3971295890625 0.342574990625 0.39962799375 0.3358518625 0.40090648125 0.33469793124999997 0.4025621140625 0.346544096875 0.42092582187499994 0.3525286109375 0.42745524531249995 0.3558287453125 0.4294684359375 0.361734921875 0.42733764843750005 0.3671158625 0.42380104531249996 0.37084996718749996 0.4191182484375 0.37421476249999996 0.4183394015625 0.3772813796875 0.41839327031250007 0.38112614843750003 0.4209746640625 0.3911429484375 0.4219885703125 0.39555175 0.42430055624999996 0.399364190625 0.4282779671875 0.4085518453125 0.44100863281249997 0.4286839140625 0.4628697 0.4348696140625 0.4727544609375 0.439492540625 0.4778633765625 0.445081878125 0.4894135640625 0.45133223906250003 0.4965062890625 0.45694744531250003 0.506939665625 0.46268549999999997 0.51206816875 0.4665496703125 0.5138119515625 0.4692469765625 0.517769775 0.4807036953125 0.5288643953125 0.48574193125000004 0.5401255859375 0.4941578984375 0.5500495234375 0.4923882078125 0.5542081953125 0.4889522828125 0.55805828125 0.4888617578125 0.5619671296875001 0.49205197187499994 0.568726784375 0.4964866359375 0.5699219531249999 0.5182511265625 0.5694663203125 0.53141213125 0.5671836531250001 0.541182478125 0.5667966468750001 0.5470886546875 0.5646658578125 0.5582723140625 0.5634657265625 0.578739878125 0.558797553125 0.6055159984375 0.558709271875 0.6195650859375 0.554207665625 0.6349110921875 0.5539186015625 0.6372060203125 0.5511657453125001 0.6367576359375 0.5343988375000001 0.63510359375 0.521521190625 0.6354649546875 0.49387513437499997
9 0.6934093609375 0.4365156984375 0.6987644359375 0.43409591406250003 0.7021098359375 0.43415467812499997 0.704307771875 0.435589871875 0.7071150015625001 0.43480123437499996 0.708696434375 0.42672881562500004 0.709251778125 0.3907066515625 0.699704040625 0.3212682671875 0.6645830796875 0.3083613703125 0.6570882609375001 0.3068331296875 0.6477260234375 0.301640959375 0.6222848812499999 0.2922559078125 0.6140183765625 0.287920940625 0.6048831906250001 0.284967296875 0.5923832078125 0.2827925 0.5893036625 0.2832970390625 0.5889925500000001 0.2846881609375 0.585951796875 0.28351747656250004 0.5778412187499999 0.284492271875 0.5766808250000001 0.2864271109375 0.5786064421875 0.2875782046875 0.574444090625 0.28666713593750004 0.5656724890625 0.292099396875 0.566716496875 0.2951902265625 0.5754694390624999 0.30260622656249997 0.5748342796875 0.3059468765625 0.566737375 0.3183739203125 0.5529807484375 0.3343326671875 0.5416943703125 0.352010709375 0.534264959375 0.35970108437500004 0.5198925671875 0.37816286875 0.5178505625 0.382037440625 0.5183693296875 0.38372245625 0.5205801953125 0.384599246875 0.5281138109375 0.38445226250000003 0.5496447796874999 0.3820373078125 0.5620147 0.377785525 0.5737882562500001 0.3751991703125 0.6048495828125 0.3707170890625 0.60879134375 0.3691104265625 0.6110927359375 0.3660783640625 0.6147169171875 0.366142025 0.6215119140625001 0.3738029515625 0.6315689921875001 0.39716294375 0.632652534375 0.41058920312499997 0.6306557890625 0.41250935 0.6281467421875 0.412465275 0.6264158484375 0.4149487234375 0.6264359890625 0.42612176718750006 0.62801169375 0.43033920312499996 0.6391242265625 0.43221031249999997 0.64776650625 0.43236212343749997 0.6543854359375 0.4235402421875 0.6612249546875 0.417236090625 0.66658649375 0.4145371 0.677212590625 0.41332717499999994 0.68514858125 0.419890875 0.6934093609375 0.4365156984375
9 0.1763161203125 0.0760513171875 0.1665005125 0.07839275 0.155505109375 0.08350662656249999 0.15176453750000002 0.08846863125 0.15430665937500002 0.099127340625 0.161679359375 0.11797110156249999 0.18432768593749999 0.15160769375 0.19234848124999998 0.1665524015625 0.20528391406250002 0.1860525140625 0.2167801703125 0.20748256406249999 0.2278683171875 0.23449179375 0.231116728125 0.23873861093749998 0.2346762484375 0.24159431250000002 0.2637157078125 0.25215984062499996 0.285927840625 0.25646046562499997 0.2953094765625 0.260815025 0.2983114328125 0.2636609265625 0.308497090625 0.26942619218749997 0.318105040625 0.2640086265625 0.33852734375 0.2612948765625 0.3449975515625 0.2588946796875 0.350099709375 0.25535318125 0.355714171875 0.253775903125 0.36406399375 0.24247057187499998 0.373607284375 0.2398450375 0.3759151421875 0.23653377031249997 0.3914357359375 0.228706209375 0.4005443171875 0.2207660140625 0.405918790625 0.21750861718749998 0.41594777812499995 0.205953465625 0.415701325 0.20455255 0.41103313750000003 0.2013980578125 0.405061559375 0.19431023125 0.399414028125 0.1852728765625 0.39571151250000003 0.176549003125 0.39194359375 0.1586065125 0.38563429375 0.1420159671875 0.3738851203125 0.1194642046875 0.371277596875 0.099586878125 0.3654373609375 0.0145718578125 0.364337846875 0.0115045265625 0.351307084375 0.012874115624999998 0.3388624296875 0.0180154796875 0.2993607546875 0.0377117421875 0.2577904640625 0.0503887390625 0.21216848906250002 0.06941885625000001 0.1930948421875 0.074111515625 0.1763161203125 0.0760513171875