24 0.541535596875 0.22714135624999998 0.557006896875 0.20765499687500003 0.5733696078125 0.1509747125 0.57136625 0.14508543125 0.5614090671875 0.137335540625 0.553090415625 0.1383031890625 0.5476124734375001 0.1334983359375 0.5402384625 0.161857940625 0.52441425625 0.1885118609375 0.479094834375 0.23848617343749998 0.42273567031250003 0.2935346640625 0.40734822968750006 0.29833714218749996 0.382248809375 0.29422744375 0.3466000546875 0.292867353125 0.3267393328125 0.29689444531250003 0.3046538875 0.304873146875 0.2776822390625 0.342606515625 0.2616128296875 0.37042271875 0.24167420625 0.391303346875 0.22951018437499998 0.39401402343749997 0.218440640625 0.388239940625 0.2108635625 0.387890384375 0.20292165624999997 0.390369084375 0.18954949375000002 0.40540014687500003 0.20512170937500002 0.46785689062499997 0.20848263125000002 0.47060807968749996 0.2081356859375 0.4799452921875 0.2594988796875 0.6859518078125 0.3028864703125 0.6561240390624999 0.306103928125 0.6518625890624999 0.31016469999999996 0.6381090109375 0.36977708593749997 0.5918169828125001 0.378939053125 0.5813572046875 0.39513404375 0.554044684375 0.42288302812499995 0.5280120265625 0.47277151406250006 0.46846851875000006 0.4780881109375 0.459751775 0.47979857968750006 0.449446125 0.4874416359375 0.4286028421875 0.48975617656250003 0.412137 0.48171294375 0.377731609375 0.458940396875 0.31643635937500003 0.45792381718749997 0.3080675890625 0.49730469218750006 0.266461253125 0.541535596875 0.22714135624999998
24 0.5002031265625 1 0.501657703125 0.99201648125 0.5009940296875001 0.9764801500000001 0.49834487968749996 0.9615634953125 0.4867014796875 0.9277388500000001 0.473706478125 0.8992219499999999 0.43905128906249996 0.8074339937499999 0.430702834375 0.79755338125 0.420751609375 0.7919731421875 0.3971710984375 0.7982469515624999 0.393439390625 0.7961543625 0.38930709375 0.7838721140625 0.3953533421875 0.769498859375 0.396812646875 0.75818584375 0.39068891250000004 0.7443536171875 0.3799782359375 0.7335816281249999 0.3619535625 0.727806753125 0.3388575 0.7295863359375 0.327662375 0.7233085703125 0.3229979453125 0.6981633281249999 0.32066593593750004 0.6630611984375 0.3214794484375 0.642720809375 0.32034920625 0.6381876578125001 0.31674308125 0.6365987515625 0.30992545625 0.6414409484375 0.3079578625 0.6485695796875001 0.3035024609375 0.6543031515625 0.291846728125 0.661198215625 0.28144681875 0.673130115625 0.2594988796875 0.6859518078125 0.3377998875 1 0.5002031265625 1
24 0.7212503546875 0.9050229578125 0.7292701578125 0.8856907265625 0.7408901296875 0.865777746875 0.740238375 0.8545807203125 0.7359983765625 0.8483037453125 0.7328588171875 0.8357116609374999 0.7494067156249999 0.8012315828125001 0.7530967015625001 0.7881366046875 0.7342474218749999 0.7082447890625 0.7273582734375 0.6870511578125 0.709369778125 0.6492351828125 0.6610912609375 0.5714709250000001 0.600427359375 0.5062582375 0.5944411265625 0.497269 0.5952844421875 0.48777687031249994 0.61200560625 0.47115769375000005 0.60987070625 0.462595075 0.58574018125 0.44949693125 0.5602640140624999 0.44387618125 0.5545349078124999 0.4380639640625 0.5540087359375 0.427370621875 0.548656378125 0.42306945156250003 0.5269297984375 0.42605025 0.49362538906250003 0.4190725765625 0.489158065625 0.42046684531249995 0.487304134375 0.4237598546875 0.47449390312500006 0.4625021734375 0.45543435781249997 0.48690858437499995 0.45136762656249996 0.498492509375 0.489832009375 0.6205785359375 0.53168753125 0.711204996875 0.5640643562500001 0.7874176953124999 0.5779682390625 0.830308640625 0.5970448375 0.902529215625 0.5989106921875 0.903575509375 0.6070978031250001 0.8999345249999999 0.6134369390625001 0.9017562046875 0.6249790109375 0.8986967609375001 0.6298111578125 0.8944742375000001 0.6323828234375 0.8811854171875 0.627963596875 0.8548778875 0.6184312578125 0.8209372531250001 0.6005683453125 0.7836249609375 0.557761809375 0.7084959015625001 0.538935959375 0.6823417078125 0.5380449625 0.67447661875 0.5441210140625 0.6709516265625 0.5580312671875001 0.6709532109375 0.5719653640625 0.6796334046875 0.5987986828125 0.727175075 0.6287715625 0.7873088296875 0.6485182109375 0.8321763750000001 0.664389275 0.9129977015625 0.6749862906249999 0.9276053140625 0.6910553125 0.9676713749999999 0.7089903109375 0.9631996781250001 0.7089543765624999 0.9501193140625 0.7071962234375 0.9430677484375 0.7029621859375 0.938960425 0.7021967703125 0.9315990187500001 0.71098795 0.9217978453125 0.7212503546875 0.9050229578125
24 0.5613922828125 1 0.61018289375 0.9878351343749999 0.60866398125 0.9727342625000001 0.5967996328125 0.9036915000000001 0.57859615 0.83282705625 0.5508122296875 0.7557237765625 0.4890904359375 0.6218957406250001 0.45212708125 0.5036842625 0.450626053125 0.4998097140625 0.44764187812499995 0.498569575 0.4434257203125 0.5009712078125 0.4161909875 0.53335790625 0.395128084375 0.551875034375 0.37645720625 0.5821317984375 0.3658061328125 0.5930563328125 0.350681778125 0.6032054796875 0.326891825 0.6236594859375 0.321706771875 0.6350495640625 0.3193322140625 0.6748779 0.323559878125 0.7218745828124999 0.3315315859375 0.7302441468749999 0.3722755734375 0.7327283875 0.38334511718750003 0.7385024703124999 0.39144240625000004 0.7473757171875001 0.395078334375 0.7598128843749999 0.385569425 0.7796098734375 0.3868490890625 0.793325315625 0.39122063125 0.8022756265625001 0.419890415625 0.794956315625 0.42822098750000004 0.7983279734375001 0.43668906406249997 0.80654261875 0.45045544375 0.844590575 0.4754527109375 0.9019342140625 0.49284905625000003 0.950249684375 0.49837468124999995 0.9724117546875 0.4990502765625 0.9922873921875001 0.49754690312500005 1 0.5613922828125 1
24 0.9007809874999999 0.7925314671875 0.8781761593749999 0.7018684515625 0.8718370234374999 0.7000467734375 0.8619036796874999 0.7009754921875 0.8682189749999999 0.6941185625 0.8762924234374999 0.6943132000000001 0.873404028125 0.6827284812500001 0.8696902015625 0.6871448499999999 0.868063590625 0.68276661875 0.7980755515625 0.704610140625 0.7915567765625 0.7278169234375 0.7706731 0.766364603125 0.7561945359375 0.7855411234375 0.7325897703125 0.8281953359375 0.73136375 0.8340067640625 0.740752625 0.860934759375 0.7161730015625001 0.910407765625 0.7077943328125 0.934737903125 0.706460609375 0.946554603125 0.7081814359374999 0.963401353125 0.92961814375 0.90819098125 0.9045484593750001 0.8076419687499999 0.90194103125 0.8079128796875 0.9013011984375 0.8010551578125 0.89844260625 0.8003187 0.8978087328125 0.79563063125 0.9007809874999999 0.7925314671875
24 0.29858975781249997 0.3127374453125 0.307757684375 0.3044473203125 0.3459840625 0.294688240625 0.37703395156249997 0.29476926406250004 0.39542345156250003 0.29771588437499996 0.401254296875 0.29535317656250004 0.3987247671875 0.27877055156249997 0.40438234843750004 0.25854694375 0.3995025171875 0.24541224687500002 0.40370079218750005 0.23650165625000003 0.4043827609375 0.2134879296875 0.391830484375 0.165289240625 0.3825850703125 0.1453738859375 0.3555065484375 0.0989945015625 0.34116590156250004 0.077954996875 0.324971321875 0.060208503125 0.16911143281250002 0.1088529421875 0.1741526109375 0.1355092359375 0.1694635125 0.1918034109375 0.17181936250000002 0.2355841484375 0.1781342453125 0.2737862328125 0.1816560984375 0.335118034375 0.186302646875 0.3537543203125 0.1905426453125 0.36003129375 0.1925519625 0.3680902296875 0.1939393296875 0.3758003984375 0.19060225 0.38172781875 0.1934787234375 0.3889732328125 0.19695330625000002 0.3878888 0.19929765 0.3822712203125 0.20428518125 0.38940064375 0.217573484375 0.3890534625 0.227028340625 0.39478861875 0.2341030875 0.39312344062500004 0.24090283124999998 0.3817722875 0.26716867031249997 0.3583740375 0.29858975781249997 0.3127374453125
24 0.7211225296875 0.49681849843750003 0.7242378328125 0.5457909890625 0.722377528125 0.5919733593750001 0.7244583718750001 0.626068121875 0.7196977484375 0.6563264703125 0.7220897734375 0.6680661078125001 0.7260845671875 0.6755053671875 0.7331112203125 0.7015419859375001 0.753641165625 0.760279890625 0.756661103125 0.7745379453125001 0.7600279859375 0.7794587890625 0.7736393921875 0.7610957859374999 0.7988528875 0.7163108515625 0.8036909953125001 0.7142579812500001 0.8173560468750001 0.7154218515624999 0.8343581765625 0.7106583015625 0.8560668734375 0.7011685484375 0.862262546875 0.6959775859375 0.8714602765624999 0.6985357234375 0.8781821203125 0.70403810625 0.88290060625 0.703651203125 0.8314118296874999 0.49714100468750005 0.8286728609375 0.49473857812500005 0.8237513046875 0.4664163171875 0.76975088125 0.2498324484375 0.7665155421875001 0.247584940625 0.7633879046875001 0.2393321609375 0.75531486875 0.19407850937499999 0.72868544375 0.0851279734375 0.725874534375 0.10174873437500001 0.7206171296874999 0.17722101562499998 0.7173098515625 0.1939966953125 0.7193251296875001 0.20422528125 0.724820953125 0.215539090625 0.7252751859375001 0.24525561875 0.7237201015625 0.266913215625 0.7244612625 0.31065502500000003 0.7207951171875 0.3324286109375 0.7197721640625 0.3669492 0.7209377546875 0.429559278125 0.7252433203125 0.45970242812500006 0.7211225296875 0.49681849843750003
24 0.4630250109375 0.311361390625 0.47609153906249996 0.3659141171875 0.48397938749999997 0.38896756250000003 0.4891461453125 0.41612754062499996 0.49275823281250003 0.419886096875 0.5117756421874999 0.42535113593749996 0.5304103437500001 0.42713547187499995 0.553865271875 0.4203579796875 0.567111853125 0.40482323437499995 0.5860815796875001 0.3929310546875 0.594125225 0.3822774296875 0.6195298671875 0.361862353125 0.61948814375 0.3466747859375 0.6116360578125 0.3366392546875 0.6086161203125 0.3223812015625 0.6133226859375001 0.31765499375 0.6242726078125 0.325095046875 0.6284649234375 0.31401480312499996 0.63603008125 0.31002505625 0.6361079796875 0.2931715203125 0.6401687515625001 0.279417940625 0.64796719375 0.269926603125 0.6505507796875001 0.260977084375 0.6568601125 0.251950503125 0.6504852140625 0.23711090937499998 0.65144815 0.22595281250000002 0.64730393125 0.20933126093749999 0.6313962796875 0.205610046875 0.6286513484375 0.20103796875 0.62936311875 0.1888725015625 0.6370359796875 0.1788774796875 0.6385131656249999 0.174073421875 0.6378554515625 0.1607067421875 0.63371719375 0.14625484375 0.617666078125 0.1355209890625 0.5929493640625 0.13509199375 0.5795772015625 0.15012305625 0.5609838093749999 0.2085852984375 0.5601285765624999 0.21373812499999997 0.5642966359375 0.23903828749999997 0.5543215703125 0.22477944062500002 0.55072140625 0.22536018750000003 0.5450221015625 0.23039623125 0.5368945953125001 0.2557337359375 0.5296640499999999 0.2911059828125 0.5240962875 0.2988153578125 0.5200355156249999 0.3125689390625 0.5109812515625001 0.3170234421875 0.50897789375 0.311134159375 0.514898559375 0.2962572234375 0.49586326875 0.2842832296875 0.48779578125 0.2862582421875 0.47291662968750003 0.29524510312499996 0.4630250109375 0.311361390625
24 0.6323405078125 0.27806101875 0.644749734375 0.2741880546875 0.638470203125 0.294062896875 0.6383744234375001 0.3044074734375 0.6412687781249999 0.3181618453125 0.644013709375 0.3227339234375 0.6535941453125 0.32897276249999996 0.667683628125 0.3490049 0.6734306140624999 0.36132607499999997 0.675063184375 0.3678739609375 0.6741360109375 0.3920499734375 0.67929085 0.41487064531250006 0.6784654171875 0.4308717296875 0.6818919046875 0.45748909531250004 0.68018739375 0.4699644 0.673160328125 0.48898679375 0.673698421875 0.5040194421875 0.670989253125 0.5124652765625 0.6733391421875 0.5540763625 0.677357778125 0.57019423125 0.68847500625 0.59332553125 0.7070437296875001 0.61630270625 0.7179936515625001 0.6237427578125 0.7214265109375 0.6074707625 0.723920690625 0.5659764593750001 0.7203749953125 0.49596605 0.7219122 0.4677994984375 0.72045968125 0.39116413906249997 0.71754744375 0.3709008125 0.724305878125 0.2993030796875 0.7234689359375001 0.2659058484375 0.7278468515625 0.2319667984375 0.725927353125 0.21139363125 0.7226979734375 0.2113157765625 0.7222194875 0.217979653125 0.7199828453125 0.21759195937500003 0.7169450265624999 0.1968249484375 0.7213467828125 0.17156450625 0.728452159375 0.09062956250000001 0.7276807843750001 0.08109850625000001 0.7097225046875 0.009071778125 0.7061283 0.0118221765625 0.694699890625 0.011046 0.679443990625 0.018521812500000002 0.6684280921875 0.0322746 0.6444406171875 0.07124810937500001 0.6274082734374999 0.1102224109375 0.626194171875 0.12037314218749999 0.6231022953124999 0.12513827500000002 0.624734865625 0.13168615781249998 0.630087225 0.135987328125 0.6449361609375 0.1612112171875 0.6516218296875 0.1987547 0.6438412687499999 0.2147549953125 0.639009121875 0.2189775171875 0.6362939937500001 0.22525369999999997 0.6297275328125 0.23110326250000002 0.6270124046875 0.2373794453125 0.6156137968750001 0.2474515296875 0.6304746546875 0.2770147234375 0.6323405078125 0.27806101875
24 0.510994825 0.1411266921875 0.5027183078124999 0.11222289062499999 0.49605648125 0.08335801875 0.493754275 0.059104148437500004 0.4888982859375 0.0546480640625 0.4880072875 0.046782975 0.48137526406250003 0.028766362499999996 0.4709038296875 0.014662435937500001 0.401908528125 0.0361961203125 0.4015437015625 0.039024373437499996 0.39644846875 0.037900224999999996 0.324474953125 0.060363421875 0.346153434375 0.08508442031249999 0.364991203125 0.11557791718749999 0.3872137375 0.157501215625 0.3901021328125 0.169085934375 0.380916325 0.170867103125 0.3779440703125 0.1739662671875 0.37684363125 0.1802813765625 0.3882477859375 0.217437959375 0.38416913125 0.2246825796875 0.38211171875 0.2443254421875 0.38623209375 0.2522683859375 0.38837891562500004 0.2651703078125 0.397642209375 0.29159461875 0.4010090921875 0.2965154625 0.417150028125 0.29473508593750003 0.4315268484375 0.2837334890625 0.500516603125 0.21497113906249998 0.5271293859374999 0.18223567499999999 0.526615134375 0.1758816390625 0.510994825 0.1411266921875
24 0.5987146453125 0.10886311093750001 0.6092699390625 0.10828315625 0.6192211624999999 0.1138633921875 0.6241848531249999 0.11231420781250001 0.6282515859375 0.1007302796875 0.63592444375 0.090735259375 0.6456845203125 0.0719456390625 0.6476282734375001 0.0561383984375 0.6314217734375001 0.0340525984375 0.6209622609375 0.0242879765625 0.5999534140625 0.0172729625 0.5793332375 0.0161083 0.5668043875000001 0.0216472328125 0.5402933453125 0.046207771875 0.5295047687500001 0.052289315625 0.512161653125 0.068559728125 0.49929182031249997 0.0856055265625 0.499327584375 0.0986234390625 0.5073410125 0.12218056875000001 0.512071421875 0.126132971875 0.51915213125 0.1266374484375 0.5255031875 0.1327984296875 0.5324642765625 0.13496887500000002 0.5425470421874999 0.14322244687500002 0.5480130625 0.1436879953125 0.5610442390625 0.1401637953125 0.571109125 0.1419084109375 0.578542740625 0.135245328125 0.5892955546875001 0.11614586874999999 0.5987146453125 0.10886311093750001
24 0.5178832046874999 0 0.48629127031249997 0.0098599578125 0.4787499546875 0.022528315625 0.4836238265625 0.033493359375 0.4867812671875 0.052594401562500004 0.4932579046875 0.0592590671875 0.49389177812499996 0.0639471390625 0.49179264062500005 0.0684024328125 0.49506374218750004 0.0836678546875 0.49817349999999994 0.085411678125 0.50176770625 0.082661278125 0.5133936359375 0.0649179546875 0.5245410781250001 0.0538385 0.5393006078125 0.046517609375000005 0.5476013796875 0.039041003125 0.5700576093749999 0.030403696875000004 0.5911681953125 0.0292437875 0.6107777546875 0.0242093296875 0.619969521875 0.0245978140625 0.62830605625 0.030139125 0.636546809375 0.0460250109375 0.6663289531250001 0.0367298953125 0.67560458125 0.022434496875 0.6888630828125 0.011239053124999999 0.6857264109375001 0 0.5178832046874999 0