5 1 0.4942323375 0.9995427749999999 0.492833178125 0.9929784125 0.4860649546875 0.982916046875 0.4842624265625 0.97608801875 0.48843985781250004 0.9572243296874999 0.5239512171875 0.92945505 0.548663921875 0.908611621875 0.5773335625 0.8887166640625 0.6519980875 0.872819359375 0.6777829390625 0.8711798796875 0.6860854265625 0.8718816265625 0.6984183484375001 0.8746332609374999 0.703704671875 0.8825011421875001 0.7136783109375 0.896618665625 0.7239725859374999 0.9203392328125 0.7307463109375 0.9321622921875001 0.7277512734375 0.940389521875 0.7215875671875 0.9476747218750001 0.7094071484375 0.9515320718750001 0.6883041109375 0.956524959375 0.6761604453125 0.9800689578125 0.6353838890625 0.9901737984375 0.6012754203124999 0.9931614203124999 0.5735934140625 0.9927211890625 0.5369887859375 0.99452865 0.5229323390625 1 0.504488671875 1 0.4942323375
5 0.7892817390625 0.673651475 0.79750896875 0.66748776875 0.803539565625 0.6561691125 0.81250886875 0.613101271875 0.8266433328125 0.5787879296875 0.838704528125 0.5561506203125 0.8421770000000001 0.5424883078125 0.844031228125 0.5191729828125 0.8413922203125 0.464087346875 0.8433442781249999 0.4489063875 0.8493493437499999 0.4288911140625 0.8445222906250001 0.42195476562499995 0.8349660140624999 0.41621643124999996 0.83001989375 0.4191012234375 0.8255798640625001 0.41805020624999994 0.8138333937500001 0.44713510312500004 0.776512128125 0.49276159531249997 0.7652228359375 0.5138435109375 0.7439052890625 0.5951237484375 0.729672996875 0.6213027328125 0.7242229359375 0.6414493828125 0.726058075 0.6494156171875 0.7308851265625 0.656351965625 0.7497084890625 0.6700776609375 0.76787901875 0.67553761875 0.7798232921875 0.67604750625 0.7892817390625 0.673651475
5 0.6731265484375 0.7052518703125 0.6822958046875 0.705104875 0.690644246875 0.7024460859375 0.7029967796875 0.690885809375 0.70798966875 0.678742140625 0.70921659375 0.6558577 0.740741103125 0.575255471875 0.7429589703125 0.562454921875 0.7402541031250001 0.5479097203125 0.7394480875 0.487464259375 0.7442942312499999 0.46311905 0.74161489375 0.45727046875 0.732541321875 0.4522257703125 0.722478953125 0.45042324218749996 0.7185705453125 0.4541330421875 0.7134819734375 0.4714684046875 0.7068963734375 0.48265568124999997 0.67821274375 0.523374359375 0.6671871109375 0.5335106203125 0.6631830187500001 0.5424121171875 0.6457994171875 0.628679178125 0.6342443109375 0.6473806828125 0.63096535 0.6639856609375 0.631811696875 0.6751940671875001 0.6362772546875 0.6849417015625 0.6469201578125 0.6955722265625 0.6571037375000001 0.70087968125 0.6731265484375 0.7052518703125
5 0.6130754265625 0.6029724375 0.6144278625 0.6102450375 0.6403216781250001 0.62680315 0.646160909375 0.625867890625 0.6645822203125 0.540425840625 0.6696240203125 0.5323493546875 0.6779958484375 0.5250611328125 0.7117935796875 0.4757037125 0.7204035375 0.4487732203125 0.7216750843749999 0.4033038390625 0.72707623125 0.3790900078125 0.724807303125 0.3744973171875 0.714213315625 0.367933975 0.7079636765624999 0.36761334218749997 0.7034279625 0.3717540203125 0.6965787015625 0.3938869515625 0.6784379953124999 0.42377573125 0.6720203765625 0.42920905468750004 0.6585833609375 0.449203203125 0.6450995859375 0.47845622343749994 0.6334552390625 0.5423276046875001 0.618621175 0.5776340859375 0.6130754265625 0.6029724375
5 0.57697465 0.585736309375 0.5794626203125001 0.601968284375 0.5820930453125001 0.6037496859375 0.5952919234375 0.6033978125 0.601903053125 0.6009071546875 0.610636371875 0.5908076421875 0.62085813125 0.53355198125 0.6358346484374999 0.48379492187500006 0.6386287562499999 0.45317025156249996 0.6315241875 0.3883369765625 0.6353326218750001 0.363166753125 0.63202598125 0.35774905156250003 0.6266928390625 0.354748509375 0.6188504859374999 0.3534714875 0.6113228609375 0.35864205781249997 0.6042567015625 0.38246175781249997 0.5705567984375 0.43995354375 0.5636841515625 0.46671590937499996 0.5531264296875 0.5354794796875 0.5640862015625 0.5658836546875 0.57697465 0.585736309375
5 0.538494 0.3246006875 0.5270324328125 0.32478443437500004 0.51948356875 0.347910503125 0.48004226406250006 0.414471909375 0.4875231234375 0.41856021718749997 0.4996885875 0.44403544687499996 0.5233411484375 0.478023553125 0.5350940578125 0.48891683124999996 0.5512762640625 0.43423083125 0.5448691484375 0.355078359375 0.548654196875 0.3345375765625 0.546457565625 0.3293826296875 0.538494 0.3246006875
5 0.4989018890625 0.503524521875 0.5365061390625 0.5668869125 0.550264315625 0.5933185296875 0.5560589265625 0.6149682046875 0.56008855 0.6147633296875 0.57577110625 0.6039913140625 0.5790756 0.5960829515625 0.57697465 0.585736309375 0.5628549796875 0.562115978125 0.533429046875 0.48852270000000003 0.5003881859375 0.443042309375 0.4909020609375 0.4234156609375 0.48537540625000003 0.4174724515625 0.4726592328125 0.4185179609375 0.46699012968750003 0.42702532812499994 0.47708017343750003 0.45085053437499994 0.48128207187500005 0.471543821875 0.4901153640625 0.48290473125 0.4989018890625 0.503524521875
5 0.48080174531250003 0.6353923390625 0.4949915640625 0.6451243515625 0.5086008484375 0.6460283687499999 0.5324149515625 0.6342843390625 0.5536709296875 0.620196653125 0.5561546078124999 0.6097765093749999 0.5541259593750001 0.5988676078124999 0.48451641093750003 0.4775237828125 0.4722807953125 0.4659368671875 0.431931353125 0.43726633125000003 0.413565165625 0.4155376484375 0.402486328125 0.394954609375 0.3977081859375 0.3920854453125 0.39145854999999996 0.3917648125 0.38574053125 0.396204996875 0.3815195421875 0.40679326875 0.383016571875 0.4129413515625 0.3939019 0.43058172499999997 0.39889908125 0.4450901765625 0.3950226421875 0.49747477656249994 0.4292670453125 0.5247001640625 0.4285717359375 0.5523454203125 0.46238664218750003 0.6095964734375 0.48080174531250003 0.6353923390625
5 0.380288321875 0.40302558906249997 0.38219361093750004 0.3971035078125 0.391530846875 0.3912025546875 0.3994454984375 0.3919173171875 0.40634797031250003 0.4005036875 0.41115163906249996 0.412069475 0.41399895625000005 0.412164103125 0.41694195624999997 0.4070670328125 0.41821779843750007 0.388249771875 0.4057779375 0.307089896875 0.408742175 0.2840373296875 0.40606283750000005 0.278188746875 0.4012847 0.27531958125 0.3912223328125 0.273517053125 0.3856489109375 0.2768327203125 0.382274265625 0.2986293953125 0.3535460171875 0.36193301093749997 0.3452252515625 0.3866144734375 0.344527796875 0.400933671875 0.351768378125 0.41133819374999997 0.34943144375 0.43395988125 0.3584327171875 0.4395668375 0.3613289484375 0.443728646875 0.3623198890625 0.453812534375 0.372864965625 0.45630869843750005 0.37503391875 0.43944096562499996 0.379714228125 0.434175771875 0.3861084625 0.4333718875 0.3943612203125 0.4359048 0.3947227140625 0.4330935109375 0.38357157656249996 0.41307272812500007 0.380288321875 0.40302558906249997
5 0.3599166921875 0.5164039484375 0.3592156140625 0.5201775859375 0.3587330296875 0.5222520187499999 0.359443596875 0.5267975546875 0.3602907203125 0.5302810828125 0.3622671171875 0.5333753359375 0.3664930515625 0.5374397937500001 0.3713290796875 0.5401166265625 0.3743891578125 0.5414975796875 0.3775038609375 0.5424537515625001 0.378541946875 0.5394164765625 0.4030943390625 0.5264058078125 0.40115933593750003 0.523175871875 0.3992503328125 0.5092997484375 0.3991306703125 0.4816942015625 0.40094182968750003 0.455858909375 0.39967553906250003 0.44724221875000003 0.397799121875 0.4400131765625 0.38865522812500003 0.43390908906250003 0.3833639109375 0.4330942953125 0.3768160125 0.43701598906249994 0.37500394375 0.442715315625 0.37168068593750003 0.461845534375 0.369277021875 0.47550289218749997 0.36568019218750003 0.48668915 0.3634491734375 0.4922893140625 0.365462153125 0.49845634843750003 0.3655170125 0.503065534375 0.36473398125 0.507476378125 0.361874571875 0.5129277937500001 0.3599166921875 0.5164039484375
5 0.31884753125 0.5034333625 0.3195125046875 0.5066549015625 0.3193032609375 0.5116393046875001 0.3187570234375 0.515887346875 0.317627984375 0.5213106234375 0.31586125625 0.5232999453125 0.313958 0.5263512828125 0.3134481171875 0.5286381359375001 0.3130111265625 0.532036559375 0.31885884375 0.552024471875 0.3195513640625 0.5600676 0.3202398390625 0.573177778125 0.3621736875 0.55140573125 0.36310119687500003 0.5436747015625001 0.362144590625 0.5360067859375001 0.360259159375 0.5305265359375 0.3573263875 0.52479838125 0.3595754484375 0.5157006125 0.3625167921875 0.5096120187500001 0.3638006734375 0.5046631078125 0.3647839 0.497016665625 0.3623337140625 0.489214053125 0.361085940625 0.48716775468750007 0.35910930625000004 0.47903951874999995 0.358671859375 0.4723699671875 0.35862603125 0.46601197812499995 0.36063831562500004 0.45707704375 0.361794665625 0.45144135937499996 0.36194928437499996 0.44688176406249996 0.3593261984375 0.4421023671875 0.3567760109375 0.43843456875 0.3527505296875 0.43616848125 0.3492168828125 0.435113159375 0.3440804234375 0.43477274843749997 0.34053774375 0.43546621406249997 0.33846135 0.43650676875 0.33716820625 0.4381704703125 0.335665815625 0.44481856875 0.3348098953125 0.44811783437499997 0.33394496406249996 0.4531658921875 0.3334260375 0.457201525 0.33254277499999996 0.46071318124999994 0.3318144 0.46469923281250003 0.33082192187500004 0.46906050625000006 0.32922834375 0.47306062187500003 0.3268788171875 0.47622518437499994 0.3246841421875 0.47986414843749997 0.322753571875 0.48312789218749996 0.320950546875 0.4870784296875 0.3193842859375 0.49086613906250004 0.31858295625 0.49374060625 0.318291809375 0.499362203125 0.31884753125 0.5034333625
5 0.3182077375 0.466444175 0.320767628125 0.483465146875 0.32719699687500003 0.477107865625 0.32938241874999996 0.470183709375 0.3317044 0.46219754531249996 0.3330792484375 0.454862653125 0.3344906515625 0.45060055156249995 0.3341717203125 0.4463665921875 0.3358016203125 0.44040528749999996 0.3373678875 0.43661755625 0.33989956875 0.43371499062499996 0.345882934375 0.43250491406249997 0.3513254734375 0.434275578125 0.35345941718749996 0.4172267609375 0.3516376390625 0.4095729171875 0.3444335609375 0.40349028125 0.33668326406250004 0.401655678125 0.33265801875 0.4044235859375 0.3289880328125 0.40946424531250003 0.3268752953125 0.41246600468750005 0.3259464859375 0.414653675 0.32559143125 0.417414896875 0.3270669484375 0.4210471734375 0.327294696875 0.4226331515625 0.32650265156249997 0.4287928046875 0.319045359375 0.46160852500000005 0.3182077375 0.466444175
5 0.27625952656249997 0.5358464109375001 0.274611328125 0.5402713203125 0.2710688859375 0.5459987828124999 0.26841895625 0.5514997828125 0.267426446875 0.55586104375 0.2712246546875 0.5666091375 0.2774633109375 0.571806659375 0.282873125 0.575057025 0.29227185625 0.5775007140625 0.2972991015625 0.57869073125 0.3036194578125 0.5782170421874999 0.3107867203125 0.5761928843749999 0.318757496875 0.5742121265625 0.31890064375 0.5634494921875 0.3180167375 0.5518591921875 0.31418219999999997 0.5430722953125 0.3134531203125 0.531956371875 0.311794725 0.512960128125 0.31204910625000004 0.499231728125 0.31438935468749996 0.49278196406249997 0.3147897796875 0.4863107484375 0.3133323234375 0.47918087031249995 0.3101081390625 0.47404032812499997 0.30537231249999996 0.47226269375 0.29752178125 0.4695288984375 0.2930046859375 0.4710860390625 0.2895988015625 0.475751490625 0.2872402890625 0.4806648671875 0.286366309375 0.487461725 0.287796453125 0.494803996875 0.28817929375 0.5018983609375 0.2863035515625 0.509771284375 0.2836172953125 0.5172334828125 0.2813862640625 0.5228336375 0.27894581406249996 0.528384234375 0.27625952656249997 0.5358464109375001
5 0.28874160625 0.5075966953125 0.2869471578125 0.49973044843750003 0.2863548375 0.49258650625 0.2869008734375 0.4833044828125 0.2877748515625 0.476507634375 0.292346334375 0.4694917078125 0.295998228125 0.4679486125 0.303539078125 0.4697336359375 0.30876675468750003 0.4727220328125 0.313229428125 0.47662369218749995 0.31584350625 0.48315186718750003 0.31639021562499997 0.4889718171875 0.3204513015625 0.485478734375 0.3172565875 0.47216248906249997 0.315753284375 0.4586746265625 0.3119914328125 0.44596533593750004 0.3091040359375 0.43652717656249995 0.3095315390625 0.42480956093750005 0.3098590484375 0.4172267484375 0.3099953703125 0.41113075 0.31199195 0.40735364374999994 0.3064909484375 0.4014552828125 0.2992961421875 0.398657840625 0.2910359328125 0.399110065625 0.2873932890625 0.40393834375 0.286765115625 0.4088235828125 0.28593671249999997 0.4169444234375 0.2841795015625 0.4272529453125 0.2810106453125 0.436789575 0.27855210625 0.44583774062500003 0.2765305546875 0.4514874875 0.2744999875 0.4588860265625 0.2717408125 0.465236625 0.2683714921875 0.472974865625 0.26738805781249997 0.4755873515625 0.266755840625 0.48553962500000003 0.268850990625 0.49610344375000004 0.270035359375 0.5053573375 0.2711648390625 0.5100020359374999 0.27215778749999997 0.5157087515625001 0.27957132812499996 0.5218409734375 0.2821941796875 0.5215863671875 0.28874160625 0.5075966953125
5 0.27907603281250004 0.445120346875 0.28219029375 0.43600853125 0.2840660015625 0.42813559999999995 0.28544084999999997 0.4208007078125 0.28650601249999996 0.4125170359375 0.2872980578125 0.40635739062500004 0.2884180796875 0.40268291874999995 0.290294025 0.3998439796875 0.2932902296875 0.3983645546875 0.2973793515625 0.39845703125 0.3024885296875 0.399009840625 0.3069419578125 0.399626296875 0.30911843437500003 0.399403534375 0.310197265625 0.394453415625 0.310415521875 0.387720203125 0.3109980875 0.3815109734375 0.3069360421875 0.3761720953125 0.300970740625 0.37388455781249996 0.296808696875 0.372680484375 0.293056540625 0.373324353125 0.290196928125 0.373741778125 0.2880385796875 0.3754195375 0.286317490625 0.3787328671875 0.2851884203125 0.38415614374999996 0.28459660625 0.38708018437499997 0.2845785453125 0.39057778125 0.284633403125 0.3951869671875 0.283923296875 0.40070940781250003 0.2763567546875 0.43437472968749996 0.2665953046875 0.46664502187499995 0.27475059062499996 0.4552586703125 0.27907603281250004 0.445120346875
5 0.226128075 0.5616795203125 0.22329730468750003 0.5675766375 0.22162524687500001 0.5745361078125 0.2210024265625 0.5793797281249999 0.221363271875 0.5826174140625 0.22348397968749997 0.5862716625 0.2284684984375 0.5898157609375 0.23738804062500002 0.5929778953125 0.246471465625 0.5948653828125 0.2568555421875 0.59469655625 0.265643659375 0.5928365062500001 0.27188495 0.590636271875 0.2745830078125 0.5874242609375 0.2717202203125 0.5737852453125 0.2669973953125 0.5561179515625 0.26793635 0.5326983015625 0.264514178125 0.512974696875 0.2652461625 0.5052673296875 0.2650928375 0.49840114375000005 0.2618462171875 0.49342961875 0.2556921671875 0.490922115625 0.24912279062499998 0.4896297484375 0.2429798625 0.491065196875 0.24160280781250001 0.49573030312500005 0.24071774375000002 0.502613371875 0.2400077015625 0.5121647421875 0.2361062875 0.5304174484375 0.23475119531250002 0.5369265796875 0.232882440625 0.5454155953125001 0.2299752921875 0.5539214984374999 0.226128075 0.5616795203125
5 0.240263965625 0.45575235625 0.24031674062500002 0.45045703125000003 0.2419065953125 0.4429777953125 0.242719165625 0.43828695156249997 0.24460965625000003 0.43661132968749994 0.2494508734375 0.4347849390625 0.2567923859375 0.436310459375 0.26138638125 0.43803485625 0.2665105 0.4405216890625 0.270547909375 0.44168970781250005 0.273781290625 0.44096890312500003 0.277173640625 0.43901185312499996 0.2774270703125 0.43028488906250006 0.273996465625 0.41975553125 0.2693400515625 0.405489903125 0.267519821875 0.39847734218749997 0.2683941265625 0.391677975 0.26936566093750003 0.3857508828125 0.26935645625000004 0.3776808265625 0.267836640625 0.371588609375 0.2619527359375 0.3684973109375 0.2557509109375 0.367878503125 0.2507682671875 0.3675482921875 0.248338903125 0.370157925 0.24613046875000003 0.37430604375 0.24496450625000002 0.378488603125 0.2446908203125 0.38224544531250004 0.2453006234375 0.3872729921875 0.245486296875 0.39071394375 0.2438522125 0.3969088265625 0.24206791249999998 0.40264353281250004 0.24003617500000002 0.4070457828125 0.2379514640625 0.4118601234375 0.2362466453125 0.4169766984375 0.23508067968750002 0.42115926875 0.23356131875 0.42483355312500004 0.2321834171875 0.4306644546875 0.23245755781250002 0.4366741046875 0.232970146875 0.4408293875 0.233350265625 0.44601486875 0.23278513125 0.45203818125 0.230444228125 0.45721648593750003 0.226901903125 0.46359660625 0.2253207953125 0.469379409375 0.2246849390625 0.47432438593750004 0.22277324531249998 0.489191434375 0.22295017343749998 0.4943288015625 0.2227826625 0.5021447296875 0.2229243359375 0.5091845765625 0.2241792125 0.517337203125 0.23338361093749999 0.4929769125 0.23764128593749997 0.48103370156249997 0.2399202140625 0.4730806453125 0.24113894062500002 0.46360273906250005 0.24123594375000001 0.45959175312499995 0.240263965625 0.45575235625
5 0.22655395 0.5339088359375 0.2339084578125 0.537559684375 0.23861534375 0.5291242171875 0.238242 0.519633109375 0.2392809515625 0.5126800734375 0.2399470171875 0.506373365625 0.24006898593749998 0.4997909421875 0.24233068124999999 0.494596534375 0.24479420625 0.491212896875 0.2495870140625 0.4899967390625 0.25505846249999997 0.49026348124999997 0.260505525 0.4918467125 0.2663527140625 0.4914449453125 0.265887078125 0.4691501546875 0.26819150468749997 0.46249667656250004 0.2695362171875 0.45767287031250004 0.268796203125 0.45103332500000004 0.2671575390625 0.4446218015625 0.265940853125 0.44168927656249996 0.258445728125 0.43800514843749994 0.2545270234375 0.436930625 0.2506572671875 0.43660226562500004 0.24712993593750002 0.4381179859375 0.2448864140625 0.43979067812499995 0.24302199062500002 0.44302228593750004 0.2421051671875 0.4467720328125 0.2416713734375 0.45239914062500003 0.24112136718750002 0.4566764765625 0.241170465625 0.46080179218749995 0.242148815625 0.46558783437500006 0.2418066875 0.47050204687499997 0.23985681875 0.4766517796875 0.22334372500000002 0.5183102468749999 0.22655395 0.5339088359375
5 0.194734171875 0.4916275921875 0.193599765625 0.4971562484375 0.19148265312499999 0.5037405453125 0.1891691265625 0.5134990046875 0.18663218125 0.52170161875 0.1840593546875 0.5268897734375 0.18088798281250001 0.5334392265625 0.178592178125 0.5397665093749999 0.17424147031249998 0.54560738125 0.2034086765625 0.569077775 0.2261638015625 0.5600786109375 0.22990688750000002 0.55237623125 0.23032211249999998 0.5476224281250001 0.22563051406249998 0.5296447828125 0.2231013 0.5114398265625 0.220947409375 0.49525610468750003 0.22142038125000002 0.4833442703125 0.22186677656249998 0.47657920000000004 0.222161284375 0.46934876093750005 0.2222593671875 0.46529247656250006 0.22112452968750002 0.46094434843750004 0.21669298124999997 0.45753351875000003 0.20996541249999998 0.455511590625 0.2046406109375 0.4557541109375 0.2022374015625 0.4579764734375 0.2003255453125 0.45967101718750003 0.19838689375000002 0.4615739328125 0.1979670609375 0.463192234375 0.19796729375 0.4681306296875 0.19782446874999998 0.47088805625 0.1970474625 0.4769307359375 0.19553796875 0.485376546875 0.194734171875 0.4916275921875
5 0.19536190625 0.373122346875 0.19468319843749998 0.380047140625 0.193218215625 0.3848534140625 0.191601315625 0.389194296875 0.190538428125 0.3958134265625 0.193924809375 0.40241222343749994 0.198499396875 0.4080040078125 0.20686204843749997 0.41213066875 0.21241028593750003 0.41344401093750005 0.22268454843750002 0.41093772343749996 0.22967097343749998 0.4076531734375 0.23411115 0.4044100140625 0.23626414375000002 0.40084015468749995 0.23363705 0.3916298625 0.2315639875 0.38469782656249996 0.2311972921875 0.376022603125 0.2308844015625 0.371869034375 0.231384396875 0.3646872390625 0.23273313281250002 0.357491634375 0.233644103125 0.3504071125 0.23377785312500002 0.344426878125 0.23095434843749998 0.3383907546875 0.22815765312499997 0.33214625937500003 0.22674555624999998 0.3217206078125 0.22765652812499998 0.3146360875 0.22929114843749998 0.306864021875 0.22896032187499998 0.301203240625 0.2252792140625 0.29689650312500004 0.220427834375 0.2951039796875 0.2150851015625 0.2938392828125 0.2097335078125 0.294290175 0.20597225468749997 0.29554694062500003 0.2046947953125 0.29889462187500004 0.20384628437500002 0.3038468265625 0.2043825796875 0.30955624843749996 0.20435601874999998 0.3147030078125 0.203838103125 0.3203775953125 0.203016359375 0.32512141875 0.20085451875000002 0.3304068671875 0.196369846875 0.3372895734375 0.1936094484375 0.3439363125 0.1921712578125 0.3485342125 0.1915102703125 0.3520278265625 0.191814303125 0.35789697187499997 0.1929491546875 0.362245125 0.19428947968750002 0.36664188750000004 0.19536190625 0.373122346875