4 0.17865826875 0.6491318484375 0.1834269890625 0.6292895125 0.1650173390625 0.594353171875 0.1372575453125 0.575205584375 0.10194271562499999 0.5782473671874999 0.043523725 0.6155871328125 0.0185802859375 0.637447865625 0.056924790625 0.803536159375 0.08255775 0.7854705078124999 0.101800471875 0.7435451953125 0.1191447125 0.7378371984375 0.1462039578125 0.6992185859375 0.1594155484375 0.6910571625 0.17865826875 0.6491318484375
4 0.42104475781249995 0.8010315796875 0.4152592359375 0.6268797046875 0.40286127968749996 0.6195194234375 0.3816653171875 0.586930115625 0.3507543515625 0.587251421875 0.3165049265625 0.63093754375 0.2893228765625 0.7735140359375 0.29613848125 0.8162383640625 0.3203919703125 0.8413067328125001 0.406121978125 0.8215144015625 0.417716021875 0.81372641875 0.42104475781249995 0.8010315796875
4 0.92959068125 0.6614755875 0.8861978374999999 0.6357145937500001 0.8470312874999999 0.6004590734375 0.745687665625 0.5522980546875 0.70237874375 0.545259078125 0.6659048671875001 0.5196044828125 0.6272710171875 0.5046711296875 0.60094148125 0.50904601875 0.575499784375 0.5472911890625001 0.575761275 0.5727872625 0.675571271875 0.6400437359375 0.721395296875 0.6499095796875001 0.7718846796875 0.6825510203125 0.8427758296875 0.7019635265625 0.8581376687500001 0.7137508312499999 0.9071128671875 0.7041477796875 0.9298521734375 0.6869716578125 0.9339009015625 0.6707030703125 0.92959068125 0.6614755875
4 0.4441330359375 0.5333217625 0.5294045453125 0.5425992484375 0.5400913093749999 0.56228093125 0.5423254843749999 0.600951678125 0.617620496875 0.6176437078125 0.619780465625 0.6069224640625001 0.580791484375 0.5784409984375001 0.5721710453125 0.5599860296875 0.5949200718750001 0.5121399328125 0.6076828828124999 0.5023783546875 0.631226103125 0.5003504999999999 0.6314973125 0.49517659687500004 0.5775016265625 0.468455940625 0.50912558125 0.4518703015625 0.47534437343749997 0.435816628125 0.391951903125 0.451661771875 0.36320090625 0.4412618359375 0.350260528125 0.4442493578125 0.3472869234375 0.470492309375 0.3760379203125 0.48089224531249997 0.41044547343750004 0.5053201296875 0.419608334375 0.51342729375 0.42678879375 0.539029759375 0.4441330359375 0.5333217625
4 0.74004083125 0.5076001328124999 0.7833691953125 0.45329915937500004 0.8035094703125001 0.41457415624999994 0.8432378843749999 0.37814192343749997 0.8534016671875 0.3468314609375 0.8450524390625 0.3232025921875 0.8094761187499999 0.300748303125 0.780631478125 0.3022963234375 0.7546570781249999 0.3202193265625 0.71959401875 0.3794271546875 0.682567996875 0.3947903359375 0.6794168265625 0.4142592328125 0.6493936984374999 0.448450821875 0.6480376421875 0.47432033437500004 0.6323948703125 0.49837690625000003 0.6367050890625 0.5076043890624999 0.6918695453125 0.532351453125 0.7102049890625 0.51789580625 0.74004083125 0.5076001328124999
3 1 0.5503324515625 0.9778847734375 0.532766384375 0.9004395078125 0.4961256234375 0.840338484375 0.45377686562499997 0.7829204140625 0.45169900625 0.743098359375 0.5000791953125 0.7178439484375 0.51442845 0.716403965625 0.5215759484375 0.7852190718750001 0.5704317156250001 0.857362915625 0.6065926421875 0.8951831296874999 0.6370477015625 0.9545836015625 0.621630259375 1 0.559964721875 1 0.5503324515625
4 0.171823225 0.667747471875 0.1784612609375 0.7036977421875 0.19938601250000001 0.741460953125 0.2151966296875 0.7548484109375 0.24509695625 0.8246147015625 0.26917287968750003 0.8429090171875 0.293436090625 0.8373074125000001 0.28958436718749997 0.7990101078125 0.301552984375 0.7434302890625 0.30480752031249997 0.6813434609375 0.2668097359375 0.6441143453125 0.22090178749999997 0.6155264859375 0.20409996718749998 0.6108866765625 0.186306946875 0.6149945203125 0.171823225 0.667747471875
4 0.61960645625 0.30539662343749996 0.6067597203124999 0.2964361875 0.591930584375 0.30497105156250004 0.5788126390625 0.3011845171875 0.5701824796875 0.313399521875 0.5572421015625 0.31638704375 0.5539133625 0.32908188437499997 0.5842527453125 0.4311183015625 0.5858605734375 0.4614148375 0.591965909375 0.4770429390625 0.628710996875 0.49752363125 0.637967503125 0.4936828359375 0.6496551890625 0.4739468953125 0.6510112453125 0.44807738124999996 0.6615301625 0.43031503281249994 0.6599223328125 0.40001849843750004 0.61960645625 0.30539662343749996
4 1 0.44303219374999997 0.9946113375 0.41969133125 0.9857401749999999 0.4133931875 0.9168217078125 0.4071553546875 0.8867985796875001 0.44134694531249996 0.8580378609375 0.46161698281249997 0.858392996875 0.4751650953125 0.8824689171875001 0.49345940937500005 0.9665619390625 0.5353804656250001 0.9840837499999999 0.5364465265625 1 0.5150275 1 0.44303219374999997
10 0.7940329640625 0.8290725734375 0.797455346875 0.8044297765625 0.8072445531250001 0.8209111484375 0.8194649406250001 0.8214973765625 0.8154259328125001 0.8070959906249999 0.8080581859375 0.8053894421875001 0.795137246875 0.7470370156249999 0.7858807421875 0.7508778109375001 0.7804017562500001 0.743623921875 0.751285903125 0.7503458453125 0.752987375 0.7686944203125 0.7480508078125 0.7510927265625 0.6780474953125 0.7655505015624999 0.6799265343750001 0.7906731328125 0.6699597578125001 0.767417703125 0.63410250625 0.7808072875 0.629521075 0.7767537078125 0.5421735203125 0.7969194796875 0.5232117296875 0.8030009171874999 0.5275219515625 0.8122284000000001 0.51961178125 0.8208696578125 0.5306439609375 0.8847694265625 0.775071175 0.8351540109375 0.7940329640625 0.8290725734375
10 0.5312447046875 0.690401778125 0.523324815625 0.7297130093749999 0.526091690625 0.7887059234375 0.775193978125 0.731196128125 0.7558028484375 0.6743374640625001 0.7193289703125 0.6486828640625 0.669549859375 0.6431376515625 0.5921788 0.6558888781250001 0.556770325 0.670878621875 0.5312447046875 0.690401778125
4 0.4237215484375 0.57722066875 0.42523573125 0.6194651609374999 0.41496858281250004 0.6933935578125 0.419969634375 0.7910572140625 0.42652374687499994 0.80828546875 0.4359578203125 0.8112187296875 0.5050635765625 0.7935606453124999 0.5184721734375 0.7308333296875 0.54472750625 0.67706645 0.5359294984375 0.6518374265625 0.5420639921875 0.5754556046875 0.5351547453125 0.5446792359375 0.4526695515625 0.533054715625 0.43281020468750003 0.53593584375 0.4237215484375 0.57722066875