21 0.3553274453125 0.5703465578125 0.369224125 0.5794330203125 0.38726233125 0.6000926390625 0.3932271984375 0.618444740625 0.39603845625 0.6184429640625 0.419019821875 0.6108214875 0.43983905468750006 0.5836879265625 0.5127828437499999 0.6096045984375 0.5440330328125 0.6026393640625 0.5516331703125 0.591885621875 0.5526193125 0.5822936375000001 0.56137943125 0.5753426312500001 0.5678071375 0.541107340625 0.584985028125 0.5088496671875 0.58529714375 0.479413921875 0.5763631828125 0.4729702140625 0.572040703125 0.436757303125 0.562425603125 0.39922479375000003 0.5311611843749999 0.3836999578125 0.515602559375 0.36155045625 0.4891412453125 0.357763725 0.44847824999999997 0.38557131093749997 0.39095125625 0.4190120859375 0.36748215625 0.4398633296875 0.3496302390625 0.45227723906249995 0.334429965625 0.4737847265625 0.3284971109375 0.5060352859374999 0.33695400468750003 0.5425763171875 0.34540022812500004 0.5622497937500001 0.3553274453125 0.5703465578125
27 0.75350450625 0.523460840625 0.8707650812500001 0.54637285 0.8696068765625 0.5453813750000001 0.889920590625 0.503364990625 0.9150427453125 0.4815204921875 0.9214082093749999 0.3488911375 0.921044521875 0.2968003734375 0.9096256453124999 0.2834127703125 0.9031605953125 0.2586116234375 0.8945512000000001 0.24241098125 0.8794963156250001 0.2323330421875 0.8548583390625 0.23532525624999998 0.8166660312499999 0.24758666406250002 0.80822514375 0.2363469640625 0.7397776781250001 0.2600379203125 0.7273886640625 0.281543628125 0.7058954046875 0.2888334265625 0.6900744546875 0.37483491875 0.752323184375 0.48592299843750003 0.7536623437500001 0.5115542265624999 0.75350450625 0.523460840625
26 0.414667109375 0.5268171749999999 0.43137860312500004 0.5415243765625 0.43733457812500004 0.5458201828125 0.43749952812500004 0.5451586046875 0.4394537828125 0.545007034375 0.457346846875 0.5501070968749999 0.47024315781250003 0.5462954703125 0.48561549375 0.53537144375 0.49305068125 0.525279278125 0.487587778125 0.5161874796875 0.48476940468749996 0.504944221875 0.48343380312499995 0.4849355125 0.475324590625 0.4751839140625 0.45745844687500004 0.46510775156250006 0.44934745625000005 0.4525448984375 0.42570629374999996 0.4628126828125 0.40720346718749995 0.49192919843749994 0.414667109375 0.5268171749999999
2 0.3333397703125 0.8417297453125 0.3424457953125 0.858756915625 0.3381624359375 0.8843917015624999 0.6167024828125001 0.9791368734375 0.618357315625 0.9809548796875 0.66413553125 0.93544965625 0.6776863093750001 0.920557940625 0.6913593546875 0.8375344374999999 0.688044353125 0.8254646515624999 0.6804175406249999 0.7940495125 0.645997740625 0.7573595359375 0.6276385265625 0.752079365625 0.6059589765625 0.726295634375 0.581963015625 0.6985289484375 0.5812801000000001 0.6646288921875 0.5857373 0.6523888234374999 0.5973140140625001 0.6538698125 0.6054089968749999 0.6411313390625 0.5154291515625 0.610264396875 0.446949678125 0.5833526921875001 0.44132893749999996 0.58616750625 0.42116950312499996 0.6106547578125 0.3967000328125 0.6186079125 0.37935008125 0.6402821265624999 0.374905328125 0.6722010078125 0.362186415625 0.695029871875 0.35874558749999996 0.7454693625 0.35215293281250004 0.7803662296875 0.3465642015625 0.8337837046875001 0.3368054921875 0.8306478828125 0.3333397703125 0.8417297453125
4 0.3347610515625 0 0.33794105937499996 0.011578278124999999 0.3381220125 0.03621803125 0.34358669375 0.0481210859375 0.34574170937500004 0.056388134374999996 0.3277284015625 0.07508614062499999 0.3165011484375 0.10320584531250002 0.31553278906250004 0.1409104140625 0.3210188109375 0.186548578125 0.328633175 0.19828490625 0.32566585625 0.21300455624999998 0.3308095296875 0.2402870609375 0.3422426328125 0.2761647390625 0.35916709375 0.3661143546875 0.3578634984375 0.3967083046875 0.366974859375 0.4221692484375 0.36829979218750003 0.42531040625000005 0.3701912828125 0.42778973281250005 0.3699546234375 0.427128409375 0.3924535859375 0.441170478125 0.4197414265625 0.44446058125 0.46735720937499997 0.428224375 0.483050553125 0.401920896875 0.4856559609375 0.3379217390625 0.484600465625 0.2378746234375 0.48309991406249997 0.21852748906250002 0.47399211093750004 0.1986890625 0.476955871875 0.17834689374999999 0.47842797031249995 0.1527138859375 0.47229637812499997 0.13221210156250002 0.4671562609375 0.110552115625 0.46565748593749995 0.09401623906249999 0.44811235 0.0685606296875 0.427427834375 0.0472412109375 0.43056010312500004 0.0318599828125 0.4259548015625 0 0.3347610515625 0
0 0.08410786249999999 0.8069947046875001 0.1353792140625 0.8183726796874999 0.2026755859375 0.8049352828125 0.24533220625 0.791678840625 0.280385134375 0.7835536234375 0.35378998125 0.75407164375 0.35296345625000003 0.7545682703125001 0.355511753125 0.7552036328125 0.35905948125 0.718844875 0.3630111640625 0.6917219859375 0.3735857296875 0.6774936265625 0.3810031328125 0.6392888703125 0.38494414374999997 0.5952984265625 0.371043909375 0.580589446875 0.346224978125 0.5589419062500001 0.3397634859375 0.5397632796875 0.33181033125 0.5152938093749999 0.33245234687499997 0.4845349125 0.34367960000000003 0.45641520937499996 0.364012878125 0.445322675 0.369459775 0.42911314218749996 0.36416004375 0.416548509375 0.358849640625 0.3871163203125 0.3457812671875 0.38034448906249996 0.31930928281250004 0.35969020625 0.27215633906250003 0.3233390203125 0.25397808125 0.3426986046875 0.2437440828125 0.3724713609375 0.2493826046875 0.397769134375 0.22341258437499997 0.38637515312500004 0.2338239796875 0.37561963125000003 0.20783973437499997 0.3417355796875 0.1888349453125 0.361591790625 0.18256685625 0.386731728125 0.1745003234375 0.4444503453125 0.17369869375 0.48430459687500005 0.1894311578125 0.5198488171875 0.21623482031250002 0.54199120625 0.2351084453125 0.5762104921875 0.27879744375 0.6264548015625 0.28112630156249996 0.648116565625 0.23419521406250002 0.701064090625 0.20443846406250002 0.716131425 0.18873800624999998 0.7311898640625001 0.1925478546875 0.7412749187500001 0.1803220125 0.7593077890625 0.14328968749999998 0.7753719328125 0.0961723125 0.7952459281250001 0.08410786249999999 0.8069947046875001
0 0.54088235625 0 0.539024990625 0.005497821875 0.536721028125 0.02319368125 0.5146053140625 0.0921662265625 0.4895116125 0.15899086875 0.49579392968749997 0.15634100312500002 0.5189633625 0.1846043140625 0.5284046203125 0.20874210624999998 0.5570369546875 0.246097215625 0.5686154484375 0.2503894640625 0.5907631734375001 0.23201957968750003 0.648955296875 0.20436627343749997 0.6633486046875 0.21427926406250003 0.68617746875 0.22699817812499998 0.7050475359374999 0.25559494531250004 0.7082064796875 0.28238260312499996 0.7232560296874999 0.284026765625 0.73201436875 0.2742644984375 0.742422209375 0.257886459375 0.806735259375 0.23386738437500001 0.8217919234375 0.24675658125000002 0.8713924375 0.23101522343749997 0.8859435796874999 0.2290216 0.8852820031249999 0.22885665 0.8702004437499999 0.1766098265625 0.8683646578124999 0.15015206875 0.8475151921874999 0.129494228125 0.7846493437500001 0.088522671875 0.743296315625 0.071185165625 0.6759714921875 0.039642418750000005 0.6371016015625 0.026437546875000002 0.6115885984375 0.0125153484375 0.561392278125 0 0.54088235625 0
0 0.8470420093750001 0.7931503421875 0.852272915625 0.8014815937499999 0.8569064484375 0.8065720031250001 0.858494234375 0.8069678828125 0.8615342874999999 0.8026663859375001 0.8733724328125 0.7991530906250001 0.875223425 0.7973659421875 0.8766749828125 0.7915440640625 0.8803378484375 0.7261220703125 0.87964675 0.679290221875 0.884328478125 0.6560034124999999 0.8878111859375 0.619487903125 0.887920384375 0.5829745265625 0.886248834375 0.5547306890625 0.8960862421875 0.5254212140625001 0.8989886453124999 0.51265295 0.899775425 0.5016058546875 0.898053546875 0.49836572500000004 0.895277409375 0.5016086984375 0.8904594546875 0.5186777484375 0.8819373781250001 0.535947584375 0.880684471875 0.542100075 0.877379075 0.5452110875 0.8718892281249999 0.5458098890625 0.8540929765625 0.5416538656250001 0.8409288343749999 0.540339246875 0.7572409062500001 0.522003234375 0.7547279796875 0.5230631828125001 0.7500348703124999 0.5283579359374999 0.7470636421875 0.5368928171875 0.744154834375 0.539540546875 0.74124460625 0.5399392734374999 0.7409147078125 0.541262425 0.7420505921875 0.559253771875 0.7452339875 0.5724150703124999 0.7434653359375 0.5998011703125 0.7385835328125 0.6205083609375001 0.7385239546875 0.6308935234375 0.7372710484375 0.637046015625 0.7297386703125001 0.6503463875 0.7289483328124999 0.655770965625 0.7307369046875001 0.6598709671874999 0.7306723468749999 0.662384603125 0.7365658984375 0.6725675578125 0.739616621875 0.6851336156250001 0.7416762265625 0.699420128125 0.7467822843749999 0.7195256765625 0.7514974453125001 0.749090534375 0.752435390625 0.7678757734375 0.7537599671875 0.7704546796875 0.7615002453125 0.772103465625 0.7826692937499999 0.7751328515625 0.7934510484375 0.774729146875 0.8038369234375 0.7759132281250001 0.817134446875 0.77894759375 0.8406894453125 0.7893178171875 0.8470420093750001 0.7931503421875
7 0.7120403125 0.8532313374999999 0.723787309375 0.8624845265625 0.7419744609375 0.857181240625 0.75271575625 0.8451025624999999 0.7540389125 0.8454324625 0.75088530625 0.8270785843749999 0.751039584375 0.8095494515625001 0.7506954578125 0.7883825359375 0.752164003125 0.757127009375 0.7420469390625 0.710334196875 0.7387212703125 0.681396859375 0.7266337015625 0.6565992703125 0.7353884875000001 0.6412144875 0.736865921875 0.6240152546875 0.7431286765625 0.590441540625 0.7431144515625 0.56795146875 0.739959065625 0.54678633125 0.7210996671875 0.535057115625 0.6845532999999999 0.535080234375 0.668019203125 0.5393902671874999 0.667199790625 0.5511319296875 0.623204009375 0.5387571421875 0.614780903125 0.55563003125 0.6116504140625 0.5738225171875 0.59561294375 0.578959078125 0.5833924374999999 0.6054257265625 0.5876971359375001 0.613526046875 0.6004427234375 0.6328660687500001 0.6047509796874999 0.64658890625 0.5887152859375 0.6545367265625 0.5791304171875 0.6647956203125001 0.582787765625 0.6952210625 0.593713571875 0.71340465625 0.628465053125 0.7515827374999999 0.643349653125 0.7538884765625 0.6600611468750001 0.7685956796875 0.679426065625 0.7952077156249999 0.6903660984375 0.8358813812499999 0.6951692015625001 0.8476194890625001 0.7120403125 0.8532313374999999
7 0.484158965625 0.32419712343749996 0.49012027343750003 0.3369267078125 0.48929374687499994 0.33742333593749996 0.5076618546875 0.3567597984375 0.528014690625 0.3765911125 0.5437347109374999 0.3924565203125 0.5673847640624999 0.3962450296875 0.609363803125 0.35752230625000003 0.6118362703125 0.3447873890625 0.592951975 0.29370054843750004 0.5610135328125 0.25833195 0.5360207609375001 0.2232896921875 0.51416559375 0.181299984375 0.498936865625 0.157827328125 0.476116896875 0.159164709375 0.476790921875 0.1790084703125 0.4734937046875 0.19505127656250001 0.48309457968749997 0.21009371406250002 0.4849268078125 0.2309289515625 0.48264063124999995 0.27673739999999997 0.484158965625 0.32419712343749996
0 0.577883296875 0.5232411953125 0.5803682140624999 0.5301850906250001 0.5792082296875 0.5263823546874999 0.6344490453125 0.5387500296875001 0.64800515625 0.5322920921875001 0.6976145609375 0.530607028125 0.7611259828125 0.5464422046874999 0.7449146718749999 0.5381840484375 0.7551522265624999 0.514033809375 0.743712009375 0.466911096875 0.7127561499999999 0.41632799687500005 0.6909063171875001 0.3827720671875 0.7030948140625 0.3057027578125 0.6991075671875 0.2766004703125 0.6986020500000001 0.261717646875 0.6820572796875 0.249160128125 0.6681606 0.240073665625 0.65061013125 0.206184278125 0.6091134953124999 0.22324345625 0.5800200984375 0.24128699843749998 0.573079759375 0.24939443125 0.552076015625 0.2462657203125 0.560185228125 0.25601731875 0.530270640625 0.28299126406249997 0.5499530078125 0.288601334375 0.5542648203125 0.3079466890625 0.6123328984375 0.345613915625 0.6096954796875 0.3590104125 0.564245384375 0.400381221875 0.5677342265624999 0.425845725 0.5766913046875 0.4688358 0.5849654671875 0.47792582031249997 0.5841549453125 0.5037237765625 0.577883296875 0.5232411953125