10 0.71447746875 0.63827754375 0.7085250515625 0.6396042546875 0.712490959375 0.6349714359374999 0.7028634125 0.5777601156250001 0.6714233734375 0.5460293015625 0.616837021875 0.522581540625 0.5612823125 0.5368383515625 0.527568546875 0.5705947984375 0.5163626328124999 0.6324496078124999 0.531268571875 0.66849045625 0.5517899171875 0.6932827109375 0.57627716875 0.7134421453125 0.6172949625 0.7236690296875 0.65466251875 0.7147155078125 0.6880534984375 0.6935272515625 0.71447746875 0.63827754375
0 0.7471403249999999 1 0.7626436609375 0.9693142890625 0.7692345390625001 0.9316061625 0.775828971875 0.8995205531250001 0.7880530359375 0.8786764203124999 0.7982799203125001 0.8376586296875 0.8131289546874999 0.783739190625 0.8240049671874999 0.723207534375 0.8286057765624999 0.6765707812499999 0.8275876249999999 0.635560103125 0.8050939984375001 0.6299518109375 0.7839306359375 0.6359184546875001 0.7458961671875 0.63627325 0.712490959375 0.6349714359374999 0.7105044484375 0.631665328125 0.703250215625 0.666397246875 0.6847509484375001 0.7011362796875 0.6530094656250001 0.7157087625 0.6103528453125 0.7289652046875 0.6001188484375 0.7587379609375 0.5885723656249999 0.805048371875 0.5740425609375001 0.840777103125 0.5595234265625 0.8933733875 0.574418696875 0.9125466812499999 0.6012223578125 0.93468906875 0.6081787000000001 0.9518829656250001 0.6270292078125 0.9495558859375001 0.63398555 0.9667497828125 0.6389411546875 0.9581474999999999 0.6624280390624999 0.9654088453125 0.6941837484375 0.9733264328125 0.708259128125 1 0.7471403249999999 1
0 0.7177862671875 0.11769623437500001 0.6972755921875 0.1097715359375 0.678751428125 0.1051529421875 0.6612134046875 0.090942365625 0.6586133328125 0.1633753 0.6457188015625 0.1699981875 0.6318594640625 0.21994816093749997 0.6579642046874999 0.1828891640625 0.6966478046875 0.1630205046875 0.7108939453125 0.2017076625 0.7245016265625 0.27677623281249997 0.740411490625 0.3313376890625 0.7536714890625 0.379616825 0.755679340625 0.4166580421875 0.7646328609374999 0.45402560000000003 0.783838165625 0.48973298906249996 0.7927810171874999 0.510232996875 0.7679780921875 0.5138867859375 0.7431929515625 0.5456531671875 0.7157579453125 0.57113723125 0.7210505625 0.572456828125 0.7706777515625001 0.598884353125 0.7935083921875 0.6144145234375 0.8001063828125 0.5879514312499999 0.812667459375 0.5770291828125 0.8192263265624999 0.48871839687499996 0.8383640515625 0.41759794687499996 0.8383498265625 0.3951078765625 0.8806445374999999 0.3325719265625 0.887231859375 0.28924128125 0.8971395125000001 0.266414196875 0.9063873687499999 0.24623342343750002 0.922900125 0.2081882828125 0.9265254640625 0.1880110640625 0.9182352968749999 0.15361971562500001 0.897047040625 0.120228734375 0.8676635750000001 0.0763620109375 0.831994765625 0.0674687765625 0.8256002484374999 0.108036678125 0.8018083624999999 0.1414561125 0.783266415625 0.1087249296875 0.7700170875000001 0.0773133453125 0.731326371875 0.0859369703125 0.7177862671875 0.11769623437500001
0 0.6031866609375001 0.3800427546875 0.62136314375 0.3578719140625 0.63363344375 0.4101205140625 0.6406075687499999 0.45542699999999997 0.6776843515625 0.509644328125 0.7105310671875 0.56431044375 0.741539896875 0.5466464203125 0.77227745625 0.5135533296875 0.794100615625 0.504940375 0.756686821875 0.4408011671875 0.756002125 0.4040898515625 0.7417488718749999 0.354157659375 0.7304611578125 0.28669455781250003 0.711901425 0.225850784375 0.69830085625 0.16202725 0.6460664828125 0.1967876203125 0.6034418734375 0.260646725 0.5793165296875 0.2897667953125 0.5717359546874999 0.3314443875 0.5839742453125 0.333090328125 0.5790293109375 0.3585601640625 0.6031866609375001 0.3800427546875
10 0.5207820546875 0.29906444374999996 0.5442938328125 0.34568341406249997 0.5813243796875 0.3268080125 0.5799763296875 0.2871204875 0.5683126749999999 0.26770890937499997 0.5998023078125 0.2583338703125 0.6034240890625 0.23253413437499998 0.5726545203125 0.215024565625 0.5349286109375 0.18032109999999998 0.5114523984375 0.1899273078125 0.4744076234375 0.1863126390625 0.46216577656249996 0.17904418125 0.43339694531250006 0.18733079218749998 0.397675328125 0.1840460234375 0.377161096875 0.17049880312500001 0.3338375640625 0.1751565203125 0.3163279953125 0.2059260890625 0.2991447703125 0.22974998593749998 0.2740083875 0.2291044109375 0.2538738484375 0.2929492890625 0.22643884218750002 0.3184333515625 0.23572582031249997 0.3601002734375 0.2674708609375 0.3511503078125 0.3104965046875 0.39841840624999997 0.35943899687499997 0.38813461718750003 0.3700028921875 0.35703870625 0.3961360859375 0.36495984843749996 0.3948236015625 0.38149750312499997 0.452034921875 0.37186995624999997 0.44605760781250003 0.33383904375 0.4672387515625 0.35598498749999996 0.509561915625 0.33842918125 0.5207820546875 0.29906444374999996
4 0.442809271875 0.9500031546875001 0.47225924218750004 0.9728053421875 0.5198714703125 0.9509466171875 0.5519250703125 0.9069383890625 0.553581678125 0.9115676531249999 0.5585301703125001 0.8917203328125 0.5780049125 0.8305217656250001 0.5935208578125 0.785201053125 0.6073766375 0.7296285609375001 0.6024103609375 0.721363290625 0.5696578390625 0.70617013125 0.5408712234374999 0.68634415 0.52265561875 0.646667296875 0.50347876875 0.65594005 0.48133638124999995 0.6827437109375001 0.4512621765625 0.7188130078125 0.4162288125 0.7578620734375 0.3851577984375 0.786655803125 0.36732544218749996 0.8299935625 0.3617242625 0.8637322265625 0.3749629234375 0.8782762546875 0.3802804375 0.918953478125 0.3921959421875 0.9331676109375 0.41106067656249995 0.953330603125 0.442809271875 0.9500031546875001
0 0.2250055171875 0 0.24312145 0.026051753125 0.252738328125 0.06639551875000001 0.25670779375 0.0673852171875 0.28880051562500003 0.0852246875 0.297417025 0.1126703640625 0.3162888734375 0.14407839218750002 0.3298681015625 0.17416682187500002 0.3735215328125 0.16818595 0.4244683203125 0.18932085781250002 0.451247084375 0.172105621875 0.4737442703125 0.1833364328125 0.5051665234375 0.18695465625000002 0.540221228125 0.1816406984375 0.6047436875 0.227241515625 0.604431571875 0.2566772609375 0.621281340625 0.22855400312500002 0.634828559375 0.2080397703125 0.6414194359375001 0.17033164218750002 0.65497376875 0.1610624484375 0.65892900625 0.1395620734375 0.6612134046875 0.090942365625 0.6591877734375 0.0257885625 0.6591969078125001 0.0243854328125 0.5613922796875 0 0.2250055171875 0
10 0.38614749531250003 0.7826863390625001 0.4125892484375 0.7555492234375001 0.43704448906250004 0.725105996875 0.44196808593750003 0.665901053125 0.4445859421875 0.6215807078125 0.42108483124999996 0.5918292921874999 0.360226834375 0.5878989515625 0.31956739375 0.6213290546875 0.3146366859375 0.6692889640625 0.303093759375 0.7212218921875 0.2912102640625 0.757610421875 0.287262140625 0.7903558296875001 0.30481083125 0.8214339578125 0.3524515125 0.844555375 0.3650090328125 0.8280106078125 0.38614749531250003 0.7826863390625001
10 0.21440683593749998 0.6428934468749999 0.2603766765625 0.6388955296875001 0.302032928125 0.6127409984375001 0.33044696562500003 0.5664199171875001 0.326786059375 0.5303719578125 0.32300544531250003 0.5011455125000001 0.3227988125 0.5012696703125 0.2906954203125 0.46656264687500004 0.23214316093749998 0.44774770625000004 0.17823439218749998 0.44976622656250004 0.1279794171875 0.47658767031249993 0.118444340625 0.5655618140625001 0.1674295109375 0.6227482375 0.21440683593749998 0.6428934468749999
2 0.3001104390625 0.7106402125 0.3133135296875 0.6689590640625 0.326509509375 0.6160328796875 0.31459756250000004 0.6074412671875 0.3132744078125 0.6071113671874999 0.28450913125 0.6210204953125 0.2597133203125 0.635919321875 0.220359253125 0.641566734375 0.175371996875 0.6303501515625001 0.1363620546875 0.657164484375 0.103960771875 0.6743832765625 0.08809714375 0.6929145546875 0.0765471046875 0.7336024484375 0.0864938828125 0.7726230593750001 0.119923984375 0.8132824984375 0.1573128828125 0.8380640843749999 0.22511655312499998 0.84232076875 0.2604833765625 0.8075710656249999 0.27137005937500003 0.763906965625 0.3001104390625 0.7106402125
19 0.39259255 0.5144549781250001 0.41510751875 0.553798378125 0.44851628281249994 0.5607227109374999 0.48820736406250004 0.5649971765624999 0.48523471249999994 0.5712830515625 0.520282303125 0.5547240578125 0.5189484796875 0.5375266046875 0.504716565625 0.52132951875 0.525553584375 0.5223085484375 0.5467311703125 0.538831975 0.5513390921875 0.5034402578125 0.5460429171875 0.49649814374999995 0.5347836546875 0.4740151828125 0.54137453125 0.4363070546875 0.5519704375 0.45581380625 0.560579834375 0.4720144484375 0.572459771875 0.43000340000000004 0.5598809124999999 0.412813059375 0.5492850078125 0.3933063109375 0.5195407015625 0.42805245468750003 0.52848355625 0.4485524609375 0.5073201953125 0.4545191046875 0.4983809 0.439641615625 0.4633368625 0.4618231296875 0.46628461874999994 0.4161796296875 0.476880525 0.4356863796875 0.49241781093750003 0.424100775 0.5059650296875 0.40358654375 0.48379063125000005 0.37978754375 0.4788172421875 0.36027723749999996 0.4450963609375 0.38278865 0.43023310312499996 0.41421801562500005 0.40279098125 0.42845704375000004 0.4259195125 0.3920614 0.41135769843750003 0.3771874703125 0.40112370156250005 0.40696022656249997 0.3935075609375 0.3924126390625 0.3574667125 0.4073185796875 0.36111339062500003 0.42087646875000007 0.3561648984375 0.4407237890625 0.391216046875 0.42978731249999996 0.407104571875 0.450613659375 0.42927185625000003 0.4631676234375 0.408108496875 0.46913426718749995 0.3935537953125 0.46550537187499996 0.38428460000000003 0.451951040625 0.37436271875 0.45228805312500003 0.36677503125 0.48272060781250004 0.39259255 0.5144549781250001