9 0.4919026609375 0.10096515625 0.4583678296875 0.080252428125 0.45257366250000003 0.0754762359375 0.4484642765625 0.0771291015625 0.43409036562500003 0.0889068171875 0.42803738593749996 0.0951852015625 0.417799253125 0.103369009375 0.4011029 0.12103504062499999 0.3974464265625 0.12395782968749999 0.39210175625 0.12602212968749998 0.384864571875 0.1316151484375 0.384862865625 0.1344004296875 0.41245199218749995 0.1508420875 0.42789600937500005 0.16144032656250001 0.4358082921875 0.16471540625 0.44769799531250004 0.1760428296875 0.46276658125000003 0.1823333015625 0.4815869828125 0.19464851562500002 0.4910359203125 0.1992872015625 0.49597535156249994 0.20042674374999997 0.499605434375 0.19944499843750002 0.5099934015625001 0.1935413546875 0.520807884375 0.190848675 0.532128059375 0.18554383593749998 0.5423415046875 0.1765157859375 0.5429476546875 0.17449530468750002 0.5402319140625 0.16409047968749998 0.5416485375 0.1556623140625 0.5382261875000001 0.1466862890625 0.536976446875 0.1295417828125 0.5116041890624999 0.114975978125 0.4919026609375 0.10096515625
10 0.67515095 0.37313052343750003 0.687586378125 0.35762247343750003 0.6995476234375 0.3344296890625 0.70364255 0.3152208859375 0.7037796296875001 0.2971598203125 0.6997843406250001 0.2771220984375 0.6951794921875 0.264675421875 0.6882556140625 0.252546496875 0.678533403125 0.241406440625 0.67213479375 0.23586544687500002 0.6665943265625 0.22839053593749997 0.655418046875 0.204493175 0.64987758125 0.1970182609375 0.6437820453125 0.19046703125 0.63509079375 0.1833027421875 0.626977596875 0.178844303125 0.617729571875 0.1753889796875 0.5981233859375 0.1703256921875 0.58390783125 0.170457153125 0.559633778125 0.1735409734375 0.53744974375 0.179850009375 0.529305040625 0.18568846249999998 0.5175813312499999 0.1914118609375 0.4965499953125 0.20870315625 0.4829797375 0.22521432031250002 0.47162464374999996 0.246386621875 0.46622037031249997 0.2634741421875 0.46543458437499996 0.270726065625 0.4658806734375 0.283137125 0.46992704218750003 0.30207804843749997 0.4811790859375 0.3257228453125 0.48313372968749996 0.344223840625 0.4862513 0.3569953875 0.49264479687499996 0.37089223437499996 0.5020886203125 0.3838867703125 0.5151872156249999 0.3967438015625 0.5249375234375 0.40315753125000003 0.56155248125 0.41545634062500003 0.5671474390625 0.41626388593749997 0.5977724328125 0.414247290625 0.6142082656250001 0.4104211140625 0.6292836703125 0.4055704515625 0.6443607765625 0.397934503125 0.6537407671875 0.391684615625 0.6646344265625 0.3831688109375 0.67515095 0.37313052343750003
11 0.623889215625 0.900716521875 0.6284302296875001 0.8939187687500001 0.6305483484375001 0.8924176578124999 0.6386138734375 0.8924023296874999 0.6960771234375 0.898211859375 0.7037919046875001 0.8947330078125001 0.7130433390625 0.8926177640624999 0.7180355546875 0.8898752218749999 0.7197518453125 0.8860073828124999 0.7204865500000001 0.8798522578125001 0.7182058484375 0.85873198125 0.712982096875 0.827964559375 0.7055661640625 0.7961655265625 0.7043376984374999 0.785435825 0.7051286 0.7698280484375 0.7095547 0.7448826734375 0.709513846875 0.7292677734375 0.7060370078125 0.7269591171875 0.6924471765625 0.7342701890625001 0.6751778875000001 0.740874525 0.6532969296875 0.7461733203125 0.6334847124999999 0.7482825203125001 0.6086870984375 0.7419931281250001 0.60427634375 0.74187095 0.5989035781250001 0.7486615765625 0.5935078265625 0.7518226765625 0.58491191875 0.753605925 0.5776781468750001 0.753628371875 0.5676920062499999 0.761898740625 0.5565991359375 0.7664459046875 0.54386915625 0.7690377749999999 0.5414232765625 0.7707048859375 0.5403310046875001 0.78453761875 0.540865615625 0.81703734375 0.547067540625 0.8556626187499999 0.550315371875 0.8615142421875 0.5641963421875 0.8726899140625 0.5689774140625 0.8854757109375001 0.573811275 0.894379421875 0.5781428531249999 0.9003247296874999 0.5844656968749999 0.9061182828125001 0.5919991359375001 0.9106561624999999 0.5977950062499999 0.9126470671875 0.6034657328125 0.9132020531249999 0.6094148484375 0.9119025562499999 0.61571811875 0.9084960171875001 0.623889215625 0.900716521875
0 0.31139595781249996 0.49695724218750004 0.3219916578125 0.481095825 0.33076890468750003 0.4712958484375 0.33783327500000004 0.4597931421875 0.34171705625 0.45611267499999997 0.34885719375 0.4443574078125 0.35637276562500003 0.436909909375 0.35806607343749997 0.42941254687499997 0.36131478906250003 0.392640671875 0.3610943015625 0.3822572203125 0.357981846875 0.361129815625 0.3619218265625 0.347996696875 0.36383903125 0.3453122203125 0.3683272578125 0.34239655625 0.369893715625 0.336248553125 0.3689121296875 0.33396126718749997 0.3569202671875 0.3248274453125 0.3536477484375 0.3181315828125 0.3538026984375 0.3120558953125 0.35986249843749996 0.2946363796875 0.3682132296875 0.2816254359375 0.37417086875 0.26639952031249997 0.3818660765625 0.2537205765625 0.39574622656249997 0.22505803593749998 0.40513133281249997 0.210452296875 0.40760531093749997 0.2040588578125 0.40136505624999996 0.186871609375 0.39910221875 0.177736709375 0.3841230453125 0.1489114078125 0.3724870421875 0.1348852609375 0.3675740046875 0.13180467499999998 0.35467802656249997 0.117345721875 0.3517298625 0.11605442656250001 0.35069549218749996 0.117649225 0.34717861875 0.1395638796875 0.3444015640625 0.14696755781249998 0.34125078124999997 0.1472781859375 0.32953389375 0.14186045 0.32436715625 0.1414785875 0.3208128421875 0.1422077765625 0.3179370359375 0.1462344875 0.2921313765625 0.22206055624999999 0.2874618078125 0.23299295468749998 0.2318279203125 0.4091719109375 0.2041952828125 0.5049858421875 0.20139013281249998 0.517115846875 0.20115941718750002 0.5234440921875 0.20337116875 0.5336757999999999 0.20724642656249997 0.543921746875 0.230685315625 0.54640136875 0.251833278125 0.544472415625 0.26831678124999997 0.545120003125 0.284597665625 0.5473695140625 0.2992414375 0.5476637359375001 0.30229176406249997 0.5467614281250001 0.3039816609375 0.5448346328125 0.30514969999999997 0.5307493390625 0.306362003125 0.526708378125 0.313502140625 0.5149531125 0.31358131875 0.5091299859375 0.31063656562499997 0.502268125 0.31139595781249996 0.49695724218750004
9 0.47418284687499995 0.3082759140625 0.47000622031250006 0.2962549203125 0.46734326406250004 0.281968009375 0.467501621875 0.27032175468749997 0.46909617656249997 0.2594474265625 0.4742978328125 0.24396183124999998 0.4807577546875 0.231694321875 0.49125299531250005 0.2152412234375 0.48941497343749996 0.2121025734375 0.482487684375 0.20554421406249998 0.454549515625 0.182853746875 0.43570783593750007 0.164123725 0.433187890625 0.1632581125 0.429279421875 0.166094340625 0.4245621796875 0.1725529703125 0.41994369374999996 0.1823885609375 0.41380812499999997 0.2000606390625 0.4006167109375 0.215309003125 0.379772646875 0.25606592968749997 0.37412149375000003 0.264711040625 0.36887046093750003 0.2785081546875 0.3576686109375 0.29639004999999996 0.35122996562500003 0.31507236875 0.35107672343749996 0.318362771875 0.351982540625 0.32090261875000003 0.3580533890625 0.32660961093749996 0.379039578125 0.3418974796875 0.397155078125 0.3528562109375 0.406706178125 0.35530129375 0.4141936515625 0.352580121875 0.4237447515625 0.35502520312499997 0.42583477031249994 0.3582504171875 0.42953891874999994 0.35980139375000003 0.4526994203125 0.3641354984375 0.4554219828125 0.3633991875 0.45733918593749995 0.3607147125 0.4630363046875 0.35932865468749997 0.4714134328125 0.3443766703125 0.4749447640625 0.340017959375 0.4821870625 0.326069090625 0.481508553125 0.3227715640625 0.47418284687499995 0.3082759140625
9 0.47172585156249996 0.3692782234375 0.467769709375 0.3676406859375 0.425783690625 0.35934721875000003 0.4101089546875 0.355077228125 0.400027471875 0.3544000640625 0.370239346875 0.3480679328125 0.36406463125 0.3473398234375 0.3619218265625 0.347996696875 0.3608099828125 0.3526293375 0.3609606328125 0.39474771249999996 0.35776640625 0.4248522203125 0.3590987375 0.43060303437499997 0.3575833609375 0.43565423281250004 0.352816746875 0.4404243796875 0.3337204796875 0.46701657656249995 0.326860434375 0.4741320765625 0.309783534375 0.49584619218750003 0.3084707765625 0.4992954734375 0.3115176921875 0.5039637296875 0.32010848593749996 0.5105363359374999 0.36559091875 0.5303385515625 0.40036614843749996 0.5422839921875 0.414352690625 0.5456954953125 0.416899028125 0.544620065625 0.43768689531250005 0.5133157921875 0.458354734375 0.47221974375000003 0.46491852343750006 0.45497334843750004 0.46997887031249996 0.4232811703125 0.4734778765625 0.3893811359375 0.4734634203125 0.37182519375 0.47172585156249996 0.3692782234375
9 0.5458351218749999 0.4808184421875 0.5535303296875 0.468139496875 0.568737696875 0.453583621875 0.5697984609375 0.45004778125 0.5683903625 0.44454952812500004 0.5666527921875 0.44200255781250003 0.561942375 0.437320053125 0.5550891484375 0.433294415625 0.550329353125 0.4269234296875 0.5334985140625 0.4172417453125 0.5292920828125001 0.4127323609375 0.51714868125 0.40410365937500003 0.5131184734375001 0.39993339843750003 0.4943738390625 0.387365621875 0.4738669515625 0.371406634375 0.47265465000000007 0.3754475953125 0.47221108437500003 0.400089465625 0.464363453125 0.4558970265625 0.45974326093749995 0.46851790312499997 0.4356692328125 0.5154085875 0.4180849359375 0.5425201484375 0.414680453125 0.5455294984375 0.4047258203125 0.5435029734375 0.3836093734375 0.535135034375 0.3830543015625 0.5360587140625 0.3862544609375 0.53743656875 0.3882934 0.5417585828125 0.3933826625 0.5451782890625 0.40560012968750003 0.5563397140624999 0.4157011828125 0.5662169687499999 0.41831988124999997 0.57045954375 0.42434135156249997 0.57447805625 0.4427301265625 0.59193815625 0.44855409531249996 0.5892027375 0.452388503125 0.5838337874999999 0.47256510625 0.5629058421875001 0.47879601562499996 0.5541812984375001 0.4913301984375 0.5420502140625 0.503790315625 0.52738640625 0.5184936953125 0.5126574078125 0.524800375 0.503680303125 0.53158465 0.4968173625 0.5353186015625 0.49085673124999996 0.5458351218749999 0.4808184421875
9 0.6594700765625 0.5847632921875 0.697777525 0.549726528125 0.7134395062500001 0.5336552921875 0.7127116203125 0.5286692828125 0.6932689046875 0.5036038875 0.6903735234374999 0.49843051093749996 0.6610817499999999 0.46357442187500003 0.6572013765625 0.4616843234375 0.6467376421875 0.46784052656249997 0.6276745890625001 0.4813505453125 0.6185482999999999 0.48490171249999997 0.6132513015625001 0.4914397765625 0.5970112671875001 0.5048051671875 0.5855131609375 0.51255616875 0.581402071875 0.5169943171875 0.5749225765625 0.5200617328125 0.5398450890625 0.5489647468750001 0.526632396875 0.5577983 0.5194445890625 0.565079803125 0.5132383671875 0.5746485890625 0.5130093546875 0.5781915515625 0.5201886390625 0.5848364703125 0.5254524234375 0.5913805828124999 0.5377703453125 0.6031336890625 0.5561608234375 0.6178085046875 0.583064621875 0.64209376875 0.5868956187500001 0.6422953859375 0.5900217140625 0.64114051875 0.59367989375 0.6354324453125 0.600261553125 0.6301714265625 0.6074757515625 0.620948884375 0.6174882859374999 0.6107374734375 0.6237404734374999 0.608427734375 0.6260858984375 0.6061689421875001 0.6384651328125 0.6001135468750001 0.6494856421875 0.5902483796875 0.6594700765625 0.5847632921875
15 0.46025475 0.662311521875 0.4834629265625 0.671119390625 0.5101760375 0.6775095906249999 0.524012746875 0.67864093125 0.529508953125 0.6760715109375 0.533896725 0.6725641640625 0.536092315625 0.668025209375 0.551272475 0.6155721625 0.550618653125 0.6131188765625 0.548477553125 0.6109904625 0.5432120609375 0.6072316375 0.5152262249999999 0.5800674031249999 0.5142957203125 0.576683315625 0.515129178125 0.57390515625 0.519317740625 0.5664291640625 0.52375659375 0.5618250171875 0.578376434375 0.5187408671875 0.5968129453125 0.45821302499999994 0.600428571875 0.43967533437500006 0.6003051296875 0.43545412812500006 0.5990962390625 0.43392452031250006 0.5877581953125001 0.4272439859375 0.5666434515625001 0.4160907625 0.5419990796875 0.40651096718749996 0.519520496875 0.3999038234375 0.515865725 0.4000413296875 0.51548688125 0.40130412968750007 0.5169213734375 0.404861340625 0.519138240625 0.4067371921875 0.5477898359375 0.41685772343750005 0.570062390625 0.43063735625 0.5729577671875 0.4358107359375 0.5707834546874999 0.4467645015625 0.559102303125 0.4653175171875 0.5498951296875 0.47747709374999997 0.53983151875 0.48878530781249996 0.5324181078125 0.4940392 0.52701895 0.5027708703125 0.52282868125 0.5130321453125 0.5176568296874999 0.5210061359375 0.5155387124999999 0.5225072484375 0.5086837796875 0.5212669 0.5053303796875 0.5231794484375001 0.47894925937500005 0.5508908953125 0.468328871875 0.56590806875 0.45342287499999995 0.5822389890624999 0.4512272828125 0.5867779453125 0.4380435078125 0.6307233875 0.4365264265625 0.638559871875 0.438967190625 0.6452486125 0.44362653124999996 0.6510279171875 0.4502771359375 0.656655471875 0.46025475 0.662311521875
11 0.6456035640625 0.5911435640625 0.636953165625 0.599594178125 0.6152450218750001 0.6108026625 0.593857825 0.6329862828125 0.5841449578125 0.647758021875 0.5796516140625 0.6590295390625001 0.5779548953125 0.67209746875 0.5794693875 0.7096697640625 0.5772916640625 0.726194096875 0.5798558671875 0.7371040421874999 0.614986959375 0.7441571578125 0.6322741171875 0.7495381953125 0.6611862296875 0.7458188734375 0.6768660796875 0.7417330125 0.701749690625 0.73105814375 0.7343285109375 0.707704328125 0.7351619671875 0.7049261687499999 0.7333784343749999 0.6951201484375 0.715624796875 0.6282897468749999 0.7068416171874999 0.6066073640625 0.690327490625 0.57363316875 0.6857226437499999 0.5611864921875 0.6834036140624999 0.56150424375 0.6802264375 0.5637559140625 0.657857653125 0.5836522453125 0.6456035640625 0.5911435640625
17 0.36944948125 0.5298676875 0.3634191171875 0.527856971875 0.35794200625 0.5275221359375 0.23785883437500002 0.64947534375 0.212890865625 0.6891985125 0.3053659109375 0.618996228125 0.38266724218750003 0.536106021875 0.3781338046875 0.5330269453125001 0.36944948125 0.5298676875
5 0.6714577796875 0.4771677625 0.676443178125 0.48556635468750003 0.6896933093750001 0.49791826562499997 0.694728084375 0.5080053390625 0.6974736312500001 0.51089855625 0.7001698000000001 0.5121032890625 0.70261568125 0.5104361765625 0.7235763640624999 0.48504159218750004 0.7289755234374999 0.476309921875 0.737380746875 0.4566316125 0.8086757296875 0.3070049125 0.81321674375 0.30020716406250003 0.8193684765624999 0.2973057453125 0.8258003015625001 0.289764559375 0.8385669046875 0.2685199484375 0.8398549750000001 0.2642264265625 0.839453146875 0.2618597015625 0.8374125046875 0.26032297031249996 0.8166255234375001 0.24900375000000002 0.804582578125 0.240966728125 0.7957380859375001 0.2370928453125 0.7795329671875 0.2345907765625 0.7758271171875 0.23582508125 0.772750396875 0.2386684328125 0.76412298125 0.250748571875 0.7575345046875 0.2671507234375 0.7542040859375 0.2726928015625 0.71725365625 0.31432461875 0.70691165625 0.3274873140625 0.6997996171875001 0.334516253125 0.6885202921875 0.3554359921875 0.677799446875 0.36986148750000003 0.661961240625 0.385593603125 0.65076450625 0.39511965 0.634320146875 0.41287224062499994 0.625091696875 0.41861701250000005 0.6164642828125 0.43069715156250005 0.6053628875 0.4491707296875 0.5945117828125001 0.4705161515625 0.5819622578125 0.5077147890625 0.581354403125 0.5125205515625 0.582335984375 0.5148078390624999 0.5874286609375 0.512656978125 0.5996333734375 0.5034771765625 0.6187492109375 0.4860850734375 0.629010328125 0.48153079062500004 0.644115534375 0.46916851875 0.6546797265625 0.46360399531249996 0.6585107234375001 0.46380560937500004 0.6714577796875 0.4771677625
17 0.40441763125 0.5528690640625 0.396683278125 0.5471478234375 0.3927765125 0.5471987671874999 0.39033063281249997 0.5488658796875 0.3767603765625 0.5653770453125 0.3620076203125 0.578417559375 0.3527493671875 0.5916739390625 0.3166042953125 0.635253925 0.296903584375 0.6610813140625 0.2810900640625 0.677657671875 0.2700448671875 0.6866785984375 0.255013725 0.7015735953125 0.23082478437499998 0.7303166515624999 0.20477142656249997 0.7578621 0.1872663078125 0.7791505328125 0.1829015171875 0.7862874046874999 0.184008246875 0.7900106124999999 0.19181836875 0.7954792937499999 0.20219610625 0.8062873515625 0.203708071875 0.8068067187500001 0.206733709375 0.8050601703125 0.215814034375 0.794249953125 0.230439940625 0.7825588 0.23780738281249997 0.7700458515624999 0.254101909375 0.7500130921875 0.3611979640625 0.6246634578125 0.394137759375 0.5880614671875 0.41441311406250003 0.5705104875 0.41512142656249995 0.5662964046875001 0.413686934375 0.562739196875 0.40441763125 0.5528690640625
17 0.3161003078125 0.6350808015625 0.33842141875 0.610710703125 0.348611884375 0.59805313125 0.35645521874999997 0.590439634375 0.3612993078125 0.58263164375 0.362462234375 0.5769021999999999 0.3605978140625 0.575704590625 0.35704179687500004 0.579219059375 0.3452159265625 0.5871360609375 0.3303116328125 0.600681696875 0.3061805921875 0.6171868171875 0.27170755468749996 0.6468546328125 0.24467601874999997 0.6665422265625 0.231161959375 0.6736007390625 0.2198894546875 0.68337934375 0.21043369687500002 0.6898817937499999 0.1920491546875 0.7066893375000001 0.1478700640625 0.7399877578125 0.12628706875 0.7526321625 0.11294582187499999 0.7656003640625 0.077366053125 0.7915449703124999 0.073128115625 0.7973324796875 0.074964434375 0.8032564140625 0.0807305015625 0.81275893125 0.0912086953125 0.824158671875 0.094560390625 0.8250314062499999 0.09695519062499999 0.8244610937499999 0.14345671875 0.785274359375 0.16282284687499998 0.7707541 0.1759844578125 0.7630173453125 0.1914438203125 0.74854803125 0.227881734375 0.7206695078124999 0.23890395 0.7080190562500001 0.27430749374999996 0.681735328125 0.29692997656250003 0.6591402734375 0.3161003078125 0.6350808015625
11 0.5777803078125 0.751434771875 0.57755470625 0.7494071671875 0.574254090625 0.74743763125 0.569619440625 0.7425025671875 0.567178675 0.7358138249999999 0.5659238156249999 0.7270251703125 0.5607323921875 0.725799065625 0.550247378125 0.7255404609375 0.44476388125 0.6870777312499999 0.431355390625 0.6863720734375 0.4159820265625 0.683877125 0.4119254265625 0.68164790625 0.40923266875 0.6748726046875 0.4069911109375 0.6721525125000001 0.4030613625 0.66857393125 0.3991052203125 0.6669363921875 0.3754160421875 0.661584925 0.35915984375 0.66017965625 0.3430304984375 0.657425025 0.33897219375 0.6579810890625 0.3349402828125 0.656596109375 0.3273753359375 0.6623551265625001 0.30906485625 0.681695396875 0.304650690625 0.687143784375 0.30318639687500004 0.6910981828125 0.3073187625 0.6930748453125 0.3293478484375 0.6928414953125 0.373302153125 0.6973536859375 0.3946986953125 0.701081859375 0.40785518906249996 0.701700953125 0.4122131609375 0.70570521875 0.419293690625 0.7089731703125 0.43305292812499996 0.7131423546875 0.4387236546875 0.7136973375 0.4445442125 0.7165324890625 0.47938497968749993 0.744937071875 0.4915794640625 0.7524689718750001 0.5114853171875 0.7620925875 0.5151119921875 0.7666814093750001 0.52050433125 0.7690908750000001 0.5372398281249999 0.7698250265625 0.550246490625 0.7681639609375 0.560229221875 0.7654641578125 0.5730119874999999 0.7589902015625001 0.5777803078125 0.751434771875
11 0.5781438734375001 0.692777815625 0.5794208984375 0.6653577859375 0.5807864406250001 0.658026421875 0.585078871875 0.6455715421875 0.582460175 0.641328965625 0.5554048421875 0.617548821875 0.5524055953125 0.617354328125 0.5355372468749999 0.6689488859375 0.5291565015625 0.6753932687499999 0.5238876015625 0.6772050078125 0.505791675 0.6754463703125 0.48610971875000003 0.670635640625 0.449142309375 0.657658590625 0.444229271875 0.6545780062500001 0.43977255 0.6471967765625 0.43851939843750004 0.6356228390625 0.44387770781249997 0.61127626875 0.44834806718750003 0.596375225 0.448097778125 0.59350338125 0.44058902499999997 0.5898097453125 0.43668567031250005 0.5842901203124999 0.42278001249999997 0.5722702046875 0.41653123125 0.5690093765625 0.4136571296875 0.57025080625 0.39895545625 0.58219451875 0.3854626734375 0.595667840625 0.35633089375 0.6288419234375 0.3509828140625 0.6364767921875 0.333479396875 0.6549799421875 0.33176310781249996 0.6588477796875 0.332189621875 0.6620587453125 0.33758196093750004 0.6644682093750001 0.356610096875 0.6668256546875 0.3620799109375 0.666197275 0.37236571406249996 0.662487234375 0.38345517500000004 0.663510640625 0.3942662453125 0.66638853125 0.4054544578125 0.6707889046875 0.40784755156249997 0.673003875 0.41061608125 0.6795266171875001 0.41378984531249996 0.6828455140624999 0.4298681125 0.6866969453125 0.4458970015625 0.688859896875 0.48435169218749996 0.701512075 0.5448039578125 0.7242277984375 0.552918859375 0.725900953125 0.5647396140625001 0.726339803125 0.56962966875 0.7257908640624999 0.5745971984375 0.7222040796875 0.576313490625 0.7183362421874999 0.5760189375 0.705420065625 0.5781438734375001 0.692777815625
11 0.30604869843750004 0.5444303203125 0.3017877765625 0.54658830625 0.295082678125 0.5476281203125 0.28912844843749996 0.55728346875 0.28446569843749997 0.5570747265625 0.2760851640625 0.57759728125 0.2649062953125 0.5991087015625001 0.25859620625 0.6136563734375 0.242018178125 0.6438994625000001 0.24464028437500002 0.6425714734375 0.27331574999999997 0.613698034375 0.356468040625 0.5283191515625 0.35538599843749996 0.5254401828125 0.32328395625 0.51106995 0.3211164625 0.51088258125 0.31927502812499997 0.5133144953125 0.31510944687500003 0.5244200125 0.3117313578125 0.5254883218749999 0.3083038953125 0.52486814375 0.3065135390625 0.526203259375 0.304820234375 0.533700621875 0.30604869843750004 0.5444303203125