2 0.52698130625 0.28869484375 0.5202007671875 0.286993015625 0.5175083640625 0.2814296 0.5144945843750001 0.28008329062500004 0.5073926609375 0.2825985703125 0.49975077343749996 0.2797535859375 0.4951245203125 0.2835643875 0.489312759375 0.28248492812500003 0.4827508 0.2903604703125 0.457033646875 0.300675528125 0.4407866546875 0.3102916203125 0.43357636875 0.310672953125 0.428305496875 0.3176084921875 0.42012735625 0.320022196875 0.412380815625 0.3256622125 0.40409801874999995 0.3365609203125 0.4034552546875 0.344995134375 0.4065801828125 0.356439603125 0.419710596875 0.359271678125 0.436504971875 0.3762537515625 0.4553424921875 0.3886502890625 0.472131303125 0.3897039375 0.4973122015625 0.3846475625 0.5063498328125 0.3780675421875 0.5181826625 0.363256459375 0.52657475 0.3571464375 0.5394754500000001 0.31854429687499997 0.535384521875 0.314441671875 0.53398043125 0.2999740390625 0.5284900546875 0.2946774734375 0.52698130625 0.28869484375
2 0.6392395343749999 0.3242438109375 0.6250282656249999 0.30803647343749996 0.60468385625 0.29496677656250003 0.5831576453125 0.2876257703125 0.5599143125 0.29392687500000003 0.5559336046875 0.297267675 0.5476526625 0.3134758546875 0.5388308328125 0.321669034375 0.5264673125 0.357667228125 0.5193663171875 0.36283724687499996 0.49538112968750003 0.40198599375 0.49398446093750004 0.40875625937500004 0.5150818515625 0.4208351640625 0.5243371359375 0.42117777343749996 0.53207996875 0.40491880625 0.5442351078125001 0.3885453546875 0.5612332265625 0.37262899531250004 0.5826445812500001 0.35925289375 0.5896372109375 0.3519489265625 0.634078884375 0.33862277343749997 0.6432248796875 0.3341767 0.6392395343749999 0.3242438109375
2 0.7541086421875 0.3373861875 0.7431251 0.318828840625 0.73203783125 0.3114112328125 0.7182618734374999 0.3090491578125 0.7057788609375 0.31105655468750004 0.6951269015625 0.317484209375 0.6657504234375 0.32692296249999997 0.648640234375 0.33008642187500004 0.6379892015624999 0.33916881718749997 0.6351940046875 0.347399878125 0.63691669375 0.3496861890625 0.6543529078125 0.35557930937500004 0.6702850078125 0.3687634875 0.6783622078125 0.3854537359375 0.6823521890625 0.4086603125 0.7173292640625 0.41196155 0.7316405484375 0.4064102 0.74594905 0.392894640625 0.754337425 0.376165671875 0.7572372781250001 0.3594496078125 0.7541086421875 0.3373861875
2 0.3921781578125 0.41029701406249997 0.3886225578125 0.3982809671875 0.3844232703125 0.392044396875 0.3760284015625 0.3901902046875 0.33890074375 0.3919952875 0.3245885328125 0.3948919015625 0.2959603984375 0.390066171875 0.2697014296875 0.3897114953125 0.26055265156249996 0.3861933546875 0.246887840625 0.393929440625 0.2391450078125 0.410188409375 0.234525246875 0.43258237343749995 0.23281647031250002 0.47011712031249997 0.23465216249999998 0.48781106718749995 0.24036390624999998 0.51064921875 0.252317159375 0.5324836703125 0.2580168453125 0.5208102343750001 0.2657624609375 0.512515478125 0.279427271875 0.5047793921875 0.2939543546875 0.5008412 0.30794425937500003 0.499506959375 0.3271013046875 0.50237691875 0.33732815625 0.5113061078125 0.340775390625 0.5211882046875 0.386940678125 0.512803103125 0.3926403671875 0.5011296640625 0.3965062171875 0.47707175625 0.3947826 0.47213070625000003 0.380464821875 0.4590988921875 0.3790625859375 0.44994073749999997 0.38164105625 0.43744178125 0.390136871875 0.42019202031249997 0.3921781578125 0.41029701406249997
2 0.46538904687500005 0.3949078125 0.4619436671875 0.39033518749999996 0.44708963593749995 0.382562059375 0.4407397640625 0.38143181249999997 0.42352306406249995 0.3877708 0.39942394999999997 0.4088571734375 0.38404293906250003 0.4328901078125 0.3795296875 0.45210854375 0.3843763796875 0.4631845859375 0.39438743125000003 0.47050061875000004 0.394386503125 0.46784588281249995 0.3981532625 0.4682014 0.3956794484375 0.4722153546875 0.39858672031250003 0.47673719062500003 0.4073057515625 0.48233848593750006 0.40956747968749996 0.487330325 0.4345437078125 0.5125176453125 0.44175863125000003 0.5254099984375 0.455534590625 0.527772075 0.46995331093750004 0.5216999343750001 0.488566684375 0.5085906812500001 0.5042737093749999 0.49361432499999996 0.5147080125 0.4802640375 0.5216997203125 0.470305334375 0.5243874828124999 0.4625950625 0.52986301875 0.42541583281250006 0.524588440625 0.4217324234375 0.5155480265625 0.4203482328125 0.47529080625000003 0.39743515937499996 0.46538904687500005 0.3949078125
2 0.34336406406250003 0.5378913625 0.33915828124999997 0.513071628125 0.328177521875 0.5024784953125 0.313002109375 0.4989224734375 0.2883583953125 0.5013748984374999 0.272217909375 0.5078154640625 0.25747873593750004 0.520759446875 0.25393148125 0.5326360375 0.258692071875 0.6052918296875001 0.258378109375 0.6307468375 0.2620476359375 0.6608252578125 0.26829192812499997 0.6677857703125001 0.2815316296875 0.6754065312499999 0.2944471703125 0.6792801875000001 0.3090835453125 0.68013068125 0.3263011765625 0.67644643125 0.3433020765625 0.6684942875 0.356642721875 0.657011096875 0.360083465625 0.648310034375 0.357497575 0.639571090625 0.3586756640625 0.6232234531249999 0.3529518625 0.56587371875 0.34336406406250003 0.5378913625
2 0.5395953546875 0.5590668937500001 0.530983759375 0.55294480625 0.5212968703125 0.54937588125 0.5105346953125001 0.548360115625 0.4912720640625 0.5513204218750001 0.4206732984375 0.547842684375 0.40969717499999997 0.5505232359375001 0.39097543749999997 0.5614985421875 0.37924911875 0.5731340968749999 0.369676159375 0.58762754375 0.3627946734375 0.6050296687500001 0.3596799484375 0.6227873109375001 0.3602236234375 0.6387665218749999 0.37002351093749997 0.6577430843750001 0.40446896875 0.6795766953125 0.43191623124999995 0.6927858484375 0.4520466984375 0.709551859375 0.4618410203125 0.7125999968750001 0.474755634375 0.713818915625 0.48723864843750003 0.71181151875 0.5023029109375 0.705269378125 0.5190870859375 0.6930493375 0.529522315625 0.6823537875000001 0.53963338125 0.6679111265625 0.553289846875 0.63628240625 0.5589839703124999 0.6086805453124999 0.556393440625 0.5866679140625 0.5521922984375001 0.5751218687499999 0.5395953546875 0.5590668937500001
2 0.67162185625 0.49879053124999995 0.6639808953124999 0.498600284375 0.66021320625 0.49559003125 0.6542940109375001 0.4950313609375 0.627711803125 0.4935843125 0.616844040625 0.4983988109375 0.58004148125 0.5066057390625 0.5707945390625 0.530155765625 0.5645613796875 0.5550520999999999 0.56026949375 0.5918121171874999 0.5624265671875001 0.6052889578125 0.5670556015625 0.60944236875 0.6531576578125 0.63084218125 0.656495603125 0.635935596875 0.6617692515625 0.63696426875 0.6677940312499999 0.6316926734375 0.6776874453125 0.6103273875 0.6810244609375 0.6127660625 0.6828536609375 0.611876846875 0.685862803125 0.5999494703125 0.6853219140625 0.5919344703125 0.69864771875 0.5379754812499999 0.7044464968749999 0.5018886140625 0.7013252796875 0.5010630984375 0.6989588984374999 0.5045562625 0.69616091875 0.5048231109375 0.688948775 0.4998949671875 0.6764657625 0.501902365625 0.67162185625 0.49879053124999995
2 0.5985610703125 0.6357768671875 0.5874728734375 0.625704521875 0.57821295 0.6120882234375 0.56605131875 0.6098785109375 0.5603488484375 0.6135877359374999 0.5490624734375 0.6523422437499999 0.5267990499999999 0.6911225671875 0.5341204859375 0.70083939375 0.54671464375 0.70893015625 0.5811554640625001 0.71749008125 0.58998008125 0.7172611156250001 0.6037523296875 0.7090042390625 0.610957978125 0.69534921875 0.63559241875 0.6663494234375 0.6390331625 0.657648359375 0.633542784375 0.652351790625 0.6137383359374999 0.6446423609374999 0.5985610703125 0.6357768671875
17 0.624313725 0.738648534375 0.6293028031250001 0.7336439015625 0.6298932859375 0.728041603125 0.509710215625 0.7015554859375001 0.49974589218750004 0.7077271515625 0.624313725 0.738648534375
17 0.3012200234375 0.30508401093750004 0.300021984375 0.3070706875 0.2991596859375 0.3106218921875 0.33261242343749997 0.3219816484375 0.3355880875 0.3161541234375 0.30976274843749996 0.3018816734375 0.305742309375 0.30131132968749996 0.3031524578125 0.3024031 0.3012200234375 0.30508401093750004
2 0.5656919078125 0.50525138125 0.5437350265625 0.4973388015625 0.5300627953125 0.48383698593749996 0.517147253125 0.47996332812500003 0.51047600625 0.48305018750000006 0.495953559375 0.5002620640625 0.49154403281250003 0.508340759375 0.48799678125 0.5202173515624999 0.48628521874999997 0.5497878890625 0.4925276546875 0.5514389265624999 0.5117902796875 0.5484786203125 0.5293330015625 0.5511962109375 0.5419271609375 0.559286975 0.5530162828125 0.572014059375 0.562696678125 0.5569998234375 0.572691034375 0.5165305828125 0.5656919078125 0.50525138125
2 0.4500007703125 0.7061731796874999 0.43622110156250005 0.693192153125 0.382294434375 0.6647414796875 0.3702374578125 0.654046765625 0.3686240578125 0.6565491390625 0.368310096875 0.682004146875 0.369818840625 0.6879867765625 0.3757398953125 0.6938549203125 0.374343221875 0.7006251890625 0.37746722187500004 0.7094149203125 0.37757836718750004 0.71951308125 0.3850090921875 0.73401859375 0.399862196875 0.7391369828125 0.46615980468749996 0.7528273624999999 0.4753104375 0.7616549765625 0.49252899375 0.760625465625 0.503610696875 0.7521146484375001 0.5135059640625 0.7360588328125 0.5218915578125001 0.7113656500000001 0.5230687203125 0.6923632750000001 0.50639198125 0.7040625281249999 0.4894985171875 0.71149388125 0.476477396875 0.7134504890625 0.46302467500000005 0.7121807828125 0.4500007703125 0.7061731796874999
2 0.7446413171875 0.44887281406249996 0.736565975 0.4374920390625 0.7148239640625 0.42853787656250003 0.6798450328125 0.41992716406249997 0.67242729375 0.442587971875 0.6650067703125 0.4572845703125 0.653495321875 0.4678785484375 0.6388654359375 0.485611215625 0.6495229625000001 0.495111984375 0.6588856843750001 0.49493380625 0.662976609375 0.499036428125 0.6707250078125 0.4987058828125 0.6754614796875 0.5023385078125 0.6879444921875 0.500331109375 0.6967709609375 0.5054116171875 0.7015046468749999 0.501080028125 0.713449553125 0.49902183906250003 0.721625840625 0.49129866250000004 0.7309876359375 0.4884657484375 0.7341051421875 0.4786723171875 0.742174921875 0.47412466562500005 0.7476588078125 0.46083807187500003 0.7446413171875 0.44887281406249996
10 0.298035284375 0.2709797375 0.2729312671875 0.2907324296875 0.2603908515625 0.3337929953125 0.2702685484375 0.37012061093750004 0.3289279796875 0.391584959375 0.3466843328125 0.389721321875 0.36784593125 0.38021513281249997 0.390440009375 0.36376507812500003 0.4001123671875 0.32574311875 0.396694759375 0.29798917343750003 0.371394675 0.2699396625 0.323860184375 0.2610288015625 0.298035284375 0.2709797375
10 0.664327525 0.3612991125 0.63293475 0.349487340625 0.6298860859375 0.3509693640625 0.61374281875 0.34944571562500004 0.5852273796875 0.3591427125 0.5608380578125 0.3709989078125 0.5411166749999999 0.3956840453125 0.5213952890625 0.420369184375 0.5208642921875 0.44067138281249996 0.5241059296875 0.4781424375 0.5488657390625 0.4999467703125 0.5926322359375 0.5049624640625 0.638005640625 0.4888926234375 0.6657955656250001 0.456120184375 0.6828186734374999 0.40905829374999997 0.6790414 0.37861575 0.664327525 0.3612991125