5 0.2982205078125 1 0.3046412765625 0.9675886984375 0.3128306375 0.9494752312499999 0.31898839687499997 0.9439068828125 0.3199788109375 0.9372717906249999 0.3313675515625 0.9232896171875 0.3503363765625 0.8824932343749999 0.36855781875 0.7375201421875001 0.3653205265625 0.7224581546875 0.36052145625 0.716261215625 0.3332373546875 0.7110370406250001 0.3020680953125 0.7126670374999999 0.294526603125 0.7088643546875 0.2838744078125 0.7125861312499999 0.27079729218750004 0.71284690625 0.2667090453125 0.716800825 0.2638643984375 0.75929254375 0.24624004687499998 0.8816244234375 0.250035840625 0.9046620843750001 0.2623506859375 0.935072965625 0.2674415328125 0.95582590625 0.2690534078125 0.9892335031249999 0.26821628125 1 0.2982205078125 1
5 0.19598845 1 0.197370615625 0.983724915625 0.208378896875 0.9435309875 0.21931068125 0.9230232609375 0.2308517390625 0.9112162703125 0.2425579796875 0.8913788359374999 0.253325259375 0.8373539718749999 0.2652359484375 0.7373216234375 0.2643220328125 0.724270515625 0.2478553046875 0.707294121875 0.18682470625 0.6980637562500001 0.1637175359375 0.7005414171875 0.1583342375 0.7067800578125001 0.15874042187499998 0.7125805515625 0.1633871734375 0.7166023078125 0.1639456765625 0.724577984375 0.143502403125 0.868990321875 0.145025596875 0.8907421671875 0.1661384 0.9532878968749999 0.1678139109375 0.9772149265625 0.16463634375 1 0.19598845 1
5 0.25488026874999997 0.4647663390625 0.273454415625 0.49105899375 0.3144878671875 0.5367901421875 0.3375185390625 0.5539986781249999 0.3899535953125 0.5755420203125 0.4084898328125 0.5909039843749999 0.4182402953125 0.605473053125 0.43110145624999996 0.6125176609375 0.44304870156250004 0.6065111609375 0.447352903125 0.595251859375 0.42970553437500003 0.5718046796875 0.420424890625 0.5535555390625 0.404695390625 0.48477116562499994 0.388343071875 0.45903926562499997 0.3192388734375 0.3760717015625 0.3100597765625 0.3592726828125 0.302518284375 0.35547000156249997 0.2742945421875 0.35760598125 0.2487495875 0.3668282703125 0.219001975 0.388759984375 0.21257748906249999 0.40090865468750003 0.21406277187499997 0.411729809375 0.2200424859375 0.42439753593749996 0.25488026874999997 0.4647663390625
5 0.44495573593750004 0.44673685937499996 0.435446278125 0.4459987296875 0.4217849328125 0.4586950859375 0.41489062343749994 0.47452383749999993 0.41461103593750004 0.4913097875 0.41944801875 0.50843741875 0.4313695359375 0.5228421812499999 0.43935512499999996 0.54337604375 0.4717930375 0.6014201671875 0.4910021859375 0.6160023031249999 0.5185401515625 0.6248517828125 0.5280367515625 0.6357955421875 0.5340672390625001 0.6491883281249999 0.5423324187499999 0.652936240625 0.552362475 0.65071935625 0.557695 0.643755653125 0.5471958046875 0.6081050359375 0.556159621875 0.5906618609375001 0.5574296265625 0.5672408171875001 0.545977928125 0.5491559796875001 0.5428421812499999 0.5355441187500001 0.5173872640625 0.4733270015625 0.50283773125 0.45256099218749996 0.494471003125 0.44736295468750004 0.48738646562500004 0.4500858265625 0.48183798125 0.46435491406249996 0.47418207656250005 0.46930773906249995 0.4648249375 0.47074479374999995 0.45553143125 0.4627012796875 0.44495573593750004 0.44673685937499996
5 0.26653979843750003 0.19491836406250002 0.2623621875 0.2287641125 0.2497291671875 0.24575606875 0.2136708015625 0.3126285296875 0.2144831703125 0.3242295140625 0.227445878125 0.33272424218749996 0.24171649999999997 0.3287286234375 0.2437988734375 0.316908565625 0.2545147015625 0.303706221875 0.2724166125 0.28923112500000003 0.29866020625 0.25881774687500003 0.3287632265625 0.2419614640625 0.3476176421875 0.2099205875 0.359107928125 0.1973885359375 0.3959786640625 0.1421170609375 0.398365678125 0.1346473734375 0.3946206546875 0.11233477343750001 0.3575989515625 0.082335903125 0.3495368625 0.0814882359375 0.3363961125 0.09122957968749999 0.2830708359375 0.16086661093750002 0.26653979843750003 0.19491836406250002
5 0.335548634375 0.3209761015625 0.3341011484375 0.31675406875 0.3312214890625 0.3126404328125 0.325768675 0.30467871562500004 0.31894885624999997 0.293643975 0.31580285625000004 0.28983926875 0.3114105140625 0.28468499375 0.312214325 0.2797150625 0.31477699375 0.2751895453125 0.31901806875 0.26995946875 0.3232591375 0.2647293703125 0.3267414796875 0.2610005765625 0.3359775515625 0.2530822953125 0.3414649578125 0.249201734375 0.3480780140625 0.2449472375 0.3562037046875 0.24173333281249998 0.36207814374999997 0.2392673609375 0.36071111718750004 0.23619431406250002 0.3579368375 0.22947376875 0.352273221875 0.2267258875 0.3413732484375 0.22321922500000002 0.3393432203125 0.2271268953125 0.33608216562500004 0.23401545 0.33028335625 0.24167359843749997 0.32279088125 0.2457058828125 0.3085445484375 0.25198194687500003 0.29616077500000004 0.26018336249999996 0.29795021718750003 0.2692886421875 0.30192575625 0.28082740781250004 0.306911865625 0.30268547031250004 0.3075306015625 0.315633365625 0.3088477234375 0.326218253125 0.3090641609375 0.333421165625 0.30946163125 0.3432093140625 0.31048749375 0.35785903750000003 0.31228175625 0.36292113593750003 0.3203680265625 0.37559265937499997 0.34876250625 0.41098406875000004 0.3653189359375 0.43170525625 0.36818083437500004 0.42510816562500003 0.3673062171875 0.42084278125 0.3659190984375 0.4174825015625 0.36408460625 0.41184590312499997 0.36267735 0.4081983703125 0.3592899703125 0.4009466703125 0.356495575 0.39393885625 0.3522939421875 0.3832835046875 0.34813252031249997 0.3732026671875 0.3410126765625 0.3537713234375 0.336971965625 0.345413975 0.33329814999999996 0.3381839390625 0.33232296093749997 0.332482309375 0.3347247125 0.32565879531249997 0.335548634375 0.3209761015625
5 0.32977868906249996 0.2564626953125 0.316841028125 0.269104284375 0.31373033281249996 0.276628740625 0.31696762343749996 0.29169072812499997 0.3776922328125 0.37966588125 0.40877213125 0.4079277171875 0.4263308171875 0.4197191421875 0.4540332875 0.46208575781250005 0.4648757109375 0.47146985468749997 0.4749565359375 0.46997803125 0.4812158421875 0.46585980468750005 0.48572313906250003 0.4575007484375 0.4850630859375 0.4480749484375 0.480784609375 0.43892299218749997 0.46978986718750004 0.4273637078125 0.458858759375 0.40632386093750006 0.44434781562500003 0.3549409625 0.43238838125 0.329605509375 0.4154646984375 0.30610356250000004 0.3977286453125 0.2710006328125 0.37662802812499996 0.23979685156250002 0.3720828203125 0.2372252171875 0.3633985921875 0.23788244375 0.3520734875 0.24238405 0.32977868906249996 0.2564626953125
5 0.4143984625 0.290877271875 0.4272467625 0.3081275109375 0.44316717031249997 0.34847017812500003 0.45571082812499997 0.3613700453125 0.46712461875000005 0.36852419062499997 0.49574100468750004 0.4239419125 0.5080179375 0.4434221046875 0.5156102078125 0.447949846875 0.527138403125 0.4463484859375 0.5305029671875 0.4424493359375 0.5300460109375 0.43592378125 0.5229871968750001 0.41823539375 0.5200924515625001 0.41845446875 0.516740753125 0.41214798906250005 0.5109262203125 0.3914498203125 0.5033725390625 0.3563051890625 0.500643653125 0.3069462390625 0.459116009375 0.2022112671875 0.44904804687500005 0.1934974625 0.411771803125 0.201420865625 0.38688690000000003 0.22006895312500002 0.3875848609375 0.24042544375000002 0.39480885312499997 0.250083384375 0.4143984625 0.290877271875
5 0.46685044218750005 0.0529295046875 0.49123980156249997 0.058372753124999996 0.5159337984375 0.06816636875 0.5995123875 0.1084909765625 0.6246762046875001 0.1146045171875 0.692219975 0.12334196093750001 0.7199610328125 0.1350916890625 0.7635724046875 0.14491143906249998 0.7693111171875 0.14374822812500002 0.7725233593749999 0.13767389531250002 0.79125118125 0.083046575 0.7962919328125 0.0615268734375 0.7885473453125 0.0548239453125 0.7641579875 0.049380696875000005 0.70694890625 0.0427767375 0.6451059375 0.0219453875 0.620043665625 0.0172819703125 0.5124304562499999 0.0181371265625 0.4978044203125 0.017057315625 0.493932128125 0.0137058515625 0.4652893390625 0.0202469703125 0.46236887187500003 0.0408773046875 0.46292737656250005 0.04885298125 0.46685044218750005 0.0529295046875
5 0.5092290421875 0.138648571875 0.5061183453125 0.14617303125 0.5097239109375 0.156104815625 0.52939001875 0.1772125046875 0.5642027546875 0.1964449875 0.5710584734374999 0.2112331296875 0.5850495046875 0.22402346093749997 0.6138439359375 0.2612051078125 0.6862497375000001 0.30820650625 0.7248203578125 0.3395459609375 0.7363993296875 0.3386696609375 0.7474197953124999 0.329817684375 0.7545679703125 0.31761424531250004 0.7527144125 0.311923290625 0.744550778125 0.3096255015625 0.7319055734375 0.2952755078125 0.66969568125 0.1964792015625 0.6209047796875 0.15425075625 0.6122334125 0.1447023515625 0.6093515328125 0.134715796875 0.598762975 0.128957003125 0.5755420734375 0.0986425921875 0.5602559921875 0.0881369828125 0.553742821875 0.0886299 0.5393577890625 0.10138102812500001 0.5092290421875 0.138648571875
5 0.50853590625 0.15627755625 0.506878284375 0.15181631874999998 0.5065399968750001 0.146985434375 0.5088967609374999 0.1422203875 0.5113099078125 0.138260496875 0.5153476171875 0.1344474484375 0.5177607640625 0.1304875484375 0.5180892796875 0.127494834375 0.5139854109375 0.12267911875 0.5123653734375 0.118754646875 0.5071346796875 0.11321480937499999 0.5020730875 0.11009039843749999 0.49335872031249994 0.10859147499999999 0.4876070046875 0.10713811875000001 0.481986865625 0.107563453125 0.4764606765625 0.1093307015625 0.47011284687500005 0.1108903328125 0.46299969687500003 0.11304748125 0.44842612031250006 0.12008613593749999 0.43029821718749994 0.1263145359375 0.4186121375 0.1323252421875 0.411592978125 0.135824303125 0.4040573515625 0.139632271875 0.398338734375 0.14249330625 0.39240885625 0.146179734375 0.38702852656250003 0.153871634375 0.3833900125 0.1595430984375 0.3788125484375 0.16717427812500002 0.3738922890625 0.17375213750000001 0.370540190625 0.17967174375 0.367455715625 0.1855710890625 0.3651553328125 0.1911412796875 0.3616295828125 0.1984230359375 0.35975170156249997 0.2023424296875 0.3570100203125 0.20929504375 0.3565642359375 0.21445506875000003 0.3615604046875 0.2201300875 0.38745397187499997 0.2137361609375 0.3987408765625 0.20586702968749998 0.4125303640625 0.1991575390625 0.421479296875 0.19632184531250002 0.42994934531249995 0.194331803125 0.43954630781250004 0.1930658921875 0.450725690625 0.1951876828125 0.455388084375 0.19645366875 0.4602948171875 0.20120861093750003 0.48561101874999996 0.193896578125 0.5058047390625 0.186432609375 0.5160023421875 0.1783761140625 0.520199421875 0.16915491875 0.514719878125 0.1639037015625 0.5106911859375 0.160161521875 0.50853590625 0.15627755625
5 0.423876328125 0.42340666875000005 0.4211838671875 0.41700817968750004 0.4142888171875 0.4122246609375 0.40763510625 0.40901948906249996 0.40374493593749994 0.40368523125 0.39838252343749997 0.39963458125 0.393441115625 0.39555205937500004 0.387735165625 0.389617484375 0.38159240625 0.38518952500000003 0.3775335 0.3804044296875 0.3726829078125 0.373981821875 0.3681453796875 0.36719605781250003 0.358904840625 0.3512606125 0.335585484375 0.3189024015625 0.33495185 0.3225036328125 0.3326069375 0.33345508437500004 0.33675473437500003 0.34434417968750003 0.370286871875 0.42678336093749997 0.3737905140625 0.43330790312499995 0.387166575 0.45028830312499996 0.404264775 0.4720792875 0.4115142109375 0.4837521140625 0.41300307187499996 0.48567634843749996 0.4141778921875 0.46861318281250003 0.4163279578125 0.460642309375 0.42030362187500003 0.45457018125 0.4253604421875 0.44943470156250004 0.430966828125 0.44731298124999996 0.4320830046875 0.4390808625 0.4288688328125 0.431855440625 0.423876328125 0.42340666875000005
5 0.498511184375 0.2764936546875 0.5014302984375 0.33895848125 0.5053784140625 0.3641713265625 0.5291700046875001 0.43380336562500005 0.5319374765625 0.452545428125 0.538742421875 0.46660850624999994 0.5454586875 0.4690158359375 0.5577105703125 0.46735970625 0.5658870671875 0.459451865625 0.5648594218749999 0.4136086859375 0.5711315859375 0.39928483125 0.5775567515625 0.345588578125 0.5684040578125 0.266830721875 0.57082965625 0.2287441421875 0.568278140625 0.2026966984375 0.5634790656249999 0.19649975625 0.53878506875 0.18670614218749998 0.5177981875000001 0.1882944328125 0.49861408437500004 0.1948486171875 0.4903868125 0.2020313984375 0.48752998124999997 0.2131811640625 0.4903861359375 0.243578978125 0.498511184375 0.2764936546875
5 0.6964930390624999 0.46487455781250003 0.7095823421875 0.49595573125000003 0.7186727546875 0.5010989984374999 0.72942649375 0.4988273453125 0.7354827078125 0.4918088734375 0.72876711875 0.44785396562499996 0.7323604984375 0.4264438015625 0.7306342140625001 0.4017917125 0.7182306875 0.3597250765625 0.7151585796875 0.33663264375 0.711756103125 0.32960110625 0.70008845 0.3188216546875 0.6859830125 0.31478682812500003 0.670112696875 0.3167168 0.6520076953125 0.32829164843749997 0.6407205 0.343723946875 0.6423452375 0.366925915625 0.6648038640625 0.427911984375 0.6964930390624999 0.46487455781250003
5 0.5712561515625 0.546514015625 0.5710144734375 0.5742306562499999 0.5760674109374999 0.5840529046875 0.5843833625 0.5885258796875 0.5944641890625 0.587034053125 0.599593625 0.57717010625 0.5993654859374999 0.5531335390625001 0.6179538484375 0.4861254078125 0.617509753125 0.469394225 0.6239220546875 0.425903603125 0.6200247125 0.40141581718749997 0.6055638609375 0.3923055625 0.5923344265625 0.390391153125 0.5771878 0.392266359375 0.571601409375 0.3956047546875 0.5642115546875 0.43552483750000004 0.56516338125 0.45950663281250004 0.5542952328124999 0.47053379531250006 0.5570498421875001 0.4994814859375 0.5712561515625 0.546514015625
5 0.6077708 0.5277146875 0.6076306671875 0.556881453125 0.612010690625 0.56748353125 0.609319040625 0.570602853125 0.61051186875 0.6084155859375 0.6130891125 0.614051771875 0.62068138125 0.6185795171875 0.6279182359375 0.618031828125 0.6348504562499999 0.6131337718750001 0.636983603125 0.6020387765625 0.6625163671875 0.5614745375 0.6667697984375 0.5494901703124999 0.6713664578125 0.5112392890625 0.6875928546875001 0.472837165625 0.6871995359375 0.45683104218750004 0.6837462875 0.449074440625 0.672180178125 0.4397451109375 0.658798425 0.43565551718749995 0.6370878546875 0.43729857968749997 0.625445246875 0.447655446875 0.6193633109375 0.4750851765625 0.6189693109375 0.5006266375 0.6077708 0.5277146875
5 0.7562272328125 0.5594848031249999 0.7763888890625 0.5565011546874999 0.785187525 0.547088425 0.78737144375 0.5367184890625001 0.7832202359375 0.5086053953125 0.772949178125 0.49699134375 0.7604434312499999 0.495022165625 0.7353175249999999 0.49983932031249995 0.711892853125 0.5081722375 0.674781790625 0.5080651984375 0.6661984359375 0.5517201234375 0.65982471875 0.5645938578125 0.6694357265625 0.5667821109375 0.7096574859375 0.5593646921875 0.7562272328125 0.5594848031249999
5 0.617345925 0.3943295078125 0.6209514921875 0.40426129375000003 0.6372658999999999 0.41906250468749995 0.645721309375 0.43591629374999996 0.6574525984374999 0.4372151796875 0.6631913140625 0.43605196562500004 0.6623281703125 0.423725921875 0.6405424546875 0.3619600203125 0.640098359375 0.3452288375 0.65133478125 0.3290714796875 0.6412925406250001 0.2999464140625 0.6276318734374999 0.271095190625 0.6004242718749999 0.2461848234375 0.5796912515625 0.2513984234375 0.5693944703125 0.2601956296875 0.5684040578125 0.266830721875 0.5770997921875 0.3390630234375 0.586025025 0.3522367375 0.5874087625 0.3616077703125 0.5940106171874999 0.3727706046875 0.617345925 0.3943295078125
5 0.75903803125 0.2567769171875 0.7624777390624999 0.316286728125 0.7654103921875001 0.3269983453125 0.772621521875 0.346861915625 0.7789187390625 0.35367438125 0.78587600625 0.3699126453125 0.7960197906250001 0.4004878328125 0.8016440953125 0.4080801296875 0.8112551015625 0.41026838281250005 0.818441184375 0.40899563125 0.828737965625 0.40019842499999997 0.8290811921874999 0.3739319046875 0.8401151984374999 0.313326721875 0.839214146875 0.290069984375 0.83120350625 0.24839980156250002 0.8313314546875 0.187891084375 0.8285511203124999 0.1793546515625 0.8206034390625 0.1697514765625 0.8013814281249999 0.165374975 0.7839621984375 0.165964359375 0.7613119890625 0.174967575 0.752564121875 0.18510536718749998 0.7456190421875 0.20020905312499998 0.7466345015625 0.21471028125 0.75903803125 0.2567769171875
5 0.697258696875 0.2264649984375 0.7294941890625 0.240061296875 0.7573239328125 0.2634667765625 0.7608915859375001 0.262467871875 0.76058695 0.258117503125 0.7472437828125 0.2234110203125 0.745149221875 0.2038891296875 0.7518404375000001 0.1851601359375 0.7593440234375 0.1780321265625 0.7595599765625 0.1707267421875 0.7538849 0.1624093859375 0.7354502093749999 0.14849754531249998 0.7197958515625 0.14312213437500002 0.7068202828125 0.14483303281249998 0.6963204078125 0.1507299921875 0.679649915625 0.17240093125 0.6744060703125 0.191020390625 0.676868903125 0.2054120796875 0.697258696875 0.2264649984375
5 0.743406015625 0.43872814531250004 0.776390240625 0.47340599687499996 0.787169028125 0.4922706625 0.7976560390625 0.49657933125 0.8090826921875 0.4935278453125 0.8148850375000001 0.4828840671875 0.812523753125 0.46994249843749997 0.8076231328125001 0.4622954328125 0.7968957953125 0.40260824843750004 0.789786209375 0.3841948 0.7660575781250001 0.346629771875 0.76029381875 0.3266566625 0.7541489203125 0.32201938124999996 0.7447281453125 0.33293700312499996 0.7242489890625 0.34177591406249996 0.7189672375 0.3494646765625 0.7192590125 0.364020678125 0.73083730625 0.4046919578125 0.732106634375 0.42281849375 0.743406015625 0.43872814531250004
5 0.8673986234375001 0.360098475 0.8773907640624999 0.3469508953125 0.8691655234375 0.2294909359375 0.854628175 0.240066878125 0.836649765625 0.2742281703125 0.8387693734375 0.31488638125 0.82773536875 0.375491565625 0.8275194125 0.3827969515625 0.8306680203125 0.3862031828125 0.842043896875 0.3824266375 0.8673986234375001 0.360098475