0 0.1539544609375 0.308187325 0.144787096875 0.2996916 0.0355874203125 0.2777342015625 0.02097885625 0.30336402812499996 0.0132888640625 0.369139925 0.1219114875 0.4084485671875 0.1422522984375 0.4082810796875 0.1539544609375 0.308187325
0 0.183219925 0.33100697968750004 0.193816321875 0.339695009375 0.2700565953125 0.345597690625 0.34032191875 0.3405294484375 0.36535970624999997 0.3250175609375 0.365343590625 0.3003244578125 0.3514631390625 0.28248003593750004 0.2800114890625 0.27286455 0.18755033125 0.26913619375 0.18099832968750001 0.275516509375 0.1801030421875 0.3204206734375 0.183219925 0.33100697968750004
0 0.1740958703125 0.2600635421875 0.18359758125 0.2656994453125 0.3516303140625 0.2810501234375 0.3622105953125 0.26504505156249997 0.36312199375 0.24483399062500003 0.3462918328125 0.2149733515625 0.3296449578125 0.20837590156250002 0.275266171875 0.214129640625 0.1732116640625 0.19313378750000001 0.16506345312499998 0.20075170468749998 0.16576437500000002 0.2444182671875 0.1740958703125 0.2600635421875
0 0.28929768437500003 0.2058510515625 0.2990421015625 0.19699553281249998 0.29987797031249996 0.18984598125000002 0.130775728125 0.1670893328125 0.1338674328125 0.182029475 0.178593446875 0.1967628484375 0.2078428015625 0.1948893984375 0.28929768437500003 0.2058510515625
0 0.4273257609375 0.35369025 0.4940049046875 0.39171164062499997 0.5057715140625 0.3903903 0.5238313125 0.372486953125 0.5244083625 0.355135715625 0.47664099687499994 0.31675452656249997 0.4474510578125 0.2808733671875 0.4094442171875 0.258329765625 0.3992738109375 0.2584135078125 0.380728609375 0.3052996890625 0.4112559359375 0.32974156250000003 0.4273257609375 0.35369025
0 0.6071845234375 0.3299649765625 0.6416484890625 0.3331504984375 0.6454340671875001 0.3380171609375 0.6584625390625 0.3383180375 0.6861912171875 0.32462068125 0.67086561875 0.28189084375 0.6716853734375 0.2500481875 0.5660285734375 0.24744886562500001 0.5524985828125 0.251437721875 0.5553133421875 0.314270053125 0.6071845234375 0.3299649765625
0 0.8257621265624999 0.2606159484375 0.7375125390624999 0.27052602812500004 0.733166021875 0.307703709375 0.73934036875 0.36663092812500003 0.7427916 0.37435741093749997 0.759271303125 0.3823847703125 0.788186309375 0.3833711453125 0.8592874984375 0.3711533484375 0.8558040468750001 0.3140406578125 0.83854403125 0.26233605312499997 0.8257621265624999 0.2606159484375
0 1 0.284063715625 0.8917834515624999 0.2695006578125 0.8784852859375001 0.29385442031250003 0.861293584375 0.3539944171875 0.9743704828125 0.392450075 1 0.3937493546875 1 0.284063715625
0 0.5491601390625 0.41656295937500004 0.58471879375 0.42280061093750004 0.659028509375 0.432800715625 0.6754165671875 0.429196478125 0.68792740625 0.40909398750000003 0.6911037078125 0.38192568125 0.68193634375 0.3734299578125 0.6447814859375 0.3684299078125 0.5535821890625 0.3663237703125 0.5468630140624999 0.37413399687500004 0.5453745624999999 0.4116962953125 0.5491601390625 0.41656295937500004
0 0.9246070984375001 0.6442818640625 0.9211558671875 0.6365553796875 0.9262627218749999 0.6052896515625 0.9193602625 0.5898366859374999 0.9287703281249999 0.583840990625 0.925151925 0.57754441875 0.879924384375 0.567100775 0.8311700906249999 0.56199215625 0.8231890546875 0.5681801609375 0.8148897890625 0.6019210921875 0.8265375671875 0.6761089671875 0.84041801875 0.69395339375 0.86866433125 0.700659409375 0.89724499375 0.704505603125 0.9093459515625 0.7003244390625001 0.9246070984375001 0.6442818640625
0 0.9185838125 0.5592316296875001 0.9176724109375 0.579442690625 0.9283604515625001 0.5997623187500001 0.958887778125 0.6242041921875 0.974882071875 0.6612143890625 0.98961459375 0.6659786109375 0.9975546796874999 0.5524301046875 0.9948996125 0.5520728046875 0.9882559703125 0.546821525 0.9870696390625 0.5321377968750001 0.97353965 0.5361266515625001 0.9413405828125001 0.525983884375 0.9185838125 0.5592316296875001
0 0.5132610953125 0.66154606875 0.5293903359375001 0.647740146875 0.5518127625 0.6173522234375 0.5554150515625 0.5989556921875 0.5078148609375 0.5591445968750001 0.46308884375000003 0.544411221875 0.453678778125 0.5504069171875 0.43067930312499997 0.5981460796875 0.43093811875 0.6083477640625 0.44053147187499997 0.6256152593750001 0.46970529687499996 0.6368033171875 0.48627664218750005 0.656462271875 0.5014944828125001 0.6628674125 0.5132610953125 0.66154606875
0 0.31424281718749997 0.563595534375 0.4291586234375 0.586322171875 0.43932903124999995 0.5862384296875 0.44747723749999996 0.5786205125 0.4522497453125 0.5502146078125 0.3979303765625 0.518213734375 0.3541318765625 0.507962403125 0.3254595703125 0.4924846140625 0.31176240312500003 0.4979033796875 0.29900886249999997 0.5324972906250001 0.3052426296875 0.5536698999999999 0.31424281718749997 0.563595534375
0 0.59994166875 0.565732771875 0.58498264375 0.56952931875 0.5895285609375 0.5803079343750001 0.608866328125 0.5887199140625 0.6411409203125 0.585801171875 0.66232868125 0.46665021093750003 0.6450886421875001 0.45271090156250005 0.629369278125 0.45059549531250004 0.6244134828125001 0.4557382109375 0.59994166875 0.565732771875
0 0.8027837953124999 0.46957523593749995 0.8056257499999999 0.44526675156250006 0.7936758515625 0.423324903125 0.7403756375 0.4074376703125 0.7282907921875 0.4363119390625 0.7141676343750001 0.43295893281250003 0.7090446671875 0.43953155468749994 0.7064454171875 0.449348621875 0.71115850625 0.45869732343749997 0.6942850421875 0.4912843984375 0.70555013125 0.4942527859375 0.7172251000000001 0.481299846875 0.768352053125 0.5157759203125 0.7754972203125 0.516737465625 0.786837840625 0.5066443484375001 0.8027837953124999 0.46957523593749995
0 0.8113257671874999 0.4213428875 0.8131969046874999 0.4550000734375 0.8221376765624999 0.5026803171875 0.8355921390625 0.5117529671875001 0.8500496421875001 0.5122461546875 0.8733995796875 0.486340275 0.872439840625 0.43247202500000004 0.8639411750000001 0.418256659375 0.8214045296875 0.4096275484375 0.8113257671874999 0.4213428875
0 0.865126490625 0.8178283515625001 0.8770441640625 0.79038399375 0.8933405796875 0.7751481609375 0.88020435 0.738522584375 0.8603650625 0.7344003406249999 0.8243965328125 0.7440840140625 0.822223275 0.7626728546875 0.7838548953125 0.8301298921875 0.7850412234374999 0.8448136203125 0.7891981218749999 0.848277840625 0.8559203546875 0.8572568734375 0.857754734375 0.8560513234375 0.865126490625 0.8178283515625001
0 0.9847565218750001 0.7354522703125 0.9411351375000001 0.7263885328125 0.91786073125 0.7392329046875 0.9134981015625 0.7517174828125001 0.9755462328125001 0.8417654499999999 0.9799657749999999 0.8039631453125 0.9847565218750001 0.7354522703125
0 0.963470953125 0.8208960359375 0.9192464593749999 0.801872928125 0.8833534593750001 0.7984950984375 0.8659623578125 0.8106787984375 0.8590004796875 0.8329804421875 0.865067075 0.8555829625 0.8700405625000001 0.8591570781250001 0.971910203125 0.8728660109374999 0.9759135750000001 0.8386234109374999 0.963470953125 0.8208960359375
0 0.7428449734375 0.5849637421875 0.7472398296875 0.6218653703125 0.75338195 0.6314063859375 0.788681784375 0.6274423546875 0.812959234375 0.606018515625 0.8222615453125 0.5636981171875 0.8020717953125001 0.537742590625 0.7839958874999999 0.5309528328125 0.772062103125 0.5337040875 0.7464472640625 0.5665672125000001 0.7428449734375 0.5849637421875
0 0.45196876875 0.763680759375 0.448290946875 0.795138796875 0.4660325078125 0.804788378125 0.5486306187500001 0.8159038781250001 0.5545409140625 0.8050799828124999 0.5607263437500001 0.7521732859375 0.5137354249999999 0.7443971515625 0.45196876875 0.763680759375
0 0.7887190453125 0.81335558125 0.777788303125 0.8075273703124999 0.736179171875 0.8033803 0.731223375 0.8085230140625 0.6971853984374999 0.8141092671875001 0.6822102625 0.793212709375 0.6573235359375 0.7826015828124999 0.6348094671875 0.8013579078124999 0.6237276640625 0.8216527140625001 0.6248338046875 0.8261587921875 0.78115893125 0.8471959828125 0.7887190453125 0.81335558125
0 0 0.48624846875000005 0.0085808078125 0.4963182453125 0.10037327031250001 0.5057662453125 0.1299730875 0.5257260765625 0.16198886562499998 0.51260565 0.18021583593749999 0.49327239375 0.173388903125 0.46475792031249996 0.1542938390625 0.441854521875 0.093346940625 0.429295475 0.0043605515625 0.42018083281249996 0 0.4825396203125 0 0.48624846875000005
0 0.171884340625 0.47762711874999997 0.2097995359375 0.488539121875 0.31907474375 0.497435015625 0.336207025 0.47504963125 0.341723759375 0.427862571875 0.306650515625 0.392642084375 0.2609214578125 0.386488175 0.1968737875 0.388035925 0.18259957031250001 0.4108059296875 0.185214934375 0.4256819671875 0.152697634375 0.443092125 0.171884340625 0.47762711874999997
0 0 0.61199434375 0.0388382390625 0.622392353125 0.0702014359375 0.6396846734375 0.0849932875 0.6373180374999999 0.09416065 0.6458137609375 0.12341000625000001 0.6439403109375 0.1343840546875 0.5873208062499999 0.114620296875 0.5701370531250001 0.08736091093750001 0.5301584703125 0.0912975515625 0.50890211875 0.035398090625 0.50283195 0.023038312499999998 0.49681142968750003 0.0039593609375 0.49860113437500003 0 0.503595234375 0 0.61199434375
0 0 0.6959894953125 0.07192151249999999 0.699464875 0.07331832031249999 0.650270978125 0.0554851171875 0.628989803125 0.0358130015625 0.62343764375 0.0255670640625 0.6365828953125 0 0.639453975 0 0.6959894953125
0 0 0.7420728421875 0.08863168906249999 0.7540003046875 0.10001676562499999 0.732293903125 0.0997579484375 0.7220922171875 0.08528433125 0.6969059296875 0 0.692139428125 0 0.7420728421875
0 0.0807294765625 0.752936875 0.2905472515625 0.781172746875 0.28983545624999996 0.7723625109375 0.2678662140625 0.724381390625 0.1584993609375 0.7038539015625 0.14942364375 0.7069897765625 0.141701428125 0.7233794687499999 0.09101657656249999 0.7223682703125001 0.0806034671875 0.7369434312500001 0.0807294765625 0.752936875
0 0.1752006234375 0.5361697171875 0.1766457671875 0.5610551312500001 0.22079473125 0.593139746875 0.25694654843750003 0.6067192625 0.3195651828125 0.6049792046875 0.3351767921875 0.5707699109375 0.30179140000000004 0.5459434171875001 0.22746556718750002 0.5112502109375 0.1999795921875 0.5104561453125 0.1752006234375 0.5361697171875
0 0.3379754421875 0.6089091421874999 0.32494696875 0.608608265625 0.313606346875 0.61870138125 0.3132881140625 0.6462543078125 0.293966459375 0.6625354328124999 0.3321565859375 0.708342225 0.3055387046875 0.749784815625 0.3042013171875 0.7612241015625 0.326823140625 0.778792475 0.355996965625 0.78998053125 0.43665794062499996 0.800835346875 0.44240764062500004 0.7957994703125 0.45035645 0.7402252578125 0.4619397765625 0.715640721875 0.4673809765625 0.6815151734375 0.4604785171875 0.6660622093749999 0.44609654374999996 0.6525075140625 0.3850580015625 0.6283168671875 0.358073546875 0.6232330734375 0.3379754421875 0.6089091421874999