15 0.37810927968749997 0.5470503546875001 0.3470319890625 0.56152686875 0.3295505453125 0.5743009171875 0.31786771875 0.578291603125 0.3123956953125 0.5824129921875 0.3074810140625 0.5933764625 0.308008575 0.6080425593750001 0.2982024765625 0.6148394640625 0.28972228125 0.624906528125 0.2834882078125 0.6399058578125 0.2821753265625 0.6512477375 0.28475455 0.658824046875 0.2952333609375 0.6646212515625 0.30013128125 0.6760938375000001 0.313334465625 0.6873953609375001 0.319030728125 0.6874720078125 0.325973803125 0.6845487890624999 0.3431947203125 0.6680946999999999 0.353703309375 0.6660678843750001 0.381403034375 0.655411 0.3879404328125 0.65087973125 0.396905390625 0.6486907421875 0.4030008234375 0.64306941875 0.48844847968750005 0.6071710203125 0.48939847968750005 0.6010091109375 0.48493601875000003 0.5833205609375 0.47068421875000005 0.5499928609375 0.4645757671875 0.5410021453125 0.46173601875000003 0.5297457953125 0.44794571406249994 0.51942620625 0.44335111562499996 0.5184216828125 0.4207968203125 0.5296191546875 0.38857506875 0.5382355203125 0.37810927968749997 0.5470503546875001
15 0.47123977031250003 0.43107862499999994 0.4567767515625 0.408164928125 0.44684877187499994 0.40190378750000005 0.43391262187499996 0.4015883203125 0.391363725 0.4096415140625 0.35649017656250004 0.41171756249999997 0.342937128125 0.42020805 0.32239820468749997 0.42483373125 0.3074894765625 0.43787807343749996 0.29916094375 0.4531791671875 0.2937447359375 0.4787006171875 0.29719113125 0.510893090625 0.3011325421875 0.5212215625 0.3143785265625 0.539311109375 0.33532963437499996 0.5435994953125001 0.3523458421875 0.5448654281249999 0.3842772859375 0.5403930375 0.4260874015625 0.5280877484375 0.43736455156250004 0.5224890125 0.44974986875 0.5232684187500001 0.4691210625 0.527912628125 0.4797748046875 0.5238138265625001 0.4833338078125 0.5174042125 0.48380929687499996 0.4736221578125 0.47123977031250003 0.43107862499999994
15 0.633519821875 0.630239528125 0.6215699578125 0.62324415625 0.6113516765625 0.6211269921875 0.566738096875 0.621657934375 0.5404303390625 0.6272429640625 0.5187962640625 0.6401025437500001 0.5063513859375 0.65497116875 0.5023569250000001 0.6675967468749999 0.5024062296875 0.6816907875 0.510368140625 0.7086177609375001 0.509873125 0.730481759375 0.5116112109375 0.7426659843750001 0.52554666875 0.7509135875 0.55991869375 0.7633955171875 0.6453458421875 0.7869812625 0.6526946 0.78566609375 0.6572101124999999 0.780400590625 0.6546216140625 0.72116415 0.6568779874999999 0.6963543421875 0.655400428125 0.6878501546875 0.6481838078125 0.672481296875 0.633519821875 0.630239528125
15 0.21803987187499999 0.5604982359374999 0.19942796406250002 0.5006219765625 0.19359029375 0.465569228125 0.1887649484375 0.45306064843750005 0.18615594687499998 0.45330835468749997 0.17517561406249998 0.4620691296875 0.1598677140625 0.480811440625 0.144807325 0.488621753125 0.141429759375 0.4924413796875 0.150298875 0.50641841875 0.154319371875 0.5230169171875 0.1614569078125 0.5321157484375 0.170392084375 0.537750775 0.193770759375 0.5443814437500001 0.2158728359375 0.5618359953125001 0.21803987187499999 0.5604982359374999
15 0.25434363125 0.3900279265625 0.2294473671875 0.4124591609375 0.21975013593749998 0.41770207187499997 0.21498060312499997 0.42659355468750004 0.2029711859375 0.43524621406249997 0.1950055328125 0.44536733906250003 0.199418690625 0.4489618453125 0.19923725 0.45155183125000004 0.192808715625 0.454529109375 0.1913804609375 0.4601189625 0.1925249203125 0.46597910625 0.1963509578125 0.47055555312499997 0.1963211796875 0.47837957031249995 0.21467256093749998 0.534575790625 0.29439970937500004 0.5951329828125 0.3021541421875 0.5954258625 0.307075334375 0.5917684125 0.347309278125 0.5427708531250001 0.3215458390625 0.540585925 0.313052625 0.5360409500000001 0.3060239578125 0.5253881265625 0.29703295937499996 0.4983530390625 0.29599736718749997 0.4909389046875 0.29997229999999997 0.45639526874999997 0.308851665625 0.44063023437500004 0.32445637656250004 0.42504996562499997 0.317688234375 0.41807718125 0.3061803375 0.41217186093749997 0.28959307968750003 0.39738394375 0.260910809375 0.377672640625 0.25434363125 0.3900279265625
15 0.613878828125 0.5702551515625001 0.6059662234375 0.557422221875 0.5950519562500001 0.5578409843750001 0.5511473812500001 0.5704480359375 0.5106203687499999 0.5792354640624999 0.48957341249999997 0.59111310625 0.487703190625 0.5956129046874999 0.4880428 0.6055629687499999 0.48514349375 0.6099546515625 0.4772801953125 0.6112157625 0.462292384375 0.6179900796875 0.4609432125 0.62984995625 0.47232548124999996 0.6597453234375 0.482078528125 0.6759024703125001 0.4952091375 0.688239990625 0.5049854546875 0.6892671 0.5061596921875 0.687303228125 0.5028351796874999 0.6681688046875001 0.5068659296875 0.6550252296875 0.5217020796875 0.6430168796875 0.54363296875 0.6333193421875001 0.5694987640625 0.626644259375 0.5898199546875 0.6251265609375001 0.6104379625 0.626770903125 0.62359835 0.63128440625 0.6310261890625 0.6362392609375 0.6342223140625001 0.6350096203125 0.6353174671875 0.626775725 0.6273555562500001 0.5998487531250001 0.613878828125 0.5702551515625001
15 0.47850650625 0.6677000421875 0.47096329218750005 0.6569931609374999 0.464861353125 0.6553084640625 0.4585351765625 0.6494257328125 0.4340483328125 0.636416925 0.4175103796875 0.6357230453125 0.38896951875 0.6509878484375 0.3872081625 0.6539336546875 0.38893974062500003 0.6588118656249999 0.388062315625 0.663937778125 0.3727311484375 0.6978101234375 0.37109167187500003 0.7138139781249999 0.42413239375 0.7261700234374999 0.4651506828125 0.7325666921875 0.49481924218750006 0.7455980890625 0.498421040625 0.7459764984375 0.50066065625 0.7436027468749999 0.5128282453125 0.747490134375 0.5170469468750001 0.73906259375 0.5151143984375001 0.7148563140624999 0.5057540140625 0.6856951796875 0.49612285 0.682596078125 0.49185484375 0.6769295796875 0.47850650625 0.6677000421875
15 0.7595634890625 0.3330050765625 0.7121892484375001 0.32854969375 0.696492434375 0.3232479015625 0.659227609375 0.32246367343750004 0.6552266390625 0.3277832328125 0.6506282953125 0.3638268015625 0.6419201203125 0.40674392187499997 0.6403960171875 0.42849980312499997 0.6376055734375 0.43133749374999997 0.6384597296875001 0.44134161406250005 0.6594992000000001 0.5035601562500001 0.66281069375 0.50808254375 0.6746516921875 0.516631909375 0.6922615249999999 0.5242219234375 0.702994353125 0.526393146875 0.7344177625 0.529172715625 0.7444480953125 0.5265738468750001 0.7550097359375 0.5015929828125001 0.7626422828125 0.4888278171875 0.799287440625 0.454063884375 0.80783370625 0.4356548078125 0.8152290015625001 0.40407956875 0.8151862031249999 0.397291546875 0.781345484375 0.3624276203125 0.7595634890625 0.3330050765625
15 0.433688384375 0.3973902828125 0.43996525468750003 0.3891789765625 0.44414115625 0.37396341093749996 0.45147689375000005 0.358036203125 0.453637421875 0.3493924265625 0.453588115625 0.3352983859375 0.459307646875 0.32024499375 0.46302579843749997 0.24497322656249998 0.4522241375 0.206789909375 0.4383119515625 0.1834122734375 0.432833421875 0.1802276421875 0.43197751562500003 0.1785722890625 0.39347522968750004 0.174527196875 0.3567070953125 0.20145106406250002 0.3299275890625 0.21377005468750002 0.301168996875 0.23214284062499999 0.2899644265625 0.23670558125 0.26152591875 0.24311037343750003 0.2571555578125 0.24630388593750002 0.2612551421875 0.2691724078125 0.2878029203125 0.32675156250000004 0.28843934843749996 0.3398636671875 0.2859457171875 0.3458634 0.303400146875 0.385267478125 0.311972446875 0.39608247812499997 0.34936565937499997 0.4172307703125 0.40694516875 0.40919127812499995 0.42333145937500005 0.4046511265625 0.433688384375 0.3973902828125
15 0.60124893125 0.33620113281249997 0.5837181828125 0.3348811421875 0.557628153125 0.3373581875 0.517912496875 0.349361715625 0.4613750921875 0.3721213609375 0.4516052859375 0.37840026718750003 0.445364703125 0.3860935796875 0.44861013125 0.39895798125000004 0.46395057343749996 0.416745765625 0.4714640078125 0.4352766625 0.4789113734375 0.4621495734375 0.48346594062500003 0.5007201890624999 0.49043505156249995 0.5270210421875 0.5059829734375 0.5714429187500001 0.5108380968749999 0.57612748125 0.535348209375 0.5740062546875 0.5759840859375001 0.5636648359375 0.6359055640625 0.5443915828125 0.6680119390625 0.5300231890625 0.6688167859374999 0.5259332703124999 0.6401550203124999 0.4467378203125 0.6356925546875 0.42904927031250006 0.6225852171875 0.401581715625 0.6183041921875 0.381303178125 0.612413471875 0.36920448125 0.6073210921875 0.34570984375 0.60124893125 0.33620113281249997
15 0.3566185671875 0.43208162968749997 0.356321753125 0.4289195875 0.3483002859375 0.41764064999999995 0.3269007015625 0.404956190625 0.30721967499999997 0.38253790468750004 0.2883239734375 0.334111640625 0.2842374078125 0.32585515468750004 0.2816646953125 0.3255848625 0.26595762500000003 0.3500251453125 0.2603599765625 0.3781365796875 0.268816903125 0.3831995515625 0.297027428125 0.409644815625 0.31916579375 0.4265813703125 0.3393781234375 0.4266176609375 0.3550749390625 0.4319194546875 0.3566185671875 0.43208162968749997
15 0.6004981109374999 0.23593479374999998 0.5897652843750001 0.23376357187500002 0.580757528125 0.22916454062499997 0.573039384375 0.2283536625 0.5692561421875 0.2305652390625 0.5698860578125 0.236371325 0.5754799640625 0.24530798125 0.5937262234375 0.266010103125 0.5978127875 0.27426658593750003 0.6242619578124999 0.3036576609375 0.632755171875 0.30820263593749997 0.6375377171875 0.3139231921875 0.6546330109375 0.32145915 0.7039928484375 0.327166759375 0.7131094703125 0.3302118015625 0.7457071171874999 0.3310275 0.7500049015625 0.3288699828125 0.7513605812499999 0.324316125 0.748230528125 0.317203753125 0.7433391125 0.3130371875 0.7411590609375 0.29976290781250003 0.7296381453125 0.2792455484375 0.7211747125 0.26687655625 0.7076384234375 0.2529309875 0.699659753125 0.248440071875 0.6874195859375 0.245588678125 0.6004981109374999 0.23593479374999998
15 0.466030228125 0.27607564687499997 0.4883370171875 0.2758101765625 0.5092751078125 0.265486525 0.540946025 0.25733409687500003 0.5500561390625001 0.2530731171875 0.5659706828125 0.2552669265625 0.5693845328125 0.25092930468749997 0.5681907671875 0.23097511874999999 0.5584805203125 0.22160599531249997 0.5459435375 0.21559255624999998 0.5336242859375 0.20647113749999998 0.511139275 0.1868891171875 0.44306163125 0.179736803125 0.4392684625 0.1845563828125 0.4401951921875 0.1935245109375 0.45967801406250003 0.2409688390625 0.458638678125 0.270602796875 0.466030228125 0.27607564687499997
15 0.5573313375 0.3341961453125 0.5591224765625 0.323426321875 0.5578263531250001 0.31233215 0.5497983796875 0.293747190625 0.5412623671875 0.28241419375 0.5261889609375 0.27561246875 0.4979253828125 0.272121253125 0.470769978125 0.2750081828125 0.4616961546875 0.2787511625 0.459093659375 0.28630488593750003 0.45861166249999996 0.3227809234375 0.4540663703125 0.33587044062500004 0.452657640625 0.36337834999999996 0.4543892203125 0.3682565578125 0.458766090625 0.37236906406250003 0.4654914359375 0.3725538296875 0.50395376875 0.35624414843749996 0.548518040625 0.341619165625 0.5573313375 0.3341961453125
15 0.5863672156249999 0.2970673453125 0.5766271890625 0.2955222375 0.5680976859375 0.2914952609375 0.5571834203125 0.29191402499999997 0.55421804375 0.3046477203125 0.558281340625 0.3280342390625 0.5839359125 0.3317731578125 0.5897773265625 0.3297778125 0.601908628125 0.33418320156250003 0.604748378125 0.34543955 0.6005361890625001 0.36117311406249997 0.6085148578124999 0.3656640296875 0.615985496875 0.37740690625 0.62546125625 0.41232006875 0.6325922796875 0.4141128796875 0.6383248296875 0.4136715296875 0.6447766296874999 0.39556421875000003 0.6535936734375001 0.35109310625 0.655335503125 0.32622924062499997 0.6338633406249999 0.3145807765625 0.6265806546875 0.30755393125 0.602209184375 0.30029715156250003 0.597832315625 0.29618464375000003 0.5863672156249999 0.2970673453125
15 0.67655348125 0.630064409375 0.7173577812499999 0.602520965625 0.7224967 0.59575553125 0.7301953203125 0.574648353125 0.7360106984375 0.543428934375 0.7358953234375 0.5376769046875001 0.7335403375 0.53429863125 0.7018564015625001 0.527839021875 0.6795496109375 0.5281044921875 0.611401959375 0.5538188296875 0.6057484953125 0.5605302062499999 0.608377025 0.58220055625 0.6212238375 0.6059880734374999 0.6336054171875001 0.6438155734375 0.6418083234374999 0.652504525 0.645410125 0.6528829328125 0.660028546875 0.6439825703125 0.67655348125 0.630064409375