27 0 0.5262038921875 0.0014721843749999999 0.540210790625 0.023599584375 0.5664771390625 0.2402069375 0.6268226 0.3269068953125 0.62045029375 0.343978903125 0.6039858375 0.3898334984375 0.59866006875 0.4028168765625 0.5894491234375 0.420856996875 0.5505335328125 0.41573967031250003 0.5135372593749999 0.3941531828125 0.41821636093750003 0.3722685359375 0.3833215828125 0.1740665734375 0.3363984875 0.10990815000000001 0.3235142375 0.0897156203125 0.32478107500000003 0.0506639296875 0.3572015703125 0 0.4415665984375 0 0.5262038921875
27 0.41386402499999997 0.6251404375 0.40711516875 0.6186834640625001 0.186581321875 0.6275047734375 0.1426694796875 0.6339914421875 0.1172170765625 0.6745382281250001 0.097843575 0.68356699375 0.153831259375 0.757021425 0.1684527015625 0.7633343375 0.3190539078125 0.7587838375 0.342312915625 0.7520768671875 0.392249615625 0.693434428125 0.41386402499999997 0.6251404375
27 0.619832271875 0.2827764359375 0.6039315000000001 0.2672144546875 0.5932430828124999 0.23779793124999998 0.5756567296874999 0.2321374953125 0.502102284375 0.2912121125 0.48779206249999996 0.3165994 0.4282972015625 0.3852874484375 0.4245673 0.3988157484375 0.45054711562499994 0.472520178125 0.54947199375 0.5158759093749999 0.5790195640625 0.5141387734375 0.5820860390625 0.5086986421875 0.5873999609375 0.490056446875 0.5831016703125 0.46082210156250003 0.63353965 0.3321782328125 0.619832271875 0.2827764359375
27 0.6806670453125 0.2900383703125 0.6657949624999999 0.31872617187499996 0.6396250859375 0.3467233765625 0.6442280671875 0.36159475625000004 0.6914160390624999 0.3861558078125 0.7129419515625 0.41477579374999995 0.7260809359375 0.421414946875 0.910378928125 0.4745747140625 0.9549066749999999 0.48542528437500004 0.9731564546874999 0.48299755 0.9982238671875001 0.4568973359375 0.974759240625 0.233646328125 0.9446459015625001 0.22718009375 0.924913665625 0.22993406875 0.9181648046875001 0.22347709999999998 0.8447529093749999 0.2062754921875 0.8171480921875001 0.20917352656250002 0.6806670453125 0.2900383703125
27 1 0.473796109375 0.9986223593749999 0.46068873281249995 0.98196004375 0.47442612031250003 0.9631973515625001 0.4860301515625 0.9219689703125 0.4792188046875 0.8650719390624999 0.460905634375 0.79777025 0.4420790640625 0.7434295796875 0.42600644687500006 0.717296528125 0.416807490625 0.700935071875 0.3970487734375 0.6835223546875 0.3859307609375 0.693962646875 0.42567999375000004 0.73374951875 0.44588979375 0.8173211265625 0.47515149531249995 0.867751625 0.484609628125 0.9222117843750001 0.4950497140625 0.9851812578124999 0.4998796875 1 0.49812211250000005 1 0.473796109375
27 0.8311157546875 0.20675377187500002 0.8490979484375 0.2046652328125 0.8908081156250001 0.21604242187499997 0.9193462421874999 0.22097460624999998 0.92788735 0.2275043515625 0.9432534406249999 0.2259915296875 0.9747420390625001 0.23348266562500003 0.9696738359375001 0.1852619265625 0.9401789359375 0.0899693328125 0.7420887328125 0.13356240156250002 0.766366578125 0.16307177343749998 0.784412359375 0.185262946875 0.804624246875 0.21445241718750002 0.8311157546875 0.20675377187500002
27 0.63860145 0.6350158968749999 0.6564082578125 0.6684721390624999 0.691620096875 0.6588544359374999 0.6545013859375 0.5810606984375 0.6245738046875 0.532518746875 0.59714668125 0.5161295875 0.5480102546875 0.51386165625 0.570746709375 0.5331518203125001 0.5954700390625 0.5678890859375 0.63860145 0.6350158968749999
10 0.8094432843750001 0.49122777500000003 0.7741182296875 0.4870883859375 0.7143326421875 0.4883319484375 0.663238665625 0.4971933828125 0.6654656171875 0.5197356046875 0.6724716515625 0.5372550234375 0.6785841109375 0.5621190406250001 0.6920040265625 0.5671079359375 0.7146503937500001 0.5660953109375 0.780775325 0.5674277531249999 0.8024740734375 0.553121975 0.8062785124999999 0.5244871421874999 0.8094432843750001 0.49122777500000003
10 1 0.5108899734375 0.997698059375 0.5085712265625 0.9708074484375 0.500987265625 0.9271495140624999 0.49550479843749995 0.8592849499999999 0.48343615 0.84062565625 0.48198291718749997 0.83426255625 0.49211961562499995 0.83572125625 0.50450608125 0.8395052015625 0.5116155296875 0.8371291703124999 0.519286371875 0.84117029375 0.5374582671875 0.8404053046875 0.550334090625 0.8614168718749999 0.556829184375 0.9340605171874999 0.5638750328125 0.9797627671875 0.56573074375 0.9939714265624999 0.5451311109375 1 0.5339428296875 1 0.5108899734375
10 0.1096393859375 0.591224584375 0.0734445171875 0.5817170953125 0.0402145609375 0.5715571234375 0.01976485625 0.5617615140625001 0.0030958328125 0.5360437765625 0.0008221859375 0.5340264734375 0.0050123453125 0.5738931765624999 0.0228616203125 0.5896718375 0.079306334375 0.6415818265625 0.120666046875 0.6626601812499999 0.13474611718750001 0.6365293265624999 0.13310805312500001 0.62100546875 0.1096393859375 0.591224584375
10 0.0964119015625 0.6814994078125001 0.104666975 0.6749174375 0.0949769609375 0.6564002375 0.07897462656250001 0.6456259109375 0.0570424640625 0.6361565421875001 0.042241653125 0.62670623125 0.025701215625000003 0.60651971875 0.007966003125 0.6019953484375 0.0214452109375 0.7302414453125 0.0340266640625 0.7357334015625 0.0607886890625 0.7377861421875 0.078679734375 0.729083615625 0.10283231562499999 0.71503204375 0.10444009218750001 0.697205446875 0.0964119015625 0.6814994078125001