15 0.5283302234375 0.4042317515625 0.51651380625 0.3981187296875 0.4978166046875 0.3929414890625 0.48034591562499995 0.3914727234375 0.4701549984375 0.392899365625 0.45466221874999996 0.39849514375 0.4365956 0.4095469734375 0.42649783281250003 0.4195862453125 0.4189443375 0.4319545609375 0.41540578593750005 0.44288176718749994 0.41402762656250003 0.4506977015625 0.413937021875 0.46035245781249995 0.41448955937500004 0.4663597734375 0.41769398124999996 0.4771327921875 0.432701625 0.5093284984374999 0.43783738124999994 0.52285974375 0.4435565078125 0.543746903125 0.4506229609375 0.55546953125 0.45954333125 0.5642954812500001 0.46758959375 0.56893783125 0.4864554515625 0.574682075 0.503405078125 0.5760589625 0.511634459375 0.575092340625 0.5234955421875 0.5718111421875001 0.5358770500000001 0.564054975 0.5407037890625 0.5595334328125 0.54766008125 0.5505520203125001 0.551796471875 0.54080475625 0.5542469578125 0.5299543250000001 0.55464403125 0.5200849765625 0.5528643453125001 0.5058023406250001 0.549943659375 0.44162170625 0.5487014078125 0.4349555109375 0.5452213515625 0.4257456796875 0.5359171 0.41147941406250005 0.5283302234375 0.4042317515625
15 0.863195725 0.39880604375 0.8578466499999999 0.39410201875 0.8529116578125 0.39162005781250003 0.8481761593750001 0.39105369218749997 0.8401154312499999 0.39258731406249997 0.8294487531250001 0.389094703125 0.8182767515625 0.388467934375 0.679098440625 0.411474796875 0.6312091890625 0.42102893437500005 0.582522609375 0.42748753281249996 0.5772358468750001 0.43004754375000004 0.5696968171875 0.4362398859375 0.5649776890625 0.4431980859375 0.559968465625 0.45789544531250004 0.5584065515625001 0.46675350312499997 0.5579484359375 0.4784925078125 0.5598967796875 0.493342146875 0.5620892796875 0.5007131593749999 0.568650403125 0.5153016328125 0.5770346109375 0.525644828125 0.5829966265625 0.5299196687500001 0.5913336218749999 0.5313897062499999 0.6395148765625 0.52779695 0.6772295828125 0.527194025 0.7033431 0.5253513875 0.743081015625 0.5269856265625 0.7772861 0.524957965625 0.8193071203125 0.5243084640625 0.8373750125000001 0.5223903234375 0.8443627781249999 0.519324353125 0.8502316437499999 0.5149865640625 0.8594572109374999 0.5144642312500001 0.8634262187499999 0.5132836546874999 0.8709193109375001 0.5073518421875 0.877109109375 0.4966234890625 0.8811372484375 0.4798727171875 0.882436725 0.457268184375 0.880503484375 0.44080941874999996 0.8779579406250001 0.429346684375 0.872530815625 0.4144209046875 0.868989721875 0.40708073125000005 0.863195725 0.39880604375
15 0.37857758124999996 0.31657836562499997 0.370178909375 0.312411140625 0.36328238281249997 0.3103892015625 0.35094554218749996 0.30875114843749996 0.33152905781249997 0.3107001265625 0.3143812125 0.3165413328125 0.3069032203125 0.3208640203125 0.2996706609375 0.32684177187499996 0.291932775 0.33568536718750003 0.28502305625 0.34897309062500004 0.283415203125 0.3580916828125 0.28225354375 0.37991462343750004 0.2853509875 0.392817828125 0.2966954609375 0.42141267187500003 0.2990559765625 0.42478383906249995 0.301064721875 0.43319697812499997 0.30385442500000004 0.437181084375 0.31502960625 0.46064208281249996 0.319812953125 0.4746484515625 0.3269712796875 0.48585001875 0.335186834375 0.4956262171875 0.3387738671875 0.502705859375 0.33889721875 0.5081002375 0.3348067671875 0.5175869734375 0.335680875 0.5217705718750001 0.338547353125 0.52684274375 0.34565910624999996 0.5337379953125 0.35867119999999997 0.5422109015625 0.3723874734375 0.5451667125 0.38751338125 0.5462220296875 0.39679998906249997 0.5438300390624999 0.40749623125 0.539537553125 0.41878967500000003 0.5318581625000001 0.423309946875 0.5275512109375 0.42763072500000004 0.521328665625 0.43078666718749997 0.514094834375 0.43167460156250004 0.5075356171875 0.43038640937499995 0.5011299515625 0.41870526718749995 0.4759679515625 0.41428943125 0.4598773328125 0.41402762656250003 0.4506977015625 0.4199556234375 0.4307897203125 0.420537090625 0.424445096875 0.4186346859375 0.409334925 0.4138349671875 0.3878039890625 0.41049018593750003 0.35954518125 0.408466340625 0.352741171875 0.40598310781249997 0.34854246875 0.40222805624999997 0.3454626703125 0.396556140625 0.333448671875 0.3881259921875 0.32336600625 0.37857758124999996 0.31657836562499997
0 0.31036897343750003 0.44746324375 0.29988350937499997 0.4246611234375 0.29807489375 0.42273042812500006 0.2966344203125 0.423282328125 0.2859243484375 0.43831763125 0.25564869218749997 0.485093703125 0.251833875 0.49301725156250004 0.2440657859375 0.5050790984375 0.24055871093749998 0.52192174375 0.2333418875 0.5308572171875 0.2303690671875 0.5324820796874999 0.229067046875 0.53681923125 0.232087078125 0.544067528125 0.23990428437500003 0.5545793796875 0.251767275 0.5649987171874999 0.25475646875 0.5708984203125 0.268076303125 0.5882904250000001 0.270972984375 0.5901443453125 0.273118909375 0.59320904375 0.276582590625 0.5948943078125 0.28617885 0.615121953125 0.2889377140625 0.6177574671875 0.294164709375 0.6262008046875 0.29874729218749996 0.6291578890625 0.300325578125 0.6278243953125 0.30263825 0.6177555578125 0.31690006406250004 0.5764833859375 0.327303028125 0.5570958312500001 0.3330019671875 0.5430573515625 0.33706094375 0.5276551734375 0.33491438281249997 0.5200236312500001 0.3357412796875 0.5153340703125 0.3401381984375 0.5056327421875 0.33642845 0.49772556718749994 0.31919937656249997 0.470510790625 0.31036897343750003 0.44746324375
0 0.56981524375 0.51631291875 0.5630237890625 0.49846025625 0.5632830484375 0.48937250312499997 0.55520658125 0.48794840468749995 0.5541657296875 0.49689834218750006 0.5549636953125 0.5045607234375 0.5542161203125 0.5286057296875 0.551719696875 0.5397166921875 0.543660875 0.55495085 0.5361835187499999 0.5638403828125 0.52833801875 0.57024731875 0.520262190625 0.5733900671875001 0.5110674578125 0.5752609953125 0.49739775937499997 0.5766114984375 0.48506091875 0.5749734421875 0.46863171875000004 0.5691215859375001 0.4592519609375 0.5629009484374999 0.45361151875 0.5568023890625 0.44683643437500004 0.5464742921875 0.444107771875 0.540620528125 0.44139357500000004 0.5285907921875 0.43313081093749994 0.5099414375 0.4315216859375 0.5099263359374999 0.4249486375 0.5197812171875 0.42268127031249997 0.5250226765625 0.4156022640625 0.5331765546875 0.40187216093749994 0.540963559375 0.38800360624999997 0.5449653125 0.37851750625 0.545441709375 0.35833389375 0.5410768984375001 0.35041034375 0.53726208125 0.3424710578125 0.5304895421875 0.337229596875 0.5282221765624999 0.33373635 0.53432200625 0.3296156984375 0.5470269937500001 0.3167465078125 0.574307259375 0.3123200234375 0.5917936859374999 0.30539520468750003 0.606690534375 0.3023934546875 0.6206673406250001 0.30066225 0.6243915515625 0.29833320625000004 0.6269358234375 0.29480848593750003 0.6271202140625001 0.2912988671875 0.6256954796875001 0.288815634375 0.6214967796875001 0.287252446875 0.6212211484375 0.2847088125 0.6234589500000001 0.27841203124999997 0.636317490625 0.26695120625 0.65256356875 0.25090970625 0.6795531046875001 0.2494698703125 0.68467185 0.249868853125 0.688503040625 0.25448227343749996 0.6928087203125 0.27998412500000003 0.7005289593749999 0.3316014015625 0.7201071031249999 0.376198803125 0.7322689296875 0.40208326562499996 0.736295796875 0.4214852859375 0.740522790625 0.4529472421875 0.7388173359375 0.46975841718750005 0.7364089703125 0.48353509375000003 0.7329282796875 0.49933498125 0.73168475625 0.512683109375 0.732157971875 0.5385984078125 0.7375334312499999 0.545218665625 0.7365517109375 0.548098971875 0.730881065625 0.5521836999999999 0.6802927203125 0.5520288718749999 0.6689828999999999 0.5534214984375 0.654990996875 0.5529129921875 0.6350226109375 0.559771046875 0.5808938078125 0.5611624 0.5577682109375 0.563933821875 0.5405272140624999 0.5662930671875 0.5347646921875 0.56981524375 0.51631291875
2 0.761320740625 0.548468715625 0.7421169390625 0.537023628125 0.7287216 0.5276772515625 0.70961095 0.524844790625 0.6653068249999999 0.5277780328125 0.6398213453125 0.5275823578125001 0.6204967375 0.5290102734375 0.6014634984375 0.5318327203125001 0.5685151312500001 0.5343506078125 0.56374943125 0.53700249375 0.5610837171874999 0.542979609375 0.5571670078125 0.5895681109375001 0.55851878125 0.6123715 0.554662478125 0.6525234984375 0.5568392421875 0.65693679375 0.5649924828125 0.6594489546875 0.5809314578125 0.666557528125 0.5842573234375 0.6690243875 0.58995944375 0.6778201359375 0.5955690484375 0.6825700984374999 0.596336178125 0.6888838875000001 0.5931034609375 0.69502965625 0.581872328125 0.7099730828124999 0.5743956109374999 0.7234294593749999 0.552468871875 0.7472322171875 0.5460589171875 0.8277659078124999 0.5457694562500001 0.8400719109375 0.5469040953125 0.84430145 0.5495251437500001 0.8477185546875001 0.5704305828125 0.8632245296875001 0.6028164031250001 0.892843215625 0.6161658046875 0.9024501234375 0.6346490484375 0.9118877390625 0.6474308140625 0.9170964546875 0.6842884203125 0.9244013390625 0.6923799890625 0.9242163124999999 0.6972986062500001 0.9191737078125 0.703734471875 0.9146672656250001 0.7395769765625 0.8957359171875 0.7409406703125 0.894095953125 0.742181015625 0.8870616109375 0.736424053125 0.8145905578124999 0.7334008421875 0.78450803125 0.7293367765625 0.76337544375 0.7288597453125 0.749322496875 0.732964025 0.7290929453125 0.741235528125 0.7004647187499999 0.7475454984375001 0.6722965171874999 0.7623069140625 0.5870568921875 0.7663790828125 0.5563450546875 0.7655817515625001 0.5532495187500001 0.761320740625 0.548468715625
0 0.5840269953125 0.6657601984375 0.5731759265624999 0.6587428656250001 0.558126159375 0.654208765625 0.5562565015625001 0.654147725 0.5550922984375 0.6577032843749999 0.5540369828125 0.6728291921875 0.5463520328125 0.7316475578125 0.5429657625 0.7356172015625 0.5393491640625 0.7363226546874999 0.5351806640625 0.7355876359375 0.5154413359375 0.7302266390625001 0.49565670624999997 0.7296930203125 0.480240065625 0.731810015625 0.4514759328125 0.7380206421875 0.43153838593750005 0.739877740625 0.43057303750000003 0.74078205 0.43259624687500003 0.7430192156250001 0.4451942578125 0.7492700546875 0.4709874765625 0.7583848296875 0.5039849625 0.7784406390624999 0.51105014375 0.781029578125 0.5140538015625 0.780753309375 0.5200447453125 0.7726762078125 0.5243812609375 0.7694113812500001 0.5322569625 0.75978619375 0.5413434453125 0.7509117625 0.5600689390625 0.739170215625 0.5721892828125 0.7268012625 0.584967865625 0.70917575 0.5903609703125 0.699918709375 0.597838325 0.6910291765625 0.5998143234375 0.68439318125 0.590848015625 0.6758277625 0.5840269953125 0.6657601984375
2 0.5524097390625 0.762802409375 0.5522240765624999 0.750143996875 0.5505073375 0.7476922390625 0.54362655 0.7486280203125 0.538600315625 0.7512339671875 0.535259984375 0.75494308125 0.5311072234374999 0.7571657828125 0.5153558203124999 0.7764161578125 0.5120765296875 0.7782556125 0.50850586875 0.778700534375 0.49599973906250006 0.7719286328125 0.4878918 0.76458909375 0.47943208750000005 0.7622915234375001 0.4538836609375 0.75026496875 0.4419143296875 0.7465426640625 0.4391863046875 0.7452557453125 0.4355690671875 0.741394353125 0.4128109796875 0.7379187515625001 0.40084164843750003 0.734196446875 0.3694400953125 0.7294654 0.327754475 0.717548365625 0.2869725265625 0.7020298359375 0.2726892515625 0.6992426765624999 0.2595267859375 0.711427875 0.2084564859375 0.7679688578125 0.1824059140625 0.781642375 0.17990821562499998 0.78361964375 0.1781770125 0.7873438562499999 0.19982065 0.8215155609375 0.2117144765625 0.8332834921875 0.21674198125 0.8398112359375001 0.22581527031249998 0.846246465625 0.2658622 0.8659334968750001 0.2673807203125 0.8756033499999999 0.2722395703125 0.8815640921875 0.2769908046875 0.885088178125 0.2989370984375 0.8916442140624999 0.3780164890625 0.9093488859375001 0.40993974218749996 0.9187386546875 0.43737292656250004 0.9292171234375 0.49173396562500005 0.9530399062500001 0.5205761484375 0.9570510343749999 0.55838273125 0.95592704375 0.5623517375 0.9547464671875 0.5642056578125 0.9518497874999999 0.56596515625 0.9312067875000001 0.5643402953125001 0.928233965625 0.5623938609375 0.9270848640624999 0.5550530484375 0.9260591109374999 0.5317587984375 0.9241007578125 0.5270384 0.9219252671874999 0.5258427218749999 0.9195653859374999 0.5285235390625 0.9119791453125 0.54474879375 0.8839474875000001 0.5454838125 0.8797789890625 0.549459015625 0.8130534484374999 0.549593015625 0.78487078125 0.5524097390625 0.762802409375
0 0.58512505 0.18725269687499999 0.5688336656249999 0.1806192484375 0.5585961734375 0.1777395765625 0.5340143687500001 0.1739424046875 0.5138924296875 0.1722747828125 0.50229188125 0.1756019203125 0.4894811875 0.1827451484375 0.4700357734375 0.1970460671875 0.4587580640625 0.2076831796875 0.44246922499999997 0.2193171109375 0.4274528375 0.23439898750000002 0.42254932187499994 0.2378324671875 0.3988139671875 0.259704528125 0.3777298609375 0.28177544375 0.3632647390625 0.293730946875 0.3567986703125 0.301455640625 0.35453130312500003 0.3066971 0.3575815359375 0.310727146875 0.370761646875 0.31520020625 0.3846012703125 0.323550396875 0.39257139531249996 0.3316715296875 0.3992237625 0.34117209375 0.4014313625 0.3469339796875 0.4073631765625 0.3544270734375 0.4107060515625 0.3689853421875 0.4114901875 0.3873905421875 0.41562975625 0.40047750156250006 0.418986459375 0.40429295625000006 0.43034285156249996 0.4084444453125 0.438603071875 0.4088264203125 0.45674646875 0.398862653125 0.470783675 0.3954279 0.4887905265625 0.39537941718749997 0.5111502671875 0.399590675 0.525096871875 0.40581067656250003 0.5333885656249999 0.412108090625 0.539320378125 0.41960118125 0.5427846953125 0.4258532953125 0.548579965625 0.44326166875000006 0.549652928125 0.44479401875 0.5551700203125 0.4454982 0.562632909375 0.4427846390625 0.5780942171875 0.431273421875 0.5861700453124999 0.42813067499999996 0.5950583078125 0.4264743375 0.6061535328125001 0.4260130421875 0.6451853578125 0.41946383750000005 0.672907365625 0.41306945781250004 0.68387860625 0.40264694062500006 0.6879847921875 0.39611792343749996 0.699905640625 0.38183337812499996 0.7061722171875 0.3721930890625 0.711305428125 0.3674569546875 0.7185373515625 0.3569123578125 0.7352245390625 0.34454276875 0.74697800625 0.3388249125 0.7510080515625 0.33577467968749997 0.7571223484375 0.3330919546875 0.7629610109375 0.3319724171875 0.77633870625 0.3246605375 0.7805984453125 0.3203076484375 0.7815939953125 0.31618508749999996 0.776030328125 0.3111745921875 0.76314095 0.30352921875 0.754940496875 0.2921438984375 0.747169865625 0.2859383609375 0.6950749187499999 0.24774042812500002 0.681312071875 0.2404783015625 0.6623694375 0.2336459953125 0.648943896875 0.22751787031249998 0.6280541937499999 0.21496961718750002 0.6070109375 0.20024523749999998 0.58512505 0.18725269687499999
0 0.065469384375 0.6221408859374999 0.055786337500000005 0.6389690671875 0.050319635937499996 0.669972275 0.055407543749999996 0.6700635171875 0.06863359218750001 0.674276046875 0.10857163593750001 0.6823927265624999 0.124694365625 0.6884591734375001 0.13876304687500002 0.6909398625 0.1467627359375 0.6912758984375 0.1796972765625 0.6995008281249999 0.25669178125 0.71227114375 0.263648709375 0.707856578125 0.26918026875 0.7023847890625 0.269547778125 0.7003005375 0.26674297343750003 0.69792555625 0.25270449375 0.6922266171875 0.2509877546875 0.689774859375 0.25121681093750003 0.6839053578125001 0.2561807328125 0.674035375 0.2646385359375 0.662632409375 0.27525609218749997 0.643551321875 0.2797757265625 0.634677528125 0.2816598484375 0.6285625953125 0.28588875156250004 0.6228611109375 0.286945340625 0.6168688953125 0.28329726875 0.611658909375 0.2802004609375 0.6033225468750001 0.27518805625 0.595185678125 0.2681530796875 0.5893784890625 0.2566418625 0.5739171796875 0.24974406562499998 0.5627615515625 0.2303086640625 0.53891858125 0.2328057234375 0.532374465625 0.24143218125 0.5215384984375 0.246333790625 0.5044044828125 0.26343251875 0.4759895765625 0.272609603125 0.45746039375 0.29067431250000003 0.432708025 0.29651170625 0.42245479531249996 0.295008921875 0.4157426625 0.28809538749999997 0.4016293125 0.2771065046875 0.3953935734375 0.2603695625 0.38062261875000003 0.23902047343750002 0.370679678125 0.2129962875 0.3537338671875 0.21003856718749997 0.3537496046875 0.20695876875 0.3575046546875 0.20270030156250002 0.3709912359375 0.1953620328125 0.3882328671875 0.18367405781249999 0.424048984375 0.17437489374999998 0.446317484375 0.171480121875 0.45816410156250004 0.1625767609375 0.4614295640625 0.1296900671875 0.46664463906250003 0.12544542812499998 0.46938840156249995 0.118309834375 0.51137985625 0.113055815625 0.5289889953125 0.1073719765625 0.54141835 0.0944864171875 0.5611740515625 0.065469384375 0.6221408859374999
2 0.168453825 0 0.1522474 0.0919112015625 0.179786753125 0.10472403749999999 0.20245815937499997 0.12843820156250002 0.20969245 0.133209953125 0.21406292031250002 0.14450683125 0.2213382953125 0.14469356093750002 0.2262130671875 0.1541288125 0.2310635546875 0.160309090625 0.24561054843750002 0.164873228125 0.253522303125 0.17997686562499998 0.23332504531249998 0.19195193906250002 0.19456684375 0.2061395109375 0.21496790156249998 0.2700671984375 0.23747060156250002 0.332803559375 0.2567409515625 0.3299744765625 0.2858013203125 0.329091165625 0.2893073234375 0.33411304999999997 0.3021157296875 0.3238358640625 0.31832949374999997 0.314186015625 0.3367061765625 0.3106451328125 0.35406728906249996 0.30806640937499996 0.37647487812499997 0.28184616406249996 0.42647527968750004 0.2323666953125 0.4641675171875 0.20167294375 0.4972002578125 0.1776808296875 0.519590934375 0.171173053125 0.5463730359375 0.1754927375 0.576198503125 0.181916384375 0.603660153125 0.1973780640625 0.6285851203124999 0.2156139546875 0.6536881250000001 0.22912231093750002 0.67741616875 0.23810108125 0.699256734375 0.2508644 0.7267316703125 0.27140863125000003 0.758928590625 0.2933879765625 0.7816307640625 0.3144875796875 0.7759915171875 0.32746861875 0.7484859625 0.33660778750000003 0.7289687390624999 0.3474189734375 0.7066586203125 0.3811190765625 0.7491883359375 0.39663855625 0.8266710359375 0.3113444875 0.9476509484375001 0.18796990625 0.9676164203125 0.0747400859375 0.54374433125 0 0.168453825 0