24 0.2399834375 0.4104449921875 0.17344140937500002 0.48015026875 0.141540828125 0.55459715 0.15881170312499998 0.5792446609375 0.17358462187499998 0.5791556546875001 0.2058423140625 0.56246026875 0.2778796640625 0.5092229234375 0.306340575 0.4776994734375 0.31697410000000004 0.452883846875 0.3188294375 0.4116200640625 0.3131628125 0.3902028484375 0.2999171296875 0.3869824421875 0.2399834375 0.4104449921875
24 0.5212834171875 0.5688103203125 0.582515934375 0.5354393265625 0.607194565625 0.536940746875 0.64046558125 0.5020881078125 0.644304959375 0.47071299531250005 0.6560805140625 0.4788925703125 0.6765626546875 0.45401760781249995 0.7170846281250001 0.4389225328125 0.71865445625 0.38940995 0.68344199375 0.36817074375000003 0.6285323093749999 0.347050209375 0.5333861578125 0.34927355000000004 0.5028695984375 0.3214056359375 0.4946624203125 0.32145508125 0.444977053125 0.3564066125 0.420099025 0.4440120203125 0.4076527578125 0.4638882546875 0.40545481250000004 0.4952534796875 0.419000509375 0.5545756171875 0.5212834171875 0.5688103203125
24 0.30190300468750003 0.7763950640624999 0.327266853125 0.7976936078125 0.3257967234375 0.8026527765625 0.17535568125 0.82006019375 0.177796534375 0.843146946875 0.32835178125 0.8290390500000001 0.20729977656249998 0.8891721140625 0.202946484375 0.9056993828125 0.21523595 0.9287268 0.20561574375 0.9353851750000001 0.26523128125 0.9350260031250001 0.3852455078125 0.86004825625 0.41139427343749996 0.8565905078125 0.4148484484375 0.8615200078124999 0.43454567343750006 0.8614013359375001 0.4690584109375 0.8149904890625 0.5198287078125 0.8113843984375 0.5520293 0.7930392515625 0.54046764375 0.7436057828125 0.5216124375 0.7206179234375 0.48979704999999996 0.702658459375 0.4485327609375 0.69630665 0.4339882453125 0.7029946953125 0.4278222140625 0.7145825734375 0.42421123906249997 0.752556725 0.38601591874999996 0.7874390328125 0.3566984875 0.7942160796875 0.3299787125 0.7811762265625 0.2821912765625 0.7286608015625 0.2870013796875 0.7253316140625 0.28354720312500004 0.7204021125 0.2742696078125 0.7369590484375 0.30190300468750003 0.7763950640624999
24 0.7598480578125 0.5360210390625 0.805822753125 0.5835970734375 0.777304740625 0.613470765625 0.774036375 0.6613434765624999 0.7931915953125 0.7404330703124999 0.81964036875 0.79307705625 0.8263203140625001 0.7963370171874999 0.8327718531249999 0.7929979421875 0.8331570578124999 0.7566933296875 0.8489432953125 0.7384470734375 0.8591055078125001 0.65258043125 0.8684402078125 0.637673253125 0.867996984375 0.4825661296875 0.8625442624999999 0.4198950265625 0.8338975390625001 0.3986162625 0.8108032453125 0.3954551890625 0.8044088078125 0.4004440296875 0.800398121875 0.4268698578125 0.8034815953125 0.5159569046875 0.7723514265625 0.5177945625 0.7598480578125 0.5360210390625
24 0.192325628125 0.59884399375 0.155928540625 0.590812759375 0.12752473125 0.6239859703125 0.1144077515625 0.67191801875 0.0986215140625 0.6901642703124999 0.099078328125 0.703362353125 0.11856164843749999 0.7444975765625 0.140357121875 0.7575670953125 0.1717156953125 0.7623284781249999 0.19276885 0.75395111875 0.211780859375 0.734035321875 0.21997353125000002 0.6861329421875 0.2039443828125 0.6499272234375 0.192325628125 0.59884399375
24 0.2413547890625 0.6398012093750001 0.22137205624999998 0.6316710796875 0.2054716125 0.6466178124999999 0.2181036921875 0.679543790625 0.210253625 0.7373447328125 0.2492628703125 0.773412003125 0.2565709296875 0.794819328125 0.2684035859375 0.8046486625 0.3076838328125 0.8011117984375 0.31056699375 0.7895437000000001 0.29159758281250003 0.76325631875 0.2850744390625 0.717092703125 0.2743122015625 0.690755875 0.2413547890625 0.6398012093750001
24 0.16193685468750002 0.432366559375 0.17054374375 0.44386543281249996 0.2050709875 0.4453075203125 0.2589383453125 0.38887943593749996 0.2829888625 0.37223349687499996 0.28711374843750004 0.3491071859375 0.3046556265625 0.33415056249999997 0.300287828125 0.3028248984375 0.314032921875 0.27304021093749997 0.3189001265625 0.2713607828125 0.33758403124999997 0.28939936093749996 0.35699575 0.281031890625 0.35818037343750003 0.26782391875 0.3397819765625 0.258034140625 0.3220116921875 0.2663917234375 0.29240875625 0.264919971875 0.2521151875 0.2866140875 0.18200478281250002 0.348090340625 0.1594389 0.40763004531249997 0.16193685468750002 0.432366559375
24 0.3004446265625 0.25992124375 0.2832879546875 0.23857325624999998 0.2618350921875 0.23540229687499997 0.21010857968750002 0.2588153953125 0.184530828125 0.27877074999999996 0.15998090468749998 0.3284217796875 0.17391180781249999 0.35143930624999997 0.1933806265625 0.3447215953125 0.2410819515625 0.299881390625 0.3004446265625 0.25992124375
24 0.3266224 0.3521693609375 0.3649464265625 0.3684395109375 0.4011151078125 0.3698717046875 0.41882828906249997 0.3598643625 0.43371540937499997 0.36307487968749996 0.45895055156250003 0.3332209671875 0.46296123749999996 0.30679513593749996 0.4521419 0.2788085515625 0.4290476015625 0.275647478125 0.3464764234375 0.3091470375 0.3258800796875 0.33072248125 0.3266224 0.3521693609375
24 0.5782324140624999 0.2219453390625 0.563231090625 0.2154353015625 0.533970759375 0.223862109375 0.5327861328125 0.23707008125 0.52181 0.251987146875 0.526292 0.28661233125 0.5540396015625 0.3293478671875 0.5579505874999999 0.3474754515625 0.6318722828125 0.348680190625 0.661874928125 0.361700265625 0.678289284375 0.3616013734375 0.6351406468749999 0.30080747812499997 0.5744501343749999 0.25497020937500003 0.5782324140624999 0.2219453390625
24 0.3722418171875 0.7215178515625 0.3760240953125 0.6884929765625001 0.3500321328125 0.6490470734375 0.3556842515625 0.62261135625 0.33711455 0.6078722953125 0.32408276406250003 0.5633979953125 0.31310662968749997 0.578315065625 0.23782900625 0.5853690140625 0.23024994531249998 0.6035658203125001 0.24933355937499999 0.6331527218749999 0.2626363484375 0.6380228859375 0.26303605625 0.6495712078125 0.29485144375 0.6675306734374999 0.3310917296875 0.7184655625 0.357640203125 0.7265561328125 0.3722418171875 0.7215178515625
24 0.42722127499999996 0.41261712968750003 0.43988144218749997 0.351487 0.4380116015625 0.3448978484375 0.42980442500000005 0.3449472953125 0.40105800625 0.36822194375 0.3251522703125 0.35712853125 0.304327521875 0.372104934375 0.315203959375 0.4017412828125 0.31353443125 0.49580727812500003 0.3357296109375 0.52042511875 0.3403684109375 0.5121466515625 0.3647615359375 0.5053992703125 0.3984322609375 0.482094953125 0.401029915625 0.46227805312500003 0.42722127499999996 0.41261712968750003
24 0.2585821484375 0.5208899171875 0.1767532890625 0.5758363578125001 0.1722286921875 0.5874143453125 0.18881435 0.59226473125 0.209867503125 0.5838873703125 0.22962183125000002 0.585418459375 0.2860587484375 0.603229584375 0.31713181874999996 0.5997421671875001 0.3287931671875 0.6046222218749999 0.3403258140625 0.5583498234375 0.343365775 0.5038780703125 0.3095092421875 0.474380175 0.2585821484375 0.5208899171875
24 0.48645707812500005 0.701028478125 0.509380071875 0.6992402671875 0.5219976453124999 0.6843133109374999 0.5069673078125 0.5820974078125001 0.4898106390625 0.5607494156249999 0.44045337343749996 0.5577465765625 0.3801199734375 0.5696608000000001 0.3806909875 0.5861584046874999 0.3958065140625 0.5959679609374999 0.3963204265625 0.6108158015625 0.382289825 0.6323516890625 0.3661038765625 0.639049621875 0.3654902671875 0.66875519375 0.3806628953125 0.680214509375 0.46647434375 0.6928983468750001 0.48645707812500005 0.701028478125
24 0.718555675 0.6237253390624999 0.7377960906250001 0.6104085859375 0.752683209375 0.613619103125 0.7668280125 0.5953827375 0.7657430890625 0.56403729375 0.76076168125 0.562417203125 0.7530684140624999 0.577314490625 0.7150869953125001 0.570942903125 0.6741653125 0.5744896578125 0.6590497875 0.5646800984375 0.58224493125 0.5750434578125 0.5661731859375 0.5850409109375 0.5568955890625 0.6015978484375 0.5544692390625 0.6263640296874999 0.651428128125 0.6290800812499999 0.718555675 0.6237253390624999
24 0.6417798296874999 0.7297945640625 0.6561530375 0.7181572390625 0.6728383953125 0.6784542140625 0.7058239015625001 0.6353527734375 0.7037256546874999 0.622164584375 0.6379540390625 0.619260634375 0.5923935546875 0.6310858578125 0.565131775 0.697254271875 0.5679152375000001 0.7302395828125 0.62881965 0.7348229578125001 0.6417798296874999 0.7297945640625
24 0.7316590671875 0.71770233125 0.749814553125 0.6730401374999999 0.7660005015625 0.6663422015625 0.76354514375 0.595402515625 0.7517695875 0.5872229390625 0.7353552343749999 0.5873218328124999 0.7209249234375 0.5973093984375 0.693606040625 0.661828053125 0.6935634453125 0.7080312265625001 0.7036975640625001 0.7162206890625 0.7316590671875 0.71770233125
24 0.7346981109375 0.47346860468749996 0.72122401875 0.4636491578125 0.69910044375 0.4885340109375 0.6598201968749999 0.4920708734375 0.635655478125 0.5054172953125 0.6023844640625 0.5402699359375001 0.5872263390625 0.5766635499999999 0.5956048218750001 0.581563384375 0.6398093734375 0.5779968531249999 0.6632462796875 0.5910564843749999 0.6640882953125 0.5679499515625 0.6551388015625 0.5465525171875 0.725877321875 0.5032236250000001 0.7346981109375 0.47346860468749996