7 0.4608847671875 0.567017684375 0.469843828125 0.5726623890625 0.47875714062499997 0.58916761875 0.4828165828125 0.5901696734375 0.503159540625 0.5843194140625 0.506704615625 0.572033875 0.525133609375 0.5551254484375 0.5404369250000001 0.544025771875 0.5610599421875 0.5393890453125 0.5806570093750001 0.5413654796875 0.5966625624999999 0.5581908921875 0.6844257921875 0.52377911875 0.6912837171875 0.5120252437499999 0.6900692046875 0.4957038234375 0.687825959375 0.48344319062499996 0.65946048125 0.49301192031249996 0.6519474578125 0.4825743546875 0.6349644953125 0.4946899203125 0.6110750687500001 0.4962315453125 0.5796268718750001 0.49819613125 0.5477585859375 0.49834041406249996 0.52097569375 0.49287359531249997 0.514303540625 0.4943737125 0.48159927343750003 0.540659909375 0.47618807968750004 0.555918009375 0.46578228906249997 0.5467690796875 0.45598305625 0.537483778125 0.46265730468750005 0.5608749171875 0.45929800624999995 0.5629066968750001 0.4608847671875 0.567017684375
17 0.45156742968749997 0.739525115625 0.33183687812499996 0.7383614734374999 0.3297869453125 0.742651859375 0.3287609984375 0.7492650203125 0.3324474953125 0.754180421875 0.4475093859375 0.7551172312500001 0.4505886265625 0.7518719203125 0.45156742968749997 0.739525115625
17 0.445815765625 0.59019141875 0.47231510937500004 0.5529592796875 0.4811327453125 0.54140305 0.5371282484375001 0.4554147546875 0.5350166515625 0.45142176406249995 0.5303506484375 0.45055608593749996 0.5134155265625 0.4767023828125 0.5142557 0.48034298125 0.5121102203125 0.4903990953125 0.4950336703125 0.49934445624999996 0.4385828015625 0.5809673859375 0.43793049687499996 0.5919642859375001 0.445815765625 0.59019141875
17 0.8167444171874999 0.43914012968750005 0.8185633984375 0.4304339234375 0.8167430187500001 0.4225459640625 0.633874096875 0.43493963437499994 0.6309937484375 0.438778478125 0.629081184375 0.444314478125 0.8167444171874999 0.43914012968750005
17 0.4975681609375 0.676207953125 0.5059206625 0.6819890296875 0.6960129296875001 0.709457525 0.6967588171875 0.7016308328124999 0.6945532203125 0.6951059796875 0.43280355000000004 0.6582184265625 0.42692512968749996 0.66592258125 0.4322448328125 0.67238553125 0.47022585 0.67661115 0.48408313124999997 0.670304334375 0.4975681609375 0.676207953125
10 0.6115534703125001 0.6365388515625 0.6148649296875 0.6204763437499999 0.5996510109375001 0.5849637140625 0.5989037234375 0.5761962359374999 0.599602471875 0.5626358984375 0.5929760625 0.553275490625 0.5831768312500001 0.5439901890625001 0.5679657078125 0.5416659 0.556207465625 0.540480040625 0.542256603125 0.5436166484375 0.529706028125 0.552820921875 0.5151493031250001 0.5643909890625001 0.507777703125 0.5711543625 0.504978521875 0.57561320625 0.4998433078125 0.5869797578125 0.501061203125 0.6001091734374999 0.51739325625 0.6155846765625 0.532418609375 0.628162721875 0.5729686890625 0.6656379484375 0.5850069859375 0.6680373421875 0.5943375953125 0.6531745296875 0.60763475625 0.6444406500000001 0.6115534703125001 0.6365388515625
10 0.43144132500000004 0.5500223046875 0.449545215625 0.551057953125 0.457803434375 0.54537174375 0.45598305625 0.537483778125 0.46498855937499994 0.54056504375 0.49606031875 0.5010283796875 0.5082843921875 0.4931740140625 0.511549403125 0.4796749453125 0.5105685046875 0.46713049531250006 0.5052016593750001 0.4549338984375 0.4969884890625 0.441462503125 0.4877493734375 0.43460426874999997 0.4773907234375 0.43118898437500003 0.47664413437500003 0.43071859218749997 0.4679627609375 0.4294792015625 0.4437034609375 0.440039478125 0.43861806875 0.44565058593750007 0.42368770156249996 0.45283691406250004 0.42023551562500006 0.45999557187500006 0.42046982968749996 0.47206962968750005 0.42947602968750004 0.48344798125 0.4252350046875 0.5424821953125 0.43144132500000004 0.5500223046875
10 0.5941336578125 0.447704075 0.6000599234374999 0.4540306515625 0.5761739875 0.49705770468750005 0.6266591375 0.4946424859375 0.6401899125 0.489685578125 0.6512008671875 0.4821039625 0.6572207171875 0.49160074218750005 0.6705650203125 0.488600509375 0.6696312609375 0.48178970625 0.672429746875 0.469033778125 0.6708422875 0.45662570156250004 0.6673887046875 0.4471901890625 0.663842234375 0.44288155468749996 0.6509637625 0.43684156406249997 0.637747521875 0.429601015625 0.6229213078125 0.43421093125 0.6112566515625 0.4361952765625 0.6071979062499999 0.443490309375 0.5964663109375 0.443988375 0.5941336578125 0.447704075
10 0.5219803421875 0.7875189375 0.5264591734375 0.7820442046875 0.5855747859375 0.7617323453125 0.594718921875 0.7488262046874999 0.6000372265625 0.7386949828125 0.5984026234375001 0.720553265625 0.5957885171874999 0.7064612640625 0.585242696875 0.6967055703125 0.5767501671875 0.690317725 0.51380663125 0.68851325 0.5016747484375 0.6829436515625 0.4951419265625 0.6767534484375 0.4818905078125 0.6746268046874999 0.48007082968750003 0.6750359265625 0.4699309109375 0.6785922125 0.456742215625 0.6873017031249999 0.45207691250000004 0.6947331078125 0.44265271874999995 0.706425715625 0.435327565625 0.710625646875 0.432342609375 0.72533825 0.43229686406249995 0.7361987734375 0.4362648171875 0.7589218765625 0.44508454531249997 0.7722568984375 0.45931686406249994 0.7869279921875 0.4648230390625 0.791434271875 0.4806878671875 0.7993558281250001 0.4955260453125 0.8055934640625001 0.5133027375 0.7996819359375 0.5219803421875 0.7875189375
10 0.6834927328125 0.5252654015625 0.598902328125 0.5596020671875 0.5987636953125001 0.575589471875 0.59993106875 0.586177246875 0.60217153125 0.5958855078124999 0.6113177624999999 0.6078706234375 0.61962311875 0.6079180562500001 0.6646478375 0.590136040625 0.673699784375 0.5906538671875 0.6903569421875 0.5881852921874999 0.6987087468750001 0.585669284375 0.6995939671875 0.5701522734375 0.706499034375 0.5641320421875 0.70645119375 0.5501013125 0.6988910265625 0.5339301 0.689740575 0.519392934375 0.6834927328125 0.5252654015625
7 0.6554178015625001 0.691139909375 0.6961051171875 0.6960335609375 0.6966194859375 0.709321153125 0.66181129375 0.7050204296875 0.6831822953125 0.7174482640625001 0.6962021953125 0.7406891921875001 0.737404578125 0.76716751875 0.7712339640625 0.783815046875 0.8050626546874999 0.792165490625 0.8177075109375 0.7944285109375 0.832543596875 0.7757748875 0.8402874406249999 0.7568010875 0.8401467125 0.747897234375 0.8386528390624999 0.738659365625 0.8532982609375 0.6721799093749999 0.8544885656250001 0.630426078125 0.8343035609375 0.6202845875 0.8314593328125 0.6439010406250001 0.8272141156249999 0.6531527484375 0.8303876375 0.661374725 0.8330481875 0.6729032875 0.8241834125 0.6787258765625 0.82591020625 0.6834436296875 0.8276848343750001 0.70219211875 0.8162080484375001 0.718813959375 0.7946526703125001 0.733234053125 0.7698301812499999 0.7362619578125 0.7456606984375 0.7365900515625 0.7329686984375 0.7285933874999999 0.7131373156249999 0.7145428953125 0.7061386625 0.7173929218749999 0.6989971859375 0.6864478390625 0.699929546875 0.6766644703125 0.6870982171875 0.6763581265624999 0.6770189265625 0.6658592921875 0.6342325734375 0.6684583140625 0.6412319265625 0.6739053765625 0.6510776015624999 0.6806272390625 0.6554178015625001 0.691139909375
21 0.366551353125 0.7056648015625 0.368745371875 0.717936503125 0.380505009375 0.7357165343750001 0.43514318750000003 0.7374735734375 0.43719438593750004 0.71595016875 0.4416260765625 0.7047417921875 0.4447053140625 0.7014964796875 0.4274866421875 0.68494381875 0.4160070625 0.668377321875 0.42440321093750005 0.6384066171875 0.42062242968749997 0.622023928125 0.4198744453125 0.604959365625 0.4251463078125 0.5973915843750001 0.42351240625 0.58754695 0.41849770625 0.582930171875 0.395329921875 0.5843095500000001 0.3874446484375 0.5860824171875 0.3706946 0.5936778687500001 0.3526406453125 0.6315642031250001 0.35567763281250003 0.6806648421875 0.3715882015625 0.6777258765624999 0.366551353125 0.7056648015625