2 0.49508570937499996 0.39563760000000003 0.5123046390625 0.3910117171875 0.5385650156249999 0.36159346875 0.49795675156249997 0.3315827078125 0.5699176687499999 0.332710440625 0.585379478125 0.3532102921875 0.5922327187499999 0.353075709375 0.5884135109375 0.35267429375 0.6148115359374999 0.3464389078125 0.6237803125 0.2855991828125 0.6316748078125001 0.21048808125 0.6317397890625001 0.1976235796875 0.5692867140625 0.155019775 0.502223134375 0.1930207625 0.4385085234375 0.22365094375 0.355499084375 0.26641161874999997 0.34920640468749997 0.30178995625 0.3745339890625 0.3057391234375 0.39349622812499996 0.30901926875 0.39182558749999996 0.33716060312499996 0.42271184531249995 0.324961284375 0.47550789531250004 0.3124905109375 0.488311259375 0.34987592031250003 0.49508570937499996 0.39563760000000003
0 0.44677826249999997 0.8307597578125 0.4591075421875 0.8359170171875 0.481414903125 0.807370425 0.470626303125 0.7998008328124999 0.44214853437499996 0.7890849 0.421779421875 0.7869440203125 0.3716594734375 0.7739534031249999 0.318190553125 0.7683335921875 0.2686746484375 0.761842128125 0.24086974843750003 0.7692167796875 0.20308292187500002 0.7858393515625 0.1438565453125 0.8105056015625 0.082084028125 0.8349042390625 0.0754549140625 0.8612372828125 0.0684970546875 0.9274368984375 0.07955326562500001 0.9324603515625001 0.11198404531249999 0.942304628125 0.12786492656249998 0.9504094406249999 0.1558074734375 0.9662176515625 0.192726490625 0.970097996875 0.19233256406250002 0.9704169890625 0.21230448124999998 0.9725161218749999 0.23922601718749997 0.968549628125 0.278622346875 0.961106153125 0.3157401484375 0.950848928125 0.36243461718750003 0.9107070593750001 0.40685055625000005 0.8677514437499999 0.44677826249999997 0.8307597578125
0 0.7908430921875 0.44731708125 0.77389561875 0.47385275312499997 0.76579080625 0.48973363125 0.7421377062500001 0.482099059375 0.7300149 0.5117160921874999 0.7251102281249999 0.530055615625 0.7548111078125 0.54521346875 0.8028551578125 0.5657087 0.8277813296875 0.573477078125 0.851637059375 0.5914300124999999 0.8669750296875 0.5557152421875 0.871054159375 0.50465865625 0.8859868703125 0.4483071640625 0.8942216437500001 0.406697284375 0.89910745 0.3724582125 0.9058015421875 0.33326066718749997 0.9129581890624999 0.252923484375 0.9238690625 0.185852215625 0.93169473125 0.0991496859375 0.8982011984374999 0.1484018234375 0.8811887421875 0.187802 0.858747575 0.21762166249999998 0.8211672234374999 0.269018525 0.7977167515625 0.2717023140625 0.758729525 0.32423844218750003 0.7801040984375 0.329059265625 0.8013487078124999 0.3596090890625 0.8003509359375001 0.40584100625 0.7908430921875 0.44731708125
0 0.8313329265625 0.5764246328125 0.7893866140625 0.5591445671875 0.7473064968750001 0.543137571875 0.7241886140625 0.5304107203124999 0.7060368953125 0.5684040203125 0.6947857453124999 0.6019740671875 0.687329453125 0.6289294078125 0.69084041875 0.6517575828125 0.69097806875 0.6749404421875 0.6902440624999999 0.694170290625 0.6881031828124999 0.7145394031250001 0.7277671234375 0.7045497875 0.772657146875 0.6938223234375 0.81540244375 0.6790080421875 0.8465563125 0.6642625843750001 0.8706758109375 0.6552134484375001 0.8845303937500001 0.56013465 0.8691120640625 0.5108901984374999 0.8671088359375 0.554442171875 0.85659553125 0.5932383 0.8313329265625 0.5764246328125
0 0.6893608765625 0.6168494859375 0.7031581671875 0.5835470484374999 0.7209734515624999 0.5365084578125 0.7380508875 0.484243784375 0.7409984406250001 0.48069218437499994 0.686122646875 0.47621163906249997 0.646256078125 0.47588289531249994 0.6199918578125 0.4808452109375 0.604913809375 0.46510198281250004 0.6018286046875 0.44547071875000005 0.6060415406249999 0.3931410640625 0.607444571875 0.36754586875 0.601079225 0.36687684374999996 0.583122446875 0.36627664375 0.5734692671875 0.33565799531249996 0.54532793125 0.33398735625 0.5031828328125 0.3308448578125 0.5131686046875 0.3460528671875 0.5408435421875 0.36440721875 0.5194728140625 0.3840423234375 0.4878525515625 0.415471490625 0.487856396875 0.43992742187499995 0.511509496875 0.4475619953125 0.550642059375 0.4671205875 0.5767763203125 0.48788727187500003 0.6001656546875 0.5225239125 0.6092836140625 0.5582348406250001 0.6066075140625 0.5836962296875 0.5914721734375 0.6297293625 0.6278598125 0.663157915625 0.6507789078124999 0.6900223359375001 0.6710103703125 0.6689803546875 0.6893608765625 0.6168494859375
15 0.7833423265625 0.4696971125 0.795797721875 0.4246694390625 0.801149921875 0.37374665937499996 0.7811095546875 0.331739209375 0.7826502359374999 0.329326875 0.7212752890624999 0.3254503734375 0.6826817890625 0.3252554328125 0.6357120234375 0.319031578125 0.6198349890625 0.335382696875 0.6065079375 0.37645735468749997 0.6045047046875001 0.420009328125 0.6179809390625 0.47548532187500003 0.6437099390625 0.475615284375 0.6999926078125001 0.4789565640625 0.75969306875 0.48651846875000004 0.7833423265625 0.4696971125
0 0.3274611703125 0.496435784375 0.32076323125 0.5111773984375 0.298792303125 0.54876928125 0.2823838953125 0.594668609375 0.30811289375 0.59479856875 0.350460621875 0.608259425 0.39303842968749997 0.6152825328125 0.39233811093750004 0.613948059375 0.39347737656250004 0.615354934375 0.3946166390625 0.6167618109374999 0.3770574328125 0.5878864687500001 0.37216009687499996 0.5487577484374999 0.3837438375 0.4997770640625 0.4152302984375 0.46962096875 0.4479248453125 0.452463175 0.47948012812499996 0.43389850937499996 0.48925558281250003 0.3898762953125 0.48931671874999993 0.35255586562499996 0.475374090625 0.3137635796875 0.4262634421875 0.3279088375 0.3946393359375 0.3348820734375 0.39089664062499996 0.39498395 0.39284642187499996 0.43766426875000003 0.3921162609375 0.481350046875 0.3274611703125 0.496435784375
4 0.6777690765625 0.188302990625 0.658608053125 0.199160415625 0.6271904187499999 0.24090794375 0.6262576281250001 0.2742753625 0.627672190625 0.32204795625 0.6485765234375 0.31909655937500003 0.6854955375 0.3229769046875 0.7235538203125 0.3282641234375 0.75732265 0.32537770625 0.774740365625 0.30661425468750003 0.7987222125 0.27438225781250003 0.8236445390625 0.2576947046875 0.86283439375 0.2154769375 0.8877528765625 0.1743334546875 0.9008123187500001 0.13580493437500002 0.9019477390624999 0.11275587812500001 0.9274277984375001 0.09212253125 0.9322299515625 0.09405740625 0.938587865625 0.043343303124999996 0.8324922921875 0.0321922078125 0.8209988218750001 0.05018821875 0.7844162421875 0.055353165625 0.7401990859375001 0.0841712140625 0.709985696875 0.11446111562500001 0.6890852093750001 0.1418684453125 0.6777690765625 0.188302990625
15 0.2926180546875 0.4850508265625 0.317811834375 0.490273065625 0.3544632390625 0.4966995484375 0.3885646625 0.4784024921875 0.390307971875 0.48630852031250005 0.39057558124999997 0.48376238125000004 0.39184865 0.4838961859375 0.3924450078125 0.441483478125 0.3939130171875 0.4030237828125 0.393370109375 0.3592041984375 0.3930948125 0.312838478125 0.3448519765625 0.30648081718750003 0.3063922796875 0.30501280625 0.2777157265625 0.30843444375 0.2799369640625 0.3730245546875 0.2846355140625 0.4262908453125 0.28933406562499997 0.4795571328125 0.2926180546875 0.4850508265625
2 0.7478151765625001 0.7954690984375 0.7440571046875 0.7577472515625 0.7299806703125 0.7202280375 0.712291503125 0.7170816984374999 0.7138321828125 0.714669365625 0.6528586515625 0.7069736546875001 0.60501723125 0.6967967859375 0.5479967125 0.688229421875 0.500893140625 0.6832786375000001 0.48394182187499996 0.68535838125 0.48046289218749993 0.7184581890625 0.478662290625 0.7723285234375 0.47920904374999995 0.840604034375 0.474862303125 0.8942067609375 0.48906485312500003 0.8815410453125001 0.5019293546875 0.8816060265625 0.507491871875 0.8899134671875 0.518211646875 0.88589163125 0.5927836828124999 0.8744224718750001 0.674726525 0.8663022843749999 0.7380435671875001 0.8639472406250001 0.7458769265625 0.8261565718749999 0.7478151765625001 0.7954690984375
3 0.535464803125 0.672753803125 0.5794143468749999 0.6464818953125 0.6078156031249999 0.5966945359375 0.6053306015625 0.5591064953125 0.60063589375 0.5302961359375 0.59922901875 0.5314354015625 0.59474951875 0.5320678421875 0.5984911687500001 0.5262093171875 0.5989805171875 0.52581305 0.5801941125 0.4921078953125 0.552182740625 0.4647082546875 0.505277953125 0.44561989999999996 0.4483262609375 0.4486439671875 0.40960279999999993 0.47417802499999995 0.38856850625 0.5028584234375 0.3743048203125 0.55284456875 0.38610656875 0.612005965625 0.4205521140625 0.6516660625 0.4727518078125 0.6816079984375001 0.535464803125 0.672753803125
3 0.3884692984375 0.7242348671875 0.40702243125 0.6824223609375 0.4046100984375 0.68088168125 0.393951459375 0.6475830874999999 0.35830166874999997 0.6193806171875 0.31662296562500003 0.5995544125000001 0.2711289 0.6037827250000001 0.2395736140625 0.6223473921875 0.22168950625 0.6577945515625 0.2289991765625 0.6984639515625 0.24676101093749997 0.7376576515625 0.26920986875 0.7567498500000001 0.333130953125 0.7608939609375 0.365691696875 0.7450092390624999 0.3884692984375 0.7242348671875