5 0.2324814140625 0 0.233197328125 0.010031715625 0.23054930312500002 0.0322957875 0.22166115 0.0652288421875 0.220635578125 0.0898263625 0.254160446875 0.218045971875 0.2624248453125 0.2627905453125 0.2671378828125 0.2667116859375 0.280659753125 0.266158315625 0.2921144375 0.2694178703125 0.29941655 0.264919309375 0.3317723734375 0.2646665328125 0.3592608453125 0.257413415625 0.3634337890625 0.2505573625 0.364883721875 0.23442763906250003 0.32790285468749997 0.0823081640625 0.303218890625 0.0403782671875 0.28971739375 0.0263174671875 0.287863475 0.019365223437500002 0.280813203125 0.0138684125 0.272834090625 0 0.2324814140625 0
5 0.12806156562499998 0 0.1290206390625 0.01913760625 0.11508828125 0.0866034328125 0.1162456265625 0.10969742656249999 0.1554479859375 0.2610831703125 0.155872346875 0.2695509671875 0.1515836671875 0.27409762187500003 0.15189229375 0.28025601718750004 0.1582277828125 0.28651060625 0.182373821875 0.2876651671875 0.2441695625 0.274036946875 0.2590256296875 0.25504445468750003 0.25833122343750003 0.24118805937499999 0.23349728125000002 0.136182678125 0.2156139125 0.0797468234375 0.2010504328125 0.059515603125000004 0.18766467343749998 0.047764203125 0.173815971875 0.0267752046875 0.1633121796875 0 0.12806156562499998 0
5 0.2976995984375 0.5010313984375 0.2818383328125 0.5300072390625 0.2509666875 0.5748963781249999 0.2463875859375 0.588668603125 0.2462129015625 0.600203578125 0.254363734375 0.612640609375 0.28779974375 0.633942225 0.31530641875 0.6420730796874999 0.3446873875 0.6425420078124999 0.3519895 0.63804344375 0.359350565625 0.6197005109375 0.420224765625 0.5276008156249999 0.43386453437499994 0.49935870156249995 0.4414614046875 0.42563828593749997 0.4487453125 0.40575575468749997 0.46400753124999994 0.3798470875 0.4581553546875 0.368215925 0.44507821718749996 0.362622921875 0.43269548750000003 0.370886315625 0.4244653328125 0.386907825 0.40727203437500004 0.40432464843749993 0.3558872 0.430425971875 0.3342894890625 0.45008005312500005 0.2976995984375 0.5010313984375
5 0.554743846875 0.31283788437500004 0.546688375 0.31732441875 0.542147853125 0.331866446875 0.53372480625 0.34403896093749997 0.5064292265625 0.3551410734375 0.48844399374999997 0.3717760734375 0.46226501249999996 0.43520052500000006 0.45660355625 0.45741650156249997 0.44611332499999995 0.4734019390625 0.4432724109375 0.49181701406249995 0.4456664234375 0.5095464546875 0.45476350625000006 0.5258445109375 0.47044792031249993 0.5384017812499999 0.4801644171875 0.537018490625 0.4890707765625 0.51946940625 0.4976481375 0.510376096875 0.5074803718750001 0.511302203125 0.5159987796875 0.516053265625 0.5235119874999999 0.530787671875 0.531161303125 0.5332173109375 0.5391396171875 0.5271911734375 0.5515427203125001 0.5043136109375 0.5699952296874999 0.43691992500000004 0.5715223171875 0.4223298015625 0.5810663015624999 0.402483340625 0.576818365625 0.3778016546875 0.5653840546875 0.3599279265625 0.5717420859375 0.3215702015625 0.5653680171875 0.3145458171875 0.554743846875 0.31283788437500004
5 0.42755547656250004 0.929231865625 0.4357652640625 0.9278245281249999 0.47019043437499997 0.8937606812500001 0.4712545859375 0.8699329625000001 0.467855371875 0.8621868671874999 0.42288969062500004 0.8060879578125 0.40946534999999995 0.7935667578125 0.3859976796875 0.76088648125 0.3528317140625 0.7449734640625 0.3219462 0.714482346875 0.3016644796875 0.700313334375 0.288954921875 0.6870343609375 0.2853242359375 0.6746694671875 0.2701027609375 0.6713497937499999 0.257797190625 0.681152784375 0.2584144390625 0.69346958125 0.30399737656250003 0.7618852859375 0.3191599 0.779049334375 0.32771472031250004 0.8145683359375001 0.34903805 0.849521940625 0.4127787359375 0.91976581875 0.42755547656250004 0.929231865625
5 0.36740266093749996 0.7266423750000001 0.3641915671875 0.7220201859375 0.3627390078125 0.7168166203124999 0.366623196875 0.7110887234375001 0.3693910671875 0.70686669375 0.3750415796875 0.6947676984375 0.3796674953125 0.68600436875 0.38212187656249996 0.6814726 0.3830853625 0.6769170328125 0.3816480859375 0.6720184265625 0.37831472499999996 0.6649564515625 0.37860543125 0.658866496875 0.38148807812499996 0.6509895343750001 0.38460776874999997 0.6418974390625001 0.3895145 0.6209020015625 0.3925425078125 0.609980075 0.395539928125 0.5984481828125 0.397543321875 0.59086191875 0.40012778437499996 0.5829802046875 0.40112183906250004 0.5790345859375 0.40230708593750003 0.5729589109375001 0.40331640156250004 0.5693182703125 0.403683528125 0.5647531875 0.399903921875 0.55795976875 0.3854250671875 0.58091718125 0.36057538437500003 0.620135403125 0.35382383125 0.6340452 0.3526080171875 0.6395109234375 0.35338748125 0.655064575 0.3542053046875 0.6654384234374999 0.354885571875 0.67306751875 0.35485470937499997 0.68434203125 0.35584065 0.69807059375 0.3534392890625 0.7214964312500001 0.3507859 0.7339479875 0.3500822328125 0.7436881140625 0.363884978125 0.7515740421875 0.379367459375 0.7573062890625 0.38760181718750003 0.7610944546875 0.3945439671875 0.7688234890625 0.39877186875000004 0.7758997562500001 0.4013560359375 0.77990249375 0.4121595765625 0.7755039765625 0.41765695625 0.7722396734375 0.4196756296875 0.7649584046875 0.42070025 0.7616227140625 0.41433138437499994 0.75938796875 0.4055465171875 0.7565051875 0.3981914109375 0.752426328125 0.392044328125 0.7486714531249999 0.38152398125000003 0.7408853078125001 0.3774641796875 0.73716376875 0.37243342031250004 0.731903059375 0.36740266093749996 0.7266423750000001
5 0.3675924203125 0.7090574000000001 0.3661424890625 0.7251871234375 0.37029505937499996 0.732945240625 0.385226115625 0.7454904859375 0.40998940624999997 0.7589618437500001 0.42223602812500005 0.763003221875 0.4312763265625 0.7631475078125 0.43564216250000004 0.7601404515625 0.45349345625000004 0.7258120828125 0.46738506874999997 0.68757459375 0.48189393437500005 0.6616539015625 0.49105213281250004 0.6341094484375 0.4995748796875 0.578864225 0.5082111874999999 0.555926540625 0.5181023734375 0.5430082781250001 0.5213676484375 0.5330610015625 0.5208661328125 0.5230536046875 0.5151682656250001 0.5145016421874999 0.5081951484375 0.5105444296874999 0.49760955781250005 0.509606296875 0.4876026390625 0.5202151609375 0.4643417296875 0.566764134375 0.44770890156250004 0.58034398125 0.41919485625 0.61219461875 0.3675924203125 0.7090574000000001
5 0.4792844875 0.6846877765625 0.46819521093749994 0.7037403890625 0.45310550781250003 0.7481122250000001 0.44686537656249997 0.7587812078125 0.44869892343749995 0.7803476218750001 0.476707115625 0.7984858734375 0.5161517890625 0.80449970625 0.525443928125 0.7946486203124999 0.5551421921874999 0.6812833796875 0.55176551875 0.6289249734375 0.55514869375 0.5912889546875 0.558550078125 0.56903690625 0.56121630625 0.5621568015625 0.5642297390625 0.562204896875 0.5692921484375 0.5430560953125 0.5689449453125001 0.5361278984375 0.5649852640625 0.5322187796875 0.55289295625 0.5312566000000001 0.545629421875 0.5365249609375 0.5354092374999999 0.557898996875 0.512842734375 0.6183043671874999 0.5019667234375 0.6265918078125 0.4906459765625 0.6410256203125 0.4792844875 0.6846877765625
5 0.5766228640625 0.944687146875 0.5521478265625 0.9519883578125 0.5486125046875 0.9565470375 0.549036865625 0.965014834375 0.5546372015625 0.98664136875 0.5850029984375 0.9917411171875001 0.5885768984374999 0.9879522390625001 0.603528325 0.9858833140625001 0.71463955 0.9799648359375001 0.7399065234375 0.97344545 0.8010850156249999 0.9475004312499999 0.8592682765624999 0.936891290625 0.8837433140625001 0.9295900765624999 0.8908911140625 0.9220123171875001 0.8829921281249999 0.8995799124999999 0.8568218171875 0.8430117953125 0.8527464015625 0.8367932781249999 0.84668095625 0.8359272890625 0.802927234375 0.8490742812500001 0.7757859640625 0.8632555953125 0.7072100031249999 0.8767756015625 0.682020184375 0.8848345906249999 0.6008664312499999 0.9327671359374999 0.5766228640625 0.944687146875
5 0.639781846875 0.7780130640625 0.6345651265625001 0.7940826703125 0.60106799375 0.8166235671875001 0.5834299609375 0.8401867640624999 0.580956625 0.8509158640625 0.585109196875 0.8586739796874999 0.620862065625 0.8961654359375 0.6372998375 0.90873473125 0.6440800609374999 0.908842946875 0.658529971875 0.8967666265625001 0.6786799218749999 0.8632441265624999 0.6888797328125 0.8564842625000001 0.6905997109374999 0.845743140625 0.6983465578125 0.835098203125 0.7433776937500001 0.7873583187500001 0.7951548171875 0.6789605671875 0.8063984046874999 0.662987153125 0.8145310328124999 0.660040215625 0.8157291234375 0.653905865625 0.8068249328125001 0.6414568078125 0.7943468453125 0.6327966296875001 0.7822931109375 0.63260425 0.7464383781249999 0.668183646875 0.6776469828125 0.7224669671874999 0.6526093093750001 0.7636032984375001 0.639781846875 0.7780130640625
5 0.59564771875 0.8699046828125001 0.5949334515625 0.866761425 0.59194754375 0.8627277609374999 0.587304309375 0.8589523531250001 0.5843184031249999 0.8549186984375 0.58128965625 0.8500302078124999 0.5810326203125 0.8449012437500001 0.5821828578125 0.84007945 0.5839188453124999 0.8358364375 0.587605059375 0.8316245500000001 0.5925985484375 0.8257252312500001 0.5871125265625 0.8162420906250001 0.5755830140625 0.8083707796875 0.5538167453125 0.8017596687499999 0.52678565 0.7956339546875 0.52232076875 0.800972265625 0.5176702734374999 0.8026063359375 0.5064047953124999 0.8055583937499999 0.4963466546875 0.8048284328124999 0.4873600953125 0.8032614312499999 0.47777348750000004 0.8008307140625 0.46270787812499997 0.794611259375 0.45007824375 0.787007096875 0.42256675781249997 0.7818886703125 0.41812503593750006 0.7882054109375 0.4192321375 0.7936326515625 0.42293233125 0.800809575 0.4253610296875 0.8048343484375 0.42991128749999996 0.8123095484375 0.43298287343749997 0.8180528640625001 0.43690454218749997 0.8240944703125 0.4411048109375 0.8301405328125 0.447005221875 0.83678311875 0.4526841640625 0.8445610765625 0.45714874375000003 0.8503266249999999 0.4636634671875 0.8581178796875 0.4702426078125 0.86163945 0.476500296875 0.8643017593750001 0.48475103124999996 0.8678500343750001 0.4924302734375 0.871104453125 0.505238540625 0.8767184609375 0.5247189109375 0.882154221875 0.5406346078125 0.888671975 0.5482424734375 0.890501684375 0.5549859484375 0.8917481734375 0.560907946875 0.8932662625000001 0.56675851875 0.8933596406250001 0.57250915625 0.89145840625 0.5813100796875 0.8893211671874999 0.5861392328125 0.88569694375 0.5908398265625 0.8795082484375 0.592018625 0.8752563437499999 0.59564771875 0.8699046828125001
5 0.378485625 0.663909965625 0.3822781625 0.675339865625 0.3833834984375 0.679107140625 0.4033786328125 0.64341756875 0.410911396875 0.6259837671875 0.4147406953125 0.618521753125 0.418938478125 0.6114238453125 0.4225250375 0.6061074078125 0.42830590781250005 0.601036440625 0.4334472171875 0.5944002796875 0.43803221406250004 0.5897707015625 0.44305548124999994 0.585148125 0.44639909843750003 0.579261775 0.45286040468750005 0.5754512234375 0.45937266875000005 0.5699566468749999 0.4613473453125 0.5630210609375 0.4654373484375 0.5537719671875 0.46784644531249997 0.545929015625 0.46566246875 0.537296265625 0.459613290625 0.53540849375 0.45375294374999997 0.5302995328125 0.44889032812499996 0.5241317515625 0.4456726609375 0.5158407578124999 0.442320434375 0.49787498281250003 0.4410260359375 0.500003796875 0.4350124125 0.512804659375 0.42010890781250004 0.5369274734375 0.4084413953125 0.55572825625 0.40564579062500006 0.5628485453125001 0.38139819375 0.6521343578125001 0.378485625 0.663909965625
5 0.5525102046875 0.748929565625 0.5533771296875 0.7812491296874999 0.557722590625 0.79285624375 0.5671100953125 0.7999287296875 0.5877208109375001 0.8056419671875 0.6095681984375 0.805990659375 0.633811765625 0.7940706453125 0.6379847125 0.787214590625 0.63734925625 0.7595138234375 0.6300696828125 0.719400071875 0.629631453125 0.6355520218749999 0.616268234375 0.579188309375 0.6080016671874999 0.564441878125 0.6033111671875 0.5159084218750001 0.593885090625 0.508066140625 0.5810394234375 0.5070919359375 0.5744135109374999 0.510062921875 0.5691582109375 0.5253627234375 0.5686545265625 0.545353471875 0.552847875 0.620481225 0.5519380359375 0.64738814375 0.556762475 0.7136149656249999 0.5525102046875 0.748929565625
5 0.7726923484375 0.6362969390625001 0.7729645625 0.6116873968750001 0.7804821078125 0.5664255203125 0.77917045 0.5402523312499999 0.7727781765625 0.517843971875 0.7741916984375 0.47094630937500004 0.767064271875 0.463909896875 0.7556867421875 0.4621899390625 0.746955071875 0.468204053125 0.7373521359375 0.501894884375 0.7093010328125 0.5429831187499999 0.6937848 0.6088853000000001 0.695019303125 0.633518890625 0.708597953125 0.6491192875 0.7287253625 0.6602091046874999 0.7453378171875 0.6612434265625 0.759381575 0.6560832796875 0.7700646953125 0.6439468421875 0.7726923484375 0.6362969390625001
5 0.6392547609375 0.5872470203125 0.6526608953124999 0.5843842484375 0.66643460625 0.57383550625 0.6673830234375 0.5476983875 0.6553132546875 0.50212389375 0.6536725984375 0.484406475 0.6260931046875 0.4147397421875 0.62331330625 0.3893123015625 0.6167849249999999 0.379208715625 0.6061993328125 0.37827058125 0.5981824421875 0.38352691875 0.5942023843750001 0.394231971875 0.59792843125 0.42352043281249996 0.58917421875 0.47414685624999997 0.5899639859375 0.5049268234375 0.6025578109375 0.5158963984375 0.6045842484375 0.5413118140625001 0.617214484375 0.5830493328124999 0.6233956609375 0.5862247218750001 0.6392547609375 0.5872470203125
5 0.6529010359375 0.46901048125000006 0.6565113453125 0.49598954375000004 0.666225678125 0.52460439375 0.6795342828125001 0.53481619375 0.7021350265625 0.5351769078124999 0.7154254250000001 0.5300047359375 0.7261857046875 0.5194079 0.728774778125 0.5109881953125 0.7271726984375 0.4940405796875 0.7056179015625 0.45446817343749996 0.6960782531249999 0.4143183515625 0.6901874968749999 0.40191738906249996 0.6587618859375 0.360649075 0.6551697812499999 0.3490539875 0.64740473125 0.34431495 0.63987115 0.3441947125 0.6326076140625 0.3494630734375 0.6306561671875001 0.35558539843750003 0.634168946875 0.3956390328125 0.6373366921875 0.398766328125 0.6341485734375001 0.4102532 0.637951775 0.4410812625 0.6529010359375 0.46901048125000006
5 0.687019753125 0.398790096875 0.6952091625000001 0.41199692812500005 0.709539003125 0.45760749218749996 0.74780595625 0.45514150468750003 0.7730139796875 0.46246648749999997 0.799535828125 0.46596651875 0.8121886046875 0.46309172500000007 0.8213264328125 0.4501614375 0.8220819578125 0.42017532031249993 0.8185284312500001 0.4093500296875 0.8082718359375001 0.39995612187499996 0.7871006515625 0.3980798578125 0.73907861875 0.40115933437500007 0.696659096875 0.39586720625 0.687019753125 0.398790096875
5 0.6300696828125 0.719400071875 0.631923603125 0.72635231875 0.6436483359375 0.7350004718750001 0.6656886125 0.739198159375 0.69062875625 0.711136403125 0.7011007828125 0.6797669953125001 0.707806015625 0.6483374656249999 0.6941887859375 0.63196726875 0.6925481328124999 0.6142498484375001 0.707272428125 0.547565846875 0.7066165984375 0.53447925 0.7005511531249999 0.5336132609375001 0.688613159375 0.5357302796875001 0.6820054546875001 0.554085234375 0.6670336515625 0.5707683296875 0.6645603125 0.5814974312500001 0.6431940703125 0.6057703078125 0.637784453125 0.6179909140625 0.6375326125 0.6279862859375 0.6299786578125001 0.6424802171875 0.6300696828125 0.719400071875
5 0.8306827203125 0.6218387984375 0.8257360453125001 0.6432970015625 0.82405464375 0.6548079265625 0.827971409375 0.7179435265625 0.820453865625 0.7632054015625 0.8212254296875001 0.778601396875 0.83028393125 0.794129653125 0.8405791031250001 0.8042933578125 0.865072346875 0.8123761171874999 0.8831143625 0.8118948874999999 0.90239305 0.80604910625 0.9093865375 0.7953921484375 0.9111836734375001 0.7861906234375 0.9034615374999999 0.7222251046875 0.9064975093750001 0.6776608875 0.904509653125 0.653015271875 0.8855257218749999 0.5896391953125 0.881876834375 0.5618903328125 0.8701521 0.5532421796875 0.8625799421875 0.5523521421875001 0.8529405984375 0.5552750328125 0.8480914515625001 0.563658665625 0.841463371875 0.5966277875 0.8363238031250001 0.61423699375 0.8306827203125 0.6218387984375
5 0.8393038562499999 0.8088881109375 0.8381647171875001 0.8011780890625 0.8295305734375 0.794117628125 0.8202791796875 0.774740375 0.819990928125 0.753967803125 0.8294009687499999 0.7164279765625 0.8291695000000001 0.711809175 0.82536413125 0.7109792578125 0.7995934734375 0.73748939375 0.7680477921875 0.7539079656250001 0.7496564046875 0.7774591375 0.74892125 0.792831084375 0.7566659296875 0.8121842921875 0.776580071875 0.8340392781249999 0.788150490625 0.8396082312500001 0.8017495171875 0.8405944609375 0.817222834375 0.8339187609375 0.8344932875 0.8180415390625001 0.8393038562499999 0.8088881109375
5 0.8147442984375 0.64927504375 0.8205011140625 0.643982634375 0.8239410765624999 0.6225003859375 0.8437052406250001 0.5812798921875 0.8487290749999999 0.5613612875 0.852307309375 0.49757612656249994 0.8564030984375 0.48918047187499997 0.8572154062499999 0.47534812187500003 0.8498950890625 0.46446271093749997 0.837725625 0.46196093281249995 0.8274486578125 0.4671811984375 0.8186966124999999 0.4878094828125 0.7890230578125 0.52656426875 0.779363340625 0.5441013296875 0.7803277953125 0.563346321875 0.7734864515625001 0.6070806234375 0.7750113734374999 0.622488640625 0.781424021875 0.630282828125 0.8036571890624999 0.638329515625 0.8147442984375 0.64927504375
5 0.9029257765625 0.651451625 0.9058395140625001 0.6945724328125 0.9286695609375 0.729550084375 0.934110240625 0.7329700515625001 0.9275828140625 0.6027199375000001 0.9267857328125 0.601835475 0.89783129375 0.579836203125 0.8856232500000001 0.576564621875 0.882802709375 0.5803655265625001 0.8839418468750001 0.5880755484375 0.9029257765625 0.651451625