27 0.292608634375 0.6304403203125 0.29670433125 0.6334053890625 0.3238492765625 0.6220647171875 0.411485978125 0.579063084375 0.45346297187499995 0.5621844640625 0.5224775296875 0.5258431828125001 0.6030802140625 0.49071986250000005 0.6812742078125 0.4517949484375 0.6851747687499999 0.44713572968750004 0.6942137453125 0.3958731453125 0.69605973125 0.3737627453125 0.69490235 0.35995429843750004 0.7029109515624999 0.3116249265625 0.7060536671875 0.273429425 0.7028355390625001 0.2654874046875 0.696396196875 0.261262171875 0.6869111515624999 0.2597583375 0.572733440625 0.2670206828125 0.5265110296875 0.2672316984375 0.4563648859375 0.27506660156249996 0.38584500781250003 0.28793140625 0.3076602703125 0.291879909375 0.268468790625 0.2958714140625 0.25517094375 0.29852910312500003 0.2488389828125 0.30242585625 0.24421365781249998 0.3141057625 0.24608963281250001 0.3442111359375 0.289084896875 0.618410834375 0.292608634375 0.6304403203125
27 0.6177612 0.14553054999999998 0.6994800390625 0.19720763125000002 0.7489371171875 0.22521711875 0.7632168296875 0.23736326874999997 0.7860843875 0.24737052343750002 0.7975847578125 0.2490861796875 0.8077718562499999 0.24660845468749998 0.816141853125 0.2398844 0.831373440625 0.21461861718750003 0.8900604390625 0.1320761078125 0.9166003421875001 0.0892428875 0.92532136875 0.08052804999999999 0.9341915593750001 0.06884638125 0.7554288875 0.0373256984375 0.5633410125 0.0171364484375 0.5318196562499999 0.074146740625 0.5300418046875001 0.0871397640625 0.535363015625 0.0947959078125 0.5503220734375 0.105999621875 0.6177612 0.14553054999999998
27 0.197478359375 0 0.1830357875 0.081907896875 0.2084775390625 0.0918678140625 0.2497205078125 0.1169862890625 0.26211807343750004 0.12234467499999999 0.2827720828125 0.13617462656249998 0.2989370265625 0.1434497359375 0.3118157125 0.1519002015625 0.32548421250000004 0.1558714125 0.32956028593750003 0.1502167984375 0.334975425 0.13405763906249998 0.340540284375 0.1316010171875 0.3567279390625 0.135837003125 0.38049577968750004 0.137828184375 0.4201880078125 0.1455484359375 0.43287155312500003 0.1463746125 0.4398601484375 0.14457455 0.537110321875 0.0143794921875 0.4002985875 0 0.197478359375 0
27 0.676769478125 0.256157809375 0.6925637703125 0.2568040203125 0.6985870375000001 0.26047860156249997 0.70441208125 0.2681877015625 0.7065347890625 0.2765215046875 0.70648628125 0.294258559375 0.7026673046874999 0.32173769218750004 0.6936737515625 0.3669220265625 0.6954908515625 0.3711683609375 0.7000253359374999 0.37164495625 0.70315879375 0.3684258625 0.7226450546875001 0.324851275 0.7510536515624999 0.256868528125 0.7563614109375 0.232587384375 0.7546320671875 0.2278433546875 0.7509524437499999 0.2254289359375 0.73544413125 0.22025051874999999 0.6002025093750001 0.1898146546875 0.5669950453125 0.1802413859375 0.430089125 0.1476029203125 0.38174400468749997 0.1394801328125 0.34836102812499997 0.13090225625000002 0.339532621875 0.13149510625 0.33530374375 0.13510598437500002 0.331686078125 0.1468918 0.3188735484375 0.21955526875000003 0.3118364453125 0.239092384375 0.308866159375 0.287951303125 0.318942790625 0.2890103984375 0.396581359375 0.2794283890625 0.4212918171875 0.2789840515625 0.4334942421875 0.276718146875 0.44690255468749995 0.2705236390625 0.455402646875 0.268882440625 0.477899553125 0.2722608 0.5683517609375001 0.2685878234375 0.676769478125 0.256157809375
27 0.311208065625 0.6268190953125 0.29229993906249996 0.63801165625 0.2837317171875 0.648770228125 0.2838360125 0.6685510156250001 0.2956192765625 0.6773932671875 0.3079487109375 0.6918690265625 0.3429247671875 0.72342568125 0.35867055 0.741808946875 0.36410223125 0.74592826875 0.3686367140625 0.7464048625 0.49162012343750006 0.7415887890625 0.51278105 0.7438128921875 0.527502634375 0.7418117640624999 0.5331552484375 0.7388574453125 0.5343611359375 0.7349288390625001 0.5298297390625 0.7227934421875 0.522609840625 0.6880710515625 0.5031090171875 0.6211358484375 0.5019093031249999 0.60174684375 0.5050881796875 0.592449503125 0.510236965625 0.5894422328125 0.5470424656249999 0.57861000625 0.6965854031250001 0.5395803906250001 0.8093682624999999 0.5053047515625 0.814035925 0.49920539843749995 0.8012542546875 0.455280825 0.7864995921875 0.41672498750000003 0.777365578125 0.41323037031250004 0.768865490625 0.41487156875000003 0.7110487796875 0.43718223125 0.59692376875 0.49362122499999994 0.5415384578125 0.5166943578125001 0.4698519390625 0.550727128125 0.44925680625000003 0.5627562140625 0.42051260937499996 0.5744357171875001 0.35160851875 0.6072401796875 0.311208065625 0.6268190953125
27 0.8553223390625 0.6084769328124999 0.86296756875 0.6087735609375 0.8683765375 0.6159320078125 0.8725520156250001 0.618444628125 0.896193075 0.48436952031249997 0.8528990859375 0.494165546875 0.7916660249999999 0.5125687046875 0.7520130468749999 0.5220878124999999 0.7008793265625 0.53851094375 0.6365582296875 0.55405494375 0.5024812671875 0.592682425 0.49927967500000003 0.605018890625 0.5015975234375001 0.62097698125 0.5325863703125 0.7362630609374999 0.5395295453125 0.7405412484375 0.5705492515625 0.7392392828125 0.5899354125 0.7427976046875 0.5932185859375 0.753281053125 0.5971522234375 0.7891788015625 0.5971233421875 0.8155355343749999 0.599925396875 0.8229269046875001 0.609523990625 0.8092351156250001 0.6270795984374999 0.776609815625 0.6627854828124999 0.6992556750000001 0.6753420234374999 0.6833401859375 0.68824650625 0.677092721875 0.720758084375 0.66732994375 0.7757046078125 0.6467452859375 0.8553223390625 0.6084769328124999
27 0.8161888640624999 0.8071312921875 0.7893556984375001 0.7992418265625 0.7724401890625 0.8136853328125 0.7684972921875 0.8127639984374999 0.7641610328125 0.8082528906249999 0.7609625296875 0.8089305515625 0.7186221609375 0.874435171875 0.7672501781250001 0.8896845546875 0.7827388656250001 0.88624329375 0.7957765265625001 0.8734198859375001 0.80859325 0.8676701171874999 0.8211270781250001 0.8547937531249999 0.8271534328125 0.8468095328125 0.8267177328124999 0.8376392031250001 0.8354614703125 0.825885240625 0.8356824046875 0.8188116000000001 0.832353809375 0.814406403125 0.8161888640624999 0.8071312921875
27 0.21364049375 0.8629267875 0.2082542359375 0.852729215625 0.21121835 0.82718790625 0.21610695156249998 0.8140149140625 0.230330875 0.7886432203125 0.23866779375 0.741362196875 0.23601854375000003 0.7360145625000001 0.22883480937499998 0.7301903359375 0.175412125 0.704298640625 0.16818296875 0.7045526625 0.15628614999999998 0.710906034375 0.1571440953125 0.6973094046874999 0.1546476484375 0.6940055078125 0.1111911265625 0.6727097265624999 0.09274758281249999 0.6667158843750001 0.07859481562500001 0.6742220859375 0.0342713796875 0.9255927843749999 0.0698316953125 0.931863028125 0.095442496875 0.9133615875000001 0.1055191265625 0.914420684375 0.11270286249999999 0.9202449109374999 0.11029122499999999 0.938997134375 0.113531784375 0.9395685328125 0.12487949218750001 0.9326769359375 0.12950173125 0.932655834375 0.1457112890625 0.9452426468749999 0.1994942921875 0.9547260421875 0.20251497187499998 0.9347537296875 0.20181600312499998 0.9270764859374999 0.20556375937500002 0.9203735312499999 0.213855259375 0.87917075625 0.21129376562500002 0.873325428125 0.21364049375 0.8629267875
27 0.11403884375 0.9213991640625 0.1125500578125 0.9182011749999999 0.0447384484375 0.8662310874999999 0.0342713796875 0.9255927843749999 0.1104954859375 0.9390331515625 0.11403884375 0.9213991640625
27 0.640116390625 0.9325902218750001 0.6410848015624999 0.9154567734375 0.6376261140625 0.905968715625 0.6339464890625 0.9035542968750001 0.5329850359375 0.8853390421875 0.47655590312499996 0.8794081015625 0.47103646406250005 0.8757864703125 0.3361200734375 0.8580577578125 0.3250130671875 0.8599318765625 0.2831465421875 0.8732736765625001 0.24699767499999997 0.88620259375 0.214703946875 0.9005505390625 0.2035907703125 0.9257422671875 0.20080216874999998 0.950288184375 0.19911076249999998 0.9546584156250001 0.27842303749999997 0.9686433093750001 0.45569551875 0.9831615796875001 0.5123455890625 0.9820188828124999 0.63585554375 0.9742166375 0.6399966640625 0.9711034546875 0.642456946875 0.945509190625 0.640116390625 0.9325902218750001
27 0.305687759375 0.7920012828125 0.2316214328125 0.7958757265624999 0.2276558265625 0.797993515625 0.21985470624999998 0.8073119578125001 0.2132791 0.8213214750000001 0.207444796875 0.8485887890624999 0.2080560125 0.8567637296875 0.21539255000000002 0.864631690625 0.24524561875 0.884497690625 0.24978010312499999 0.884974284375 0.26577262031250004 0.881585978125 0.3249253109375 0.8604295687500001 0.3391430640625 0.8583754859375 0.5647037171875 0.8917143203125001 0.5671578265624999 0.8894376625 0.5768926890625 0.8575111265625001 0.578670540625 0.844518103125 0.577802228125 0.8145186390625 0.5680600859375 0.79119028125 0.563219996875 0.786626215625 0.5582694359375 0.785598975 0.5190779578125 0.7895904828125 0.4810923640625 0.789653384375 0.47855049375 0.7924277359375 0.4773218953125 0.799395465625 0.47661675312499996 0.815035828125 0.47389937031249996 0.81880556875 0.47070086718750004 0.8194832296874999 0.4666929265625 0.8160204656250001 0.4658442375 0.794640684375 0.462427884375 0.7907331796875 0.45738956875000003 0.79020363125 0.3603875515625 0.79318819375 0.328798965625 0.7918957718749999 0.32102055625000003 0.798175090625 0.3131574765625 0.7932932984375001 0.305687759375 0.7920012828125
27 0.2921389859375 0.7495168390625 0.294199734375 0.743650409375 0.23839613437499999 0.6090278812500001 0.2147511046875 0.5568646625 0.207239053125 0.549992090625 0.198586159375 0.54958955 0.12355141875 0.5705974453125 0.1172845046875 0.5770356265625 0.09653039531249999 0.6103385875 0.090305815625 0.6223573234375 0.090653759375 0.632025346875 0.09273413281250001 0.634778596875 0.099196184375 0.6359647046875 0.15164008906249998 0.6353937578125 0.1642358796875 0.6367176265625 0.170850734375 0.6399474703125 0.1730188640625 0.6422030249999999 0.17323671406250002 0.6467881890625 0.16498446718749998 0.705230321875 0.1795955796875 0.7067660124999999 0.2272355578125 0.7305291656249999 0.23792340312500002 0.7397632015625 0.2374164859375 0.7513690515625 0.2411838671875 0.7532857734375 0.27605871249999997 0.7534028375 0.2921389859375 0.7495168390625