13 0.8744067640625 0.6903073203125001 0.8680447484375 0.673747959375 0.8623422671875 0.6531158765625 0.8615587390625 0.645494671875 0.8626142765625 0.6385315874999999 0.8613036859375001 0.633275096875 0.8551326078124999 0.62643883125 0.8284069859375001 0.6065818000000001 0.8163290671875 0.5906100859375 0.8040602078125 0.5649152765625 0.800325025 0.5499342781250001 0.7989580890625 0.5298962 0.796272084375 0.5180035640625 0.7931231375000001 0.510972125 0.7880688859375 0.5041365671875 0.7729674234374999 0.49059368281250004 0.7634458625 0.4837553 0.7497198125 0.47684855937500004 0.7258161999999999 0.46159201875000005 0.690620315625 0.4346344875 0.6857598281249999 0.4330547125 0.68214086875 0.44205274531249994 0.682266275 0.45151301562499996 0.6798332046875 0.45519044218750004 0.6756963671875 0.452034425 0.6728095359374999 0.44605428593749996 0.6707738812499999 0.44460768906250003 0.66689775 0.4447366296875 0.6626911437499999 0.44801875625000004 0.6562445234375 0.4613509234375 0.6411218671875 0.481312871875 0.6342101828125 0.502856715625 0.6341397078125001 0.5104116859375 0.6381440734375 0.5152757078125 0.6518010609375 0.5275037593749999 0.6548203640625 0.5317758953125 0.6625035671874999 0.53683933125 0.6704517140624999 0.538486753125 0.6778727984375 0.5424988890625 0.6912021390625 0.5534128203125 0.70289111875 0.5611066203124999 0.7051212437500001 0.566692171875 0.7065001875 0.567744178125 0.7226600140625 0.5698566656249999 0.7313318109375 0.5699278453125001 0.7442066828125 0.5723010390625001 0.7463064546875 0.5762441125 0.7467637468749999 0.5803175390625 0.7436732625 0.5847172015625001 0.73651005625 0.5884573328125 0.7338148703125 0.5910834578124999 0.7326959203125 0.5944332343750001 0.7335478046875 0.5978499546875 0.7418827703125 0.6111257718750001 0.7668292046875 0.6395221296875 0.77621405625 0.6547694875000001 0.7952345734375 0.7041847437500001 0.800018228125 0.7233709359375 0.8094094374999999 0.72856684375 0.8299675125 0.7360034703125 0.8456629781249999 0.7452108078124999 0.8603719703125 0.7560599140625001 0.8646384546875 0.761975234375 0.8652282203125001 0.76434065625 0.8654212765624999 0.77071326875 0.8633771453125 0.7826686078125 0.8646870296875001 0.7890419265624999 0.8668537421875 0.7910141703125 0.8719784671875 0.790294759375 0.8773019 0.7870133359375 0.884792753125 0.78458733125 0.8842093453125001 0.7721704609375 0.885985003125 0.7692152734375 0.8930143234375001 0.7694168078125 0.89531068125 0.7741483578125 0.9029952968750001 0.7769781359375 0.910157796875 0.7743548359375 0.9190304234375001 0.768513525 0.9217256109375 0.7658873984375 0.9235019718749999 0.7618153828125 0.9214691437500001 0.7559014765625001 0.91766278125 0.749592275 0.9050592125 0.7337516187500001 0.893307525 0.7213276828125 0.8816249031250001 0.703582434375 0.8744067640625 0.6903073203125001
13 0.816214584375 0.851376809375 0.82305014375 0.8463225578125 0.8329078296875 0.8410731312499999 0.84027045 0.8336541671875001 0.8382369171875 0.8288570875 0.8279952343750001 0.81801080625 0.8131601312500001 0.7988182546875 0.787226515625 0.773180496875 0.772654234375 0.7539224156250001 0.758469478125 0.745175903125 0.7504593359375 0.73768151875 0.73319610625 0.7143485968750001 0.731291509375 0.7134276515625 0.7197293484375 0.7129604656249999 0.6807763828125 0.7056435953125 0.674928003125 0.7079392484375 0.6660553796875 0.713780559375 0.6571841671875001 0.717388215625 0.654684859375 0.72191964375 0.653695559375 0.7280287234375 0.65493496875 0.7419570140625 0.667934540625 0.75490730625 0.7034630203125001 0.775361165625 0.7064189125 0.7760199937500001 0.7251358 0.786148984375 0.7299293484375 0.7896995875 0.7312399390625 0.794956078125 0.7312321671875 0.8072411828125 0.7272806125 0.8227428890624999 0.7264864890625 0.8318741 0.7273968375 0.8467219203124999 0.72672953125 0.86307975 0.7282972953125 0.8772053312500001 0.7324228296874999 0.8982305890625 0.7290046953125 0.90131613125 0.722827259375 0.904531315625 0.7152053484375 0.906431671875 0.7097508546875 0.9091874421874999 0.7046218890625 0.916607821875 0.6954216171875001 0.9211350125 0.6901608875 0.92914656875 0.6739256421875 0.9424068453125001 0.6655138421875 0.9467374453125 0.6507956671875 0.9504070984374999 0.645472234375 0.9536885203125 0.636992078125 0.9622236078125 0.6271949765625 0.975553653125 0.6189783515625 0.98290638125 0.6167418390625 0.9861998046875 0.7381464984375 0.9559302234375 0.741521540625 0.95039879375 0.75605160625 0.932538734375 0.7663757718750001 0.9168439734374999 0.7794007781250001 0.8895884640625 0.8031959390625 0.86858086875 0.816214584375 0.851376809375
13 0.48835575000000003 0.2865798984375 0.4819267921875 0.27199136875 0.47170559843750004 0.22875708281249998 0.465803703125 0.21180383749999998 0.454715790625 0.188606215625 0.4433608140625 0.1721750875 0.43765479999999995 0.15712714375 0.42729972343749995 0.11783451874999999 0.4137146234375 0.095817840625 0.40380977656250006 0.07176692031250001 0.4005276484375 0.0675603125 0.3909997265625 0.070773378125 0.37871320937499997 0.0729992625 0.3580212484375 0.0695042984375 0.3456086171875 0.06338674062500001 0.336416821875 0.05451199531249999 0.3345122265625 0.053591049999999994 0.3326724546875 0.054049756250000004 0.32944596718749997 0.06574156406250001 0.33292256249999996 0.07408712656250001 0.33896258281249997 0.0803977421875 0.3523602796875 0.0871071859375 0.358663828125 0.09223544375 0.3725822265625 0.10663162500000001 0.3874173328125 0.125824175 0.4005416046875 0.1493515671875 0.4072242046875 0.1783933265625 0.41003278906249996 0.20421354374999998 0.418030215625 0.23181082968750003 0.43384190624999996 0.2649972 0.4400073328125 0.2807680875 0.44315840156249997 0.2844490421875 0.44906948125 0.286883528125 0.45149831249999994 0.2899070703125 0.45976775 0.30292006250000003 0.46731212343750006 0.3197429546875 0.47241848124999997 0.348061065625 0.47404470937500004 0.3736177515625 0.4723895140625 0.3938510046875 0.46995361874999997 0.40199573906249997 0.46548206875 0.40869388124999995 0.46587171562499996 0.4158549671875 0.4671181890625 0.41861497812500004 0.4709922015625 0.421836521875 0.4736831515625 0.42591136250000006 0.48221329218750003 0.4422093125 0.485430596875 0.44503626562500004 0.4871984796875 0.454366184375 0.48790093749999996 0.4862947765625 0.485197978125 0.5012060093749999 0.48545444531250004 0.5111919281249999 0.4891931609375 0.5205887890625001 0.49122881406249996 0.522035384375 0.49444823906249996 0.521511853125 0.49523883125 0.5179647828125 0.49203282968749995 0.497268584375 0.491057659375 0.4810411109375 0.4924592109375 0.446354625 0.494760515625 0.44326838124999995 0.50114301875 0.42743973593750006 0.5022063265625001 0.4081915453125 0.5061550546875 0.397157153125 0.5107597828125 0.387634178125 0.515360978125 0.3836953421875 0.517794046875 0.3800179171875 0.52095218125 0.3725305953125 0.5215490140625 0.3637277390625 0.520501246875 0.35840571718750003 0.510330746875 0.3388876390625 0.5018076703125 0.3114214125 0.48835575000000003 0.2865798984375
13 0.4598766546875 0.47950546562499996 0.42031797656250003 0.4349378625 0.3809641375 0.3964211515625 0.32794849375 0.3550020640625 0.2937126875 0.3297642421875 0.26734238593750004 0.31219281875 0.2658918234375 0.312871878125 0.2853734953125 0.335785384375 0.2805774296875 0.3418783671875 0.3065971390625 0.374825603125 0.32371337968749997 0.4041417046875 0.35470397343750004 0.45329981874999997 0.39716660312499996 0.5102397421875 0.4239693046875 0.54019216875 0.48917870625 0.5980702734375 0.5320678937500001 0.6366253734375 0.5609814796875 0.6497838625 0.5776107046875001 0.65563553125 0.5839753562500001 0.6579737125 0.5590355687499999 0.6093801578125 0.5274950265625 0.5625197015625 0.48861106249999997 0.5160779984375 0.4598766546875 0.47950546562499996
13 0.5104585109374999 1 0.5161912203125001 0.9882128609375 0.5381367203125 0.9651950234375001 0.5432131734375 0.955210346875 0.5504924515625 0.9332566609375 0.5727339390624999 0.887658603125 0.5965942890625 0.846811625 0.61291289375 0.8209174406249999 0.6286246984375 0.7924875859375 0.6404579203125 0.7666230781250001 0.640348321875 0.738120021875 0.6338704093749999 0.6837482171875 0.6312874671875 0.677925178125 0.6032259015625 0.7268532953125 0.5870392468750001 0.737835621875 0.5765896749999999 0.7564136734375 0.556366075 0.8039751296875 0.55075218125 0.832338425 0.5350642375 0.8962039640624999 0.5224285937500001 0.9134474171875 0.5079104937500001 0.9389690484375001 0.5016874703124999 0.9630065 0.4806395484375 0.997268009375 0.48164208437499995 1 0.5104585109374999 1
13 0.738778640625 0.40531918750000007 0.7249180015625 0.40347093906250003 0.7190069218749999 0.40103645625000006 0.7172355046875001 0.397290675 0.7218409375 0.386650871875 0.724930715625 0.3833680390625 0.7244078953125 0.3790317859375 0.719221171875 0.373904234375 0.7095628984375 0.3754748234375 0.70456781875 0.37895354062500003 0.6931923546875 0.39491041875 0.687798446875 0.4057468109375 0.6855577265624999 0.416913675 0.685681721875 0.428607603125 0.6873869 0.43320738593749997 0.7099094484374999 0.45076240624999997 0.7339434140625001 0.4676614234375 0.770521775 0.490086821875 0.790153253125 0.508362665625 0.7948129140625 0.5158549328124999 0.7973699796875 0.5238714359375 0.79933374375 0.5351066546875 0.7996507953124999 0.5531731953125 0.8016843296875 0.5579702734375 0.8152821453125 0.5598840515625 0.8458303796875001 0.5603632453125 0.8743436656249999 0.5582790171875 0.889455725 0.5550694843749999 0.8991154109374999 0.551265240625 0.9388132234375 0.5235010375 0.9648378 0.5091958203125 0.9548117828124999 0.4689836609375 0.9370130124999999 0.46141738906249996 0.9257172078125 0.45530053437499995 0.9224343749999999 0.45221075781250003 0.9180995359375 0.4504999234375 0.9072687953124999 0.4361713921875 0.8971560546875 0.42920124375 0.89071296875 0.4369492703125 0.8809271671875001 0.43241007187499997 0.8624033343749999 0.42865369375 0.8386223046874999 0.42732473593750003 0.8202929390625 0.42770731562500003 0.8133960921875 0.42579777500000004 0.79770274375 0.41323995468749997 0.7848299921875 0.40751627968750004 0.7755021921874999 0.40593368124999996 0.738778640625 0.40531918750000007
13 1 0.7841062015625 0.9998113203125 0.78382629375 0.9910860015624999 0.7645062171875 0.9843258625000001 0.754187703125 0.951628578125 0.7238155703125 0.941847725 0.711458578125 0.9295105124999999 0.6899682546875 0.9211748390625001 0.6778092625000001 0.89891865 0.6546045734375 0.8949156984375 0.6475068984375 0.8882281546874999 0.62628293125 0.8794344796875 0.6111673390625 0.87280469375 0.602491303125 0.8634156046875001 0.5939449125 0.8309099640625 0.5721790484375 0.8254604171875 0.567117025 0.8223100531249999 0.562319240625 0.8085156484375 0.5596169890625 0.8035882187500001 0.5600080453125 0.8034543328125 0.5639497078125 0.8062742234375 0.57190068125 0.8168378984375 0.592995709375 0.8215637953125 0.5996339703125 0.8307548859375 0.6096255421875 0.8536720203125 0.6265238546874999 0.8606315734375001 0.6331635312499999 0.8626651093750001 0.637960609375 0.8616060375 0.6505078328125 0.8631103921875001 0.661020109375 0.8667159281249999 0.673241803125 0.8744561828125 0.6919699968749999 0.8825931484374999 0.706691 0.8940791828125001 0.7236477765625 0.9221097421875 0.75769591875 0.9229609203125 0.762229465625 0.9223020937499999 0.7651853609375 0.915663828125 0.76991125625 0.913888175 0.77286644375 0.918742303125 0.784497665625 0.9255679703125 0.7950790046875 0.9304918703125 0.8002720859375 0.9435612109375 0.806784234375 0.977053328125 0.82690833125 1 0.83315486875 1 0.7841062015625
13 0.4505509609375 0 0.4568651859375 0.010243535937500001 0.4592178890625 0.0297566703125 0.4629551921875 0.0413871875 0.4622935390625 0.0488103921875 0.45775222187500003 0.06194667499999999 0.457683159375 0.0672679890625 0.4641135296875 0.0796228625 0.472115903125 0.099402353125 0.47355614062500007 0.10741815156250001 0.47276342656250003 0.11431570625000001 0.47381119375 0.1196377265625 0.4776168515625 0.12706375781249998 0.47820167187499996 0.1372469734375 0.49980821875 0.1488887921875 0.505588946875 0.1496808 0.511438734375 0.145151490625 0.513937334375 0.14173688906249998 0.5212379578124999 0.1284709609375 0.5215021953125001 0.1261717765625 0.5273548109374999 0.11717515781250001 0.5284110546874999 0.10909524374999999 0.530646828125 0.1057461734375 0.530059184375 0.1000302703125 0.5236281046875 0.0887922234375 0.5083998234375 0.06802272499999999 0.49783332031249994 0.051395009375 0.49153330312500004 0.0406826125 0.48963224062500005 0.034177528125 0.4826099828125 0.0228077140625 0.48116762812499997 0.0181424015625 0.47650443437499995 0.0162342765625 0.4690847625 0.009988482812500001 0.46146344375000004 0 0.4505509609375 0
13 0.66041505 0.1794732265625 0.64669111875 0.16921600625 0.63743379375 0.16007843593749999 0.62751835 0.1527799328125 0.6187859687499999 0.1446281328125 0.6129411218749999 0.1413396453125 0.6027579078125 0.14192446718750001 0.596387415625 0.1387670390625 0.5921857546875 0.1342313734375 0.5887775125 0.121681321875 0.585562328125 0.1155038875 0.5779432390625 0.11293693281249999 0.5672393203125 0.10583501718749999 0.5613275343749999 0.1045173609375 0.5538373859375 0.10582653906249999 0.5362274359375 0.11133384375 0.5328755375 0.11356538281249999 0.5318862375 0.1196744625 0.5293876375 0.1230890640625 0.528531515625 0.12637331093749998 0.5251789140625001 0.12972167343750002 0.5174808750000001 0.148111621875 0.5136674453125 0.1529706984375 0.511562021875 0.1579622453125 0.5078740015625 0.1722815921875 0.50885411875 0.180691271875 0.5079338796874999 0.1814790390625 0.49899925781250004 0.1814733875 0.49807831093750005 0.1833779828125 0.499585490625 0.18942294531249998 0.5070023359375 0.20013605 0.526499928125 0.2223535578125 0.5333284203125 0.22846758281250001 0.5452161109375 0.2335993734375 0.5511257781250001 0.2382675125 0.5658284124999999 0.2591680703125 0.572329259375 0.263967975 0.5765337453125 0.2640363296875 0.5870424875 0.2681161140625 0.5875638984375 0.274686021875 0.5821065812499999 0.2819091078125 0.583877290625 0.286771715625 0.59031260625 0.29130879374999996 0.5939230875 0.29571269375 0.6062610046875 0.3160861890625 0.626542834375 0.3448080765625 0.630680378125 0.3468472609375 0.636264515625 0.34685079375 0.6399447687500001 0.344816553125 0.6446798484375 0.33693605625 0.66072133125 0.31841999374999996 0.6722955015625 0.29990110468750003 0.6997124484375 0.26542816406249997 0.7003733953125 0.2591217875 0.69873445 0.2536680015625 0.6922998406249999 0.2480140953125 0.6907926609375 0.241969128125 0.7022949453125 0.2332388671875 0.7118898078125 0.22805496875000003 0.7157687671875 0.22345871874999998 0.7134702890625 0.222077653125 0.7020405984375 0.2199024609375 0.6831278281250001 0.207868171875 0.6724267328125 0.1962989453125 0.66041505 0.1794732265625
13 0.44109666875000003 1 0.4408009609375 0.99941470625 0.435023059375 0.9941553890625 0.43082210468750004 0.9885028953124999 0.41941149062500005 0.9561733531250001 0.4028134453125 0.9198330890624999 0.4013076796875 0.9115544671875 0.40178051562499995 0.8910576828125001 0.39929039375 0.8810703500000001 0.387805771875 0.86187991875 0.3814381046875 0.8542551812499999 0.37966527656250004 0.8527430578124999 0.37480408125000003 0.8522801125000001 0.373687959375 0.8511625781250001 0.363280775 0.7903873984375 0.3552861734375 0.7583228015625 0.3409844875 0.726714084375 0.32372549687499996 0.6966801984375001 0.315716765625 0.6869521562500001 0.3084943890625 0.680378009375 0.30258401562500004 0.6768267 0.2987085890625 0.6758388109375 0.28944349375 0.6789863484375 0.2818229953125 0.6786530484375 0.27446390468750004 0.6804878765625 0.2707822421875 0.6847557734375 0.264529384375 0.7033437203124999 0.2600592484375 0.70780820625 0.26136913281249996 0.7141815265625 0.2679340953125 0.721477909375 0.2743694125 0.726014990625 0.28606051250000003 0.73035830625 0.29321877343749997 0.734435971875 0.3022189234375 0.7347044484375 0.30385928125 0.737924578125 0.30162279999999997 0.742390478125 0.2955778359375 0.7438976562499999 0.29157064374999997 0.743500946875 0.283755675 0.739028690625 0.27639870625 0.737513034375 0.263127125 0.7391470328125 0.26115488125 0.741313746875 0.2716593875 0.7520945 0.287617678125 0.76123630625 0.2903086265625 0.765311146875 0.2938549921875 0.7672185687499999 0.2944447578125 0.7695839890625 0.29332722499999997 0.7707001124999999 0.28432848437499997 0.768197978125 0.2705319609375 0.768846209375 0.2611379265625 0.7681176140625 0.258050975 0.7669331359375 0.2487922375 0.7600292234375 0.24557352031250002 0.759435925 0.24628798437500002 0.7723784453125 0.24181572812500002 0.7801934140625 0.2429297296875 0.78466143125 0.24627809531249997 0.788014034375 0.26453627812499997 0.7963032515624999 0.2801648015625 0.8074814218749999 0.30492595 0.8172200593750001 0.3142502171875 0.8243867968749999 0.3371032375 0.8387886296874999 0.340647484375 0.8440465328125001 0.343729490625 0.853048803125 0.3591593078125 0.86678898125 0.36500203125 0.87342795 0.3734687625 0.8861125921875 0.378650540625 0.8990579390625 0.3912548171875 0.913781765625 0.41434734687499997 0.9649733828124999 0.4195911234375 0.98376569375 0.424707371875 0.996448215625 0.427452765625 1 0.44109666875000003 1
13 0.279993184375 0.33114223125 0.2514728375 0.27227039531249997 0.24724864531250001 0.2460233390625 0.257660821875 0.23826050781250002 0.25518632812500003 0.2294539546875 0.24555230468749997 0.22869199375 0.2318223421875 0.2131240875 0.2187145203125 0.2573564328125 0.2229700765625 0.279180834375 0.220165965625 0.3376079515625 0.2378784359375 0.347597115625 0.25248379375 0.4036310703125 0.2575134125 0.42500297812500004 0.2577675828125 0.44479220937499997 0.2699015953125 0.4847717046875 0.27968568125000004 0.4731053296875 0.304650975 0.42038956718750004 0.279993184375 0.33114223125
13 0.5012419359375 0.4266511125 0.49282334843750003 0.446218975 0.49311617031250005 0.5125846453125 0.49140700937500004 0.5114672921875 0.5143734265625 0.546964425 0.5449548531249999 0.5879877828125 0.5680849203125 0.6166903078125 0.5840535 0.5962917515624999 0.6052490421875001 0.552447215625 0.622593240625 0.515427896875 0.6005320453125 0.5380410343750001 0.596232865625 0.5473367359375 0.5756642265624999 0.5455133015625 0.575107228125 0.5511606921875 0.5659448515625 0.5487828734375 0.5547347265625 0.55854890625 0.5624002203125 0.566157853125 0.5512655843750001 0.5735332859375 0.5405964390625 0.56849439375 0.54864938125 0.544279471875 0.57785958125 0.46732948125 0.5158622140625 0.37881192656249996 0.50137085 0.4055011859375 0.5012419359375 0.4266511125
13 0.4677694109375 0.3208333953125 0.44915798437500004 0.28478366093749996 0.4396606546875 0.2703312234375 0.411171884375 0.246700040625 0.40149063749999997 0.23375674375000002 0.3873152109375 0.23590976718749998 0.3782762515625 0.2296968078125 0.361397675 0.23054937187500002 0.34275061875 0.20902615781249997 0.3380998484375 0.21291008281249998 0.3485107125 0.2347544609375 0.3515212359375 0.24898853437500001 0.36369149843750004 0.28062335312500003 0.3585153765625 0.3276748578125 0.37644917499999997 0.350187003125 0.4050247546875 0.400020496875 0.4247882328125 0.44121433750000005 0.45005194375 0.4678687859375 0.4757011984375 0.48719222812499996 0.48683951406250003 0.5044077234375 0.4863342015625 0.4432395546875 0.4725683140625 0.4269363859375 0.46788476562500003 0.4194541921875 0.474438553125 0.37018475 0.4677694109375 0.3208333953125
13 0.56822964375 0.4903241171875 0.5442846015625 0.5611288390625 0.554220165625 0.573451159375 0.56224334375 0.5660670046875 0.5545681984375 0.560174690625 0.56790451875 0.54765541875 0.5673217312500001 0.55017716875 0.5753352578125 0.5523174796875 0.5777585703125 0.5454584109375 0.5938233390625001 0.5504429359375 0.6029700828125 0.5308134453125 0.6146040921875 0.47904626875 0.6137125718750001 0.453864771875 0.6217046421875 0.43302891250000003 0.6204053593750001 0.4161171125 0.614403246875 0.4177672484375 0.6114429203125 0.4081675609375 0.6436824125 0.388529503125 0.6874068890625 0.35006757187500004 0.731678659375 0.2974190609375 0.7621061328125001 0.24363849843750002 0.79189549375 0.1856503953125 0.8135377343749999 0.13696154375 0.800889728125 0.1379769515625 0.7866301703125 0.1399866171875 0.7573752734375 0.13395639374999999 0.7516884359375 0.140895834375 0.7565990671875 0.1611925609375 0.749426484375 0.1862821234375 0.7586339671875 0.2103137671875 0.7527433546875 0.2051037234375 0.7396131375 0.21989089687500002 0.728998759375 0.2219216140625 0.72056036875 0.24049146718749997 0.7054426890625 0.261485178125 0.6692980578125 0.3073861109375 0.6306768984375 0.359670603125 0.6036375578125 0.4127709265625 0.58645869375 0.4503212953125 0.56822964375 0.4903241171875
13 0.6223757375 0.43830313906249996 0.613233234375 0.45780248125 0.612835625 0.4855628203125 0.6082034484375 0.5188506015625001 0.6029556375 0.5341936406250001 0.6038533203124999 0.533696365625 0.63160225625 0.507578134375 0.6374611421874999 0.49321085781249996 0.64486595 0.471110696875 0.6552461171874999 0.458665228125 0.6695122109375 0.443514540625 0.6833619718749999 0.457810084375 0.684230790625 0.42769942031249997 0.6892993109375001 0.40026872031250005 0.6998024890625001 0.3838422765625 0.706312421875 0.3701087046875 0.713782865625 0.361532340625 0.71677855625 0.342273215625 0.728258715625 0.325930246875 0.740646740625 0.30876910468749996 0.7453068421875 0.28115981875 0.7162553968750001 0.3176388953125 0.6732463890625 0.36519693124999997 0.6324900718750001 0.39964410156249996 0.6183768203125 0.4142567265625 0.6223757375 0.43830313906249996
13 0.8811027062499999 0.4335486921875 0.8881206828125 0.43628725 0.897408296875 0.43124298124999993 0.9082046625 0.4369000953125 0.9138735171875 0.4516349578125 0.918580165625 0.4502194609375 0.905746378125 0.42024561250000003 0.8670934203125 0.394294575 0.8228483078125001 0.3653552109375 0.818571884375 0.35713749375 0.8063561546875 0.35908100625 0.785918103125 0.36643798906249997 0.7748000578124999 0.37540379375 0.7307462046875 0.3513923765625 0.7148601234374999 0.34981988125 0.7246844265625 0.379451765625 0.7445499625 0.38006310781249997 0.7669706765625001 0.379044840625 0.7884940484375 0.383338296875 0.7943235046875 0.39598871875 0.81323125 0.3843014421875 0.834383890625 0.388721146875 0.8438874484375001 0.4074624734375 0.86690255625 0.427740484375 0.8811027062499999 0.4335486921875
13 0.30083357187500004 0.22873798750000002 0.3216317109375 0.221221978125 0.331274109375 0.22147338749999998 0.371956265625 0.2159151 0.4106775015625 0.20131881875 0.407439778125 0.1777265734375 0.3798354453125 0.1792981328125 0.360772490625 0.1816160828125 0.33872577812500004 0.1875139859375 0.30443362500000004 0.207808809375 0.28565898437500004 0.22935661562499998 0.2705566640625 0.245321696875 0.2551497984375 0.2557090671875 0.2528885078125 0.27296044531249997 0.2679824734375 0.303619971875 0.26704339374999997 0.2845671515625 0.273724315625 0.2555223453125 0.30083357187500004 0.22873798750000002
13 0.287479896875 0.7347062671875 0.25181860624999997 0.7183243765625 0.263791796875 0.7088178890625 0.2793129203125 0.66841385625 0.2977231375 0.6253476953125 0.333110465625 0.5932449906249999 0.34887119218749996 0.56195168125 0.3608066953125 0.5337062421875001 0.3878343359375 0.505774034375 0.39019026874999996 0.5052272015625 0.38061878125000004 0.49237204375 0.37089348125 0.4968057359375 0.34284955625 0.5150264171875001 0.322901675 0.5312805671875 0.30079338437500003 0.54850218125 0.28217010625 0.5989203578125 0.26258614687500004 0.6443719890625 0.242827190625 0.6616292406250001 0.21834282031250002 0.6747445625 0.233548575 0.7146537296875 0.232245871875 0.736326246875 0.2536036546875 0.728835615625 0.264516040625 0.7392226875000001 0.2768730828125 0.7409233015625001 0.306369784375 0.7415536375 0.287479896875 0.7347062671875
13 0.3426963140625 0.6558382265625 0.3392088796875 0.6423130140625 0.3204083828125 0.6212089015625 0.3125344375 0.613493809375 0.3000322921875 0.627185440625 0.2899811859375 0.6453906468749999 0.281661571875 0.6659004640624999 0.3014030328125 0.6772177046875 0.32629285 0.698906228125 0.3414509046875 0.728652834375 0.3482226734375 0.74324624375 0.3652171359375 0.7874342359375001 0.39105767343750003 0.79854881875 0.397663275 0.8157703734374999 0.4045619109375 0.8294169124999999 0.4183413234375 0.8488057734375 0.44092250312500003 0.8715559234375 0.444778809375 0.8802865890625 0.4475067359375 0.8895408640625 0.44804077031249995 0.8828709781249999 0.446960553125 0.8760143203125 0.438101115625 0.8650911078125001 0.43584679218750005 0.8490589328124999 0.4365478234375 0.8362915843750001 0.4250371265625 0.8193788484375 0.4182082796875 0.8107125578125001 0.418543984375 0.792920978125 0.41315592968750003 0.7677469296874999 0.41054898125 0.7564437640625 0.39971780625000003 0.7426379921875 0.38444154375 0.7389910046875 0.37666259062499996 0.7379177 0.37146724062500003 0.7318322921875 0.358916675 0.7003620078125 0.351150278125 0.69108165625 0.347542971875 0.676370865625 0.3426963140625 0.6558382265625