15 0.36706178437500003 0.47543333125 0.2720146421875 0.4666767046875 0.25499079375 0.4705537921875 0.244492390625 0.47701373125 0.2359788875 0.49678302187499995 0.2328561203125 0.5170162015625 0.238812996875 0.5322555296875 0.257537946875 0.5425296453125 0.4135840421875 0.5732834609374999 0.42266368906249996 0.5682896078125 0.43089266562499995 0.5575917484375 0.4416768078125 0.528344421875 0.44026096875 0.496892209375 0.42635915625000004 0.48876569375 0.36706178437500003 0.47543333125
15 0.3284834890625 0.38144315624999997 0.311174625 0.39987805781249997 0.2941485875 0.4284438703125 0.29045870625000003 0.444874378125 0.2924426328125 0.4691564953125 0.32762383281249996 0.4772372359375 0.38068028125 0.47891531875000004 0.40508486718750003 0.431204446875 0.3982780453125 0.4020315390625 0.384092921875 0.3892604921875 0.37558135937500003 0.38708425 0.35061379062500003 0.38435819375 0.3350094234375 0.3785396234375 0.3284834890625 0.38144315624999997
15 0.7237005640625 0.5172404578124999 0.7061103281250001 0.5090852984375001 0.6845466546875 0.5154593140625 0.663265809375 0.531964240625 0.6601427984375 0.554940609375 0.66439615 0.5834606484375 0.6780117359375 0.6198609359375 0.712905978125 0.6644450203125001 0.72680803125 0.6698283453125 0.7443992374999999 0.6670107359374999 0.7648281984375 0.6585177625 0.7792993078125 0.645758225 0.786961171875 0.6312576921875 0.7883808984375 0.6188188390625 0.7336301515625 0.5261801875 0.7237005640625 0.5172404578124999
3 0.4186640203125 0.8790834703125 0.44334779375 0.88265138125 0.45810245937499994 0.8717931812499999 0.4952787578125 0.7779692265625 0.5125885921875 0.748561559375 0.529048 0.7107066890625 0.535292078125 0.6866994796875 0.525932275 0.6513873125 0.5304723421875 0.646147196875 0.534446025 0.6288748328125 0.5299071718749999 0.620398990625 0.5160051171875 0.6150156703125 0.503237290625 0.6172376859375001 0.4879140515625 0.6407523640624999 0.469187403125 0.6496805890624999 0.4544324921875 0.6632819828125001 0.3866097171875 0.8041352953124999 0.3727059625 0.8179543109375 0.36901438125 0.8535871593750001 0.39312958125 0.86981155 0.4186640203125 0.8790834703125
23 0.7781777125 0.49550692031250004 0.7923645390625 0.4890756234375 0.7929345640625 0.45995999374999996 0.742156525 0.36102174374999996 0.734212809375 0.354418596875 0.69448984375 0.37078031875 0.6953388109375 0.39568666406249997 0.747534878125 0.5013884046875 0.7509395046875 0.5022589 0.7679640812499999 0.4901522359375 0.7705170640625 0.49629149375 0.7781777125 0.49550692031250004
3 0.2382453984375 0.5339392421875 0.23455648906249998 0.5393969843749999 0.2243399421875 0.5669606 0.22348563124999998 0.602404465625 0.2161068390625 0.624292715625 0.21780890937500003 0.6274711546875 0.24391095 0.6350593609375 0.2578139734375 0.629469921875 0.2634892390625 0.62086238125 0.264341365625 0.6101072390625 0.28391965625000004 0.59591025625 0.295554228125 0.5751101296875001 0.30066310937499996 0.554470340625 0.24306877968750001 0.5333436515625001 0.2382453984375 0.5339392421875
3 0.4240683578125 0.72592863125 0.435136059375 0.698582640625 0.4130067265625 0.6846948328125 0.38945815625 0.6777594984374999 0.369598740625 0.662623228125 0.34917099218750003 0.6574002484375 0.32590549062499996 0.65785263125 0.3088809125 0.6699592953125 0.2969620546875 0.6970876609375 0.2978117546875 0.7137644328125 0.3128473078125 0.734982678125 0.34944604687499997 0.7553132875 0.36136150625 0.766589603125 0.397960975 0.7786906375 0.41016193124999994 0.76992275625 0.4166885953125 0.75878965 0.42349978750000006 0.738585109375 0.4240683578125 0.72592863125
10 0.316246103125 0.801689771875 0.3548350859375 0.77497951875 0.3605105921875 0.7636287890625 0.35228331874999996 0.7551243046875 0.31908895625 0.7384073812499999 0.3043364734375 0.7245768609375001 0.2978119984375 0.7110212421875 0.2980970125 0.6964634296875001 0.3131371796875 0.6655610328125 0.3128543515625 0.655430121875 0.2904424359375 0.6286682140625001 0.275405425 0.6239091218749999 0.24845077031249999 0.6325624375000001 0.235966015625 0.6421721765624999 0.2285884390625 0.6503444671875 0.2226279171875 0.6762530109375 0.2353933171875 0.7014629109375 0.2427674921875 0.7316952999999999 0.2728373859375 0.7878477421875 0.2802135046875 0.7961345984375 0.316246103125 0.801689771875
4 0.7727731312499999 0.65140495 0.7497902187500001 0.6647314343749999 0.7353198375 0.669261396875 0.7268082734375 0.667085153125 0.7239705203125 0.67276051875 0.7112026921875 0.6749825390625 0.7035415609375 0.6812534953125 0.6805567031249999 0.7165255125 0.6799886171875 0.7236956078125 0.685094825 0.7332309296874999 0.6805540296875 0.7467006203125 0.66579985 0.7520724375000001 0.6374257125 0.7704214140625 0.6238055140625 0.7861417687500001 0.6201163609375 0.794342703125 0.6249382828125001 0.8102062609375 0.6388393671875 0.826562353125 0.6589825874999999 0.840856765625 0.6830989984375 0.8433652 0.7080685124999999 0.8241457234375 0.7370114625 0.7903970734375 0.780143421875 0.7255284046875 0.7957514328124999 0.6901991046875 0.7968876015624999 0.675858915625 0.793200390625 0.6621143171874999 0.8062537203125 0.6398481 0.8054032937500001 0.6314009 0.79206908125 0.621590675 0.7727731312499999 0.65140495
3 0.464953965625 0.39621884218750003 0.4765870796875 0.39187786406249997 0.509784596875 0.3729332953125 0.5217022390625 0.359520884375 0.5327679953125 0.3541204265625 0.54582108125 0.3345974015625 0.535608421875 0.31826995468749997 0.492199703125 0.30442792343749997 0.462124709375 0.3058825046875 0.352037159375 0.330771465625 0.33784985 0.342689146875 0.3318898125 0.36311131093750004 0.337279578125 0.3745479671875 0.3290508453125 0.382502634375 0.357138753125 0.39242742656249996 0.36933898125 0.39188911875 0.402250271875 0.40121832343749997 0.438851440625 0.39411701875 0.464953965625 0.39621884218750003
4 0.49927648125 0.489120896875 0.5154428609374999 0.556349165625 0.531895225 0.5980468531249999 0.5347305515625 0.6198034031249999 0.53983724375 0.623852340625 0.5526024015625 0.6518054296875 0.5639509875 0.6565358796874999 0.5857989453125 0.643833625 0.6170091390625 0.6390116203125 0.6212675890625 0.6099246359375 0.6068008484375 0.573306725 0.6022641828124999 0.540142159375 0.5937543234375 0.5187635765625 0.5818427515625 0.46359619375000005 0.563970175 0.43982374375 0.5475153796875001 0.4255579734375 0.53928883125 0.4088239171875 0.541275675 0.4001877359375 0.5370211046875 0.3853836546875 0.52397020625 0.3802179546875 0.5060949578125 0.3866206125 0.5001356515625 0.3988132 0.5041066609375 0.41171594375 0.5046715875000001 0.44020734062500005 0.49927648125 0.489120896875
3 0.5526310578125 0.3281088203125 0.528228415625 0.3538741609375 0.44792889999999996 0.4138118890625 0.4374297703125 0.42850140468750003 0.43686168593749997 0.4356714984375 0.45104559687499995 0.46215849843749995 0.462961296875 0.470691621875 0.4791332625 0.47482648125000004 0.5009809781250001 0.4648674203125 0.507508615625 0.4427615484375 0.501268421875 0.422877690625 0.50353930625 0.4106564625 0.5007030078125 0.3998726796875 0.5058111578125 0.3874624671875 0.5117697359375 0.383499453125 0.5282259890625001 0.3813060765625 0.53616995 0.3851660296875 0.540991875 0.40102959218749995 0.53928883125 0.4088239171875 0.5483672640624999 0.41754602187499995 0.5994409984375 0.38122603125 0.6187388921875 0.3294662234375 0.613632684375 0.319930903125 0.6045537671875 0.3166951796875 0.5855435609375 0.32372206718749996 0.5662502859375 0.323361234375 0.5526310578125 0.3281088203125
3 0.6598619140624999 0.52286416875 0.6161776531250001 0.4165954796875 0.6082344187500001 0.40450595156249997 0.6008578124999999 0.4017054765625 0.5812804953125 0.40492969375000004 0.557446665625 0.4152953640625 0.5529058734375 0.4287650546875 0.5818427515625 0.46359619375000005 0.6090700328125 0.5802878359375 0.6360191000000001 0.6347279265625 0.6428264046875001 0.658414453125 0.653040278125 0.66102594375 0.6882236640625 0.644417959375 0.68964290625 0.6374654875 0.6740402375000001 0.6124445749999999 0.6649635078125 0.5845201296875 0.6598619140624999 0.52286416875
3 0.6638334078125 0.530280528125 0.6930587015625 0.5121491734375 0.72171518125 0.5094174890625001 0.7288089578125 0.502087053125 0.7322145531250001 0.49198478437500004 0.73193196875 0.47911068281249997 0.72398995 0.45330519531249996 0.6944876578125 0.3954690390625 0.6839924125 0.3662674890625 0.6544867187500001 0.3468360171875 0.647395128125 0.329477728125 0.6368977 0.3249649015625 0.623278471875 0.32971248750000004 0.61731965 0.336418690625 0.6110760578125001 0.354939521875 0.612210528125 0.359801671875 0.6164663078125 0.36088979375 0.60880323125 0.3891062828125 0.6195810640625 0.43118193437499996 0.6522022359374999 0.5126759734374999 0.6638334078125 0.530280528125
3 0.818458078125 0.5926755375 0.8099506468750001 0.5438650359375 0.7952015625 0.49162983125000004 0.7915133796875 0.4888579984375 0.7452642375 0.510866440625 0.74100845625 0.5097783203125 0.736186046875 0.49940114375 0.728808228125 0.5103166296875 0.7279563421875 0.5183285765625001 0.7546225843750001 0.5626377578125 0.7549056546874999 0.570025475 0.7651190406249999 0.57812335 0.777316840625 0.605016959375 0.7875297437500001 0.6186012171875 0.8062546921875 0.628875334375 0.817321665625 0.6097589171875 0.818458078125 0.5926755375
4 0.6473655015625 0.6641471015625 0.6397053359375 0.6594452921875 0.6249511546875001 0.6648171078125 0.6118988 0.67611055625 0.5645144578125 0.7014864234375 0.5151427890625 0.7409848546875 0.49896790781249994 0.76976829375 0.47427782656249995 0.8375233625 0.49640812343749996 0.8404384 0.5250648499999999 0.8349635265625001 0.5327267109375 0.82046299375 0.5531549421874999 0.8201995921874999 0.6768656078124999 0.7466719796875 0.678568890625 0.736134459375 0.660131140625 0.68661380625 0.6473655015625 0.6641471015625
3 0.347756121875 0.6149752687500001 0.336971490625 0.64970898125 0.36222262031249997 0.654336371875 0.39768616093750003 0.67803440625 0.4362710109375 0.697958409375 0.45045905468749997 0.6778111531250001 0.45556744687500006 0.6626577499999999 0.473443425 0.64802551875 0.48990016406250003 0.6403457593749999 0.4924543609375 0.63276905625 0.48507775468750003 0.6299685828125 0.4087572625 0.6122837328124999 0.35797096562499997 0.60661399375 0.347756121875 0.6149752687500001
3 0.5321790234375 0.5972049953125 0.5165775734375 0.558468125 0.505232871875 0.509846609375 0.49161559062500004 0.4926486609375 0.47856469218750003 0.4874829625 0.4652290203125 0.49413188437500005 0.4447988484375 0.516340815625 0.4377023984375 0.553846359375 0.4984146390625 0.6096037 0.5299071718749999 0.620398990625 0.53359608125 0.61494125 0.5321790234375 0.5972049953125
15 0.304145390625 0.554141471875 0.294207546875 0.6384702546875001 0.33913075312499996 0.6377640171875 0.351427928125 0.6104275718750001 0.3556881625 0.5612238453125 0.304145390625 0.554141471875