3 0.349106546875 0.3755825859375 0.31442497812500003 0.309623221875 0.2852163578125 0.304625340625 0.23772297031249998 0.317738371875 0.1901550734375 0.346449553125 0.1842277140625 0.3461389125 0.1824989 0.34604830937500003 0.1740433921875 0.3750757234375 0.195158915625 0.4021857640625 0.2381221390625 0.47551339531250003 0.265435440625 0.5497544125 0.29209981875 0.5702210109375 0.2972936078125 0.6034308765625 0.3401588765625 0.6455492656249999 0.36263345 0.6467271078125 0.3680084484375 0.6764793453125 0.3834771640625 0.6790235890625 0.40057674062500004 0.6504491921875 0.39165351249999997 0.6222445624999999 0.3632603234375 0.601687359375 0.37070449375000003 0.52580078125 0.35878400625 0.52170893125 0.36223428125 0.48895208281249997 0.38753225625 0.5024128265625001 0.39198651875 0.4835770859375 0.349106546875 0.3755825859375
27 0.32624512031249997 0.6794913078125 0.23997831249999999 0.6385654625 0.2238753734375 0.6481229140625 0.18685281874999998 0.6929888046875 0.186581009375 0.6981752453125 0.2239880296875 0.7452082640625 0.295971315625 0.7940533515625 0.326546334375 0.8060570890625 0.39352438749999996 0.8511727375 0.4492161765625 0.8800948453125 0.47222701562499997 0.8379617515625 0.49259565937499994 0.7800881328125 0.39659019687499997 0.7265169765625 0.32624512031249997 0.6794913078125
2 0.2348775125 0.2066413078125 0.20766951718749999 0.1965475890625 0.21467537343749998 0.19518118906249998 0.1494334859375 0.18309419843750002 0.1029440859375 0.2101283390625 0.0301894765625 0.3744709046875 0.017823325 0.411961178125 0.01930238125 0.5160523859375 0.0781726375 0.5174040843750001 0.08400065 0.53851225625 0.2123932015625 0.5695108875 0.2957460015625 0.5998826453125 0.28563758125 0.5612145296875 0.256602815625 0.519820965625 0.2363933265625 0.47542279218749994 0.2108161890625 0.4342104359375 0.1934301015625 0.40209515937500007 0.17058576406249998 0.374894515625 0.18058887968749998 0.3494153328125 0.22871649062500002 0.32420060781250004 0.2447288265625 0.316371971875 0.2556379734375 0.27360465624999997 0.2246172890625 0.303183040625 0.2245193359375 0.2719737984375 0.233609065625 0.23084469218749998 0.2348775125 0.2066413078125
2 0.4165413671875 0 0.4248363609375 0.08831307031249999 0.6339321625000001 0.10100487968750001 0.756126934375 0.084872534375 0.8532196375 0.11769793437500001 0.8584819781249999 0.05036481875 0.8397643218749999 0.0171201203125 0.5130929609375 0 0.4165413671875 0
2 0.6899790140625 0.09007367656250001 0.62183046875 0.10037065625 0.6251068890625 0.1040094890625 0.617836575 0.14350038437499998 0.6668849203125 0.1668736390625 0.74777673125 0.1780472453125 0.8520491453125001 0.1731105609375 0.8585872828125 0.11451211718750001 0.75603633125 0.0866013484375 0.6899790140625 0.09007367656250001
2 1 0.0255177171875 0.872669340625 0.0188446 0.8177276000000001 0.49722142500000005 0.8853325249999999 0.4972973234375 0.91490355625 0.4953799515625 0.9287340609375001 0.496104778125 0.9595661906249999 0.43704596562500003 0.9953129453124999 0.3834454046875 1 0.36833878124999997 1 0.0255177171875
2 0.7081242953125 0.6700342 0.672725246875 0.6508434000000001 0.6709058328124999 0.6524816078125 0.4991558515625 0.8203038546875 0.49643040312500003 0.8392301968749999 0.6113769125 0.961402915625 0.6799711203125 0.9095238140624999 0.7296463390625 0.8878573218750001 0.7576624125 0.849453665625 0.785769090625 0.80932119375 0.7718406296875 0.7773871265625 0.7960293125 0.7127794609375 0.8240380343749999 0.6414377515624999 0.7836411062499999 0.65145556875 0.7279566703125 0.6554715156250001 0.7081242953125 0.6700342
21 0.5413157749999999 0.14815790625 0.477349684375 0.14480558593749998 0.43695275625 0.1548234046875 0.391459990625 0.1628405984375 0.3881835703125 0.159201765625 0.3595332765625 0.20970711562500002 0.3483523171875 0.25766087031249996 0.3630129546875 0.3087024875 0.37421596562500004 0.3595628984375 0.38924636874999996 0.43662731875 0.41791871875000003 0.484936134375 0.4721535046875 0.5085811984374999 0.47068915 0.4703661015625 0.4734145984375 0.4514397578125 0.491971178125 0.42814240468750003 0.5053339640625001 0.3716351875 0.52672865 0.42649684375 0.5587680234375 0.47671567968749995 0.5831452640625 0.44158844531249997 0.61062506875 0.446495725 0.6450127765625 0.418827359375 0.640453209375 0.3735158015625 0.61614451875 0.3081000578125 0.601302675 0.2605160671875 0.5767221703125001 0.2002867625 0.5697089640625 0.16871510781250001 0.5413157749999999 0.14815790625
2 0.3701559109375 0.1062501296875 0.38425822656249997 0.10178851562499999 0.3791550375 0.0668498359375 0.37141700312500003 0.0491086875 0.3599495359375 0.0363727734375 0.3094588875 0.0735985859375 0.274701415625 0.0752441484375 0.22067724218749998 0.17989367812499998 0.25144081875 0.22137784531250002 0.2895726640625 0.254580359375 0.31295327031250003 0.23847006875 0.34916039374999996 0.20916349687500002 0.377357675 0.1673022125 0.3783543109375 0.1482852671875 0.3701559109375 0.1062501296875
21 0.8147744484375 0.7189625375 0.8151442125000001 0.7449853390625 0.8190622078124999 0.7694605359375 0.847817809375 0.783102484375 0.878211621875 0.7985638484375001 0.8949487843749999 0.7769047062500001 0.9100550859375 0.7863642015625001 0.9227983562500001 0.8078347859375 0.9845633953125 0.8076409296874999 0.9932973515624999 0.6409871125 0.984085490625 0.6307563046875 0.927215859375 0.6243087703125 0.8819116546875 0.6618063937499999 0.8684509109375 0.6871043718750001 0.8418844906249999 0.6978470125 0.8147744484375 0.7189625375
21 0.7577407 0.3848632640625 0.755091153125 0.33618468125 0.7251503578125 0.31207925 0.701309384375 0.30389555 0.67592080625 0.2921636234375 0.6245167765625 0.3137395140625 0.6276119859375 0.320835975 0.6248857828125 0.3206931 0.6409062249999999 0.3648717359375 0.650380425 0.41564154374999995 0.6216321703125 0.43493765 0.58669349375 0.44004083749999995 0.5509393874999999 0.46070334375 0.5053339640625001 0.3716351875 0.491971178125 0.42814240468750003 0.4750528078125 0.453259175 0.46978311718750004 0.4876542328125 0.476796325 0.5192258890625 0.517555665625 0.5022928171875 0.5721455140625 0.4860845734375 0.56714028125 0.4823551359375 0.6049023609375 0.4895348484375 0.5914489703125 0.5477708796874999 0.6137496875 0.5853444046875 0.5795431875 0.6095551421875001 0.5435246203124999 0.6683421421875 0.5018592468749999 0.702563346875 0.44353996562500003 0.7237768250000001 0.391947375 0.7158722875 0.45046256875 0.7570772921875 0.53525766875 0.7268499859374999 0.5788330640625 0.689261759375 0.589832815625 0.6447656296875001 0.62958816875 0.6139114484375 0.658064609375 0.5998017828125 0.7000923968749999 0.558665325 0.6835290921875 0.5439287875 0.7128209625 0.5142597999999999 0.7331063531249999 0.49105305 0.7604955546875 0.4976891421875 0.7639458328125001 0.46493229375 0.752931378125 0.44355230937499995 0.7577407 0.3848632640625
21 0.3888030921875 0.0812239640625 0.3681626390625 0.1442840203125 0.40889992499999994 0.028536785937499996 0.3776980359375 0.0615727953125 0.3888030921875 0.0812239640625
7 0.43357103124999996 0.087037275 0.415996384375 0.0254415703125 0.39998405 0.0332702078125 0.3982552359375 0.033179604687499996 0.395867709375 0.037388382812499996 0.3931594 0.031178979687500004 0.39571834375 0.0815863765625 0.374708128125 0.11862363125 0.38290652812500003 0.1606587703125 0.4125681640625 0.1570125859375 0.477349684375 0.14480558593749998 0.5378581484375 0.14797670000000002 0.5664325453125 0.16507627656249999 0.5882802453125 0.211293865625 0.60667031875 0.2573302515625 0.6123171265625 0.2818960484375 0.635788334375 0.2640569453125 0.62333158125 0.30327603125 0.672372575 0.2937112296875 0.7336132156249999 0.3159898953125 0.7553629625 0.3309982421875 0.7577407 0.3848632640625 0.7521085984375 0.42617357499999997 0.7537541562500001 0.46093104687500003 0.7665880296875 0.4806728171875 0.7982502874999999 0.47193079843749997 0.798061728125 0.44245036718749997 0.8162558953125 0.4260682703125 0.8347904187499999 0.30395675 0.7991269140624999 0.32289044375 0.7799287625 0.325351434375 0.775557753125 0.30952030625 0.816407696875 0.290858421875 0.8437895453125 0.26455645781250003 0.8424157953125 0.2246125453125 0.79883305 0.2292627171875 0.7673519984375 0.2345471125 0.7726216906250001 0.200152053125 0.7615166328125 0.1805008859375 0.701098771875 0.17560095625 0.66033208125 0.15959597187500002 0.6158359515625 0.1485962203125 0.6133749609375 0.12939806874999998 0.62865511875 0.10246188281249999 0.55795498125 0.095289521875 0.493807684375 0.095394828125 0.43357103124999996 0.087037275
2 0.24451582656249998 0.5850628546875 0.183093978125 0.56624181875 0.1792739375 0.5729758640625 0.1636387171875 0.6397653578125 0.186581009375 0.6981752453125 0.24370774687500002 0.633560228125 0.3549101203125 0.6948620703125 0.3696466578125 0.6782987640625 0.36427166093749996 0.6485465234375 0.336701253125 0.645368059375 0.3089422859375 0.612709165625 0.29392658437499997 0.6015208546874999 0.24451582656249998 0.5850628546875
21 0.0703513515625 0.534329803125 0.0752659796875 0.539788053125 0.066893725 0.5341485968749999 0.0620917515625 0.6257756999999999 0.0597360671875 0.6707248453125 0.014899578124999998 0.7654545140625 0.12363360937500001 0.77462014375 0.16412849062499998 0.79581156875 0.2084360609375 0.7773308921875001 0.21889219375 0.74320764375 0.193224453125 0.703724096875 0.17010095625 0.6487718375 0.1055006421875 0.6575212109375 0.09783115625 0.5392370828125 0.068713140625 0.5325103859375 0.0703513515625 0.534329803125