9 0.6179753156250001 0.769770925 0.6217895578125 0.7875077562499999 0.62701825 0.8251433046875001 0.6379556171874999 0.8838461703125 0.642551165625 0.9034973125000001 0.64972760625 0.9515867953124999 0.6508855921875 0.95643446875 0.6541843484375 0.9590974781250001 0.674861503125 0.9574882734375001 0.6903903234375 0.9533170640625 0.7788855406249999 0.93737013125 0.8425978703125001 0.9223912609375 0.8626866124999999 0.7786457828125 0.8127260906249999 0.6258024296875 0.8090828218749999 0.6180996265625 0.8028899296875001 0.611754553125 0.79736914375 0.6081051640624999 0.7852957015625 0.602561246875 0.780187996875 0.601584759375 0.74254553125 0.61013908125 0.7298295859375 0.6148213124999999 0.6995126234375 0.623492525 0.663064540625 0.6366340625 0.6536710671875 0.6381809203125 0.612888128125 0.64856833125 0.601540109375 0.65284354375 0.5991039140625001 0.6552658828125 0.5980441015625 0.6609731515624999 0.6093048359375 0.71548593125 0.6179753156250001 0.769770925
11 0.7628443359375 0.58872228125 0.7758082828124999 0.5953991390625 0.78855383125 0.6036387390625 0.8013315499999999 0.6097719078125 0.8183027562499999 0.6215470015625 0.8286358234375 0.6264105546875001 0.837256453125 0.6266413375 0.841578621875 0.6238575359375 0.8450466875 0.6196803375 0.8666194718750001 0.5891475484375001 0.8853836125000001 0.5599497125 0.8957023203125001 0.5424011 0.923996784375 0.33993939375000004 0.926389578125 0.3078078046875 0.92615849375 0.3038326171875 0.9237053812499999 0.2988710515625 0.9098018453125001 0.2857837796875 0.86974779375 0.25905955468749997 0.8628506249999999 0.2521252328125 0.851881853125 0.2443055421875 0.84364893125 0.23567180781250002 0.836687421875 0.23295035312499998 0.8310252671875 0.2321887640625 0.8121248890625001 0.23421787656249998 0.8070256468749999 0.2369333421875 0.8022624531250001 0.2409966484375 0.7739677031250001 0.2764751203125 0.7503396328124999 0.3142095828125 0.73211469375 0.35268285625 0.7245081203125 0.375215809375 0.7173578203125001 0.3869789234375 0.7092975359375 0.4052534609375 0.7009308015625 0.43510198593749994 0.6916930484375 0.45617320625 0.690500328125 0.46846023125 0.694577825 0.48806581875 0.6999419921875 0.5040933453124999 0.7010678078125 0.51104745 0.701247240625 0.5247734296875 0.7025186531250001 0.53068570625 0.7063202109375 0.5428846093749999 0.7160878 0.559299378125 0.725802078125 0.56859069375 0.7315454890625 0.57252331875 0.75402479375 0.5824098796875 0.7628443359375 0.58872228125
9 0.2739029515625 0.1040981875 0.26122340624999996 0.1085199625 0.25016658281250004 0.1107115203125 0.24210886406249998 0.113957790625 0.23945004218750002 0.1160968953125 0.23827257343750002 0.11889358125 0.2380109859375 0.13389906406250002 0.239162178125 0.1519290265625 0.24728923125 0.19509260625 0.2602327953125 0.2413163296875 0.2687153859375 0.2781833921875 0.281253428125 0.3573286640625 0.28270260937499997 0.3600926828125 0.28748271875000003 0.363413278125 0.31114795 0.37419510312500004 0.36140139375 0.36358589375 0.4443673671875 0.34029761718749996 0.48800381249999997 0.332006746875 0.49125348124999996 0.3293922875 0.49258077812499995 0.327399746875 0.4935999609375 0.320106959375 0.4952811265625 0.2949436609375 0.4956028265625 0.27387933593749997 0.4938396390625 0.24709485468749998 0.49419094531249996 0.23895235937499998 0.50736073125 0.15784930625 0.5097656578125 0.125630896875 0.514644840625 0.107603934375 0.5250964640625 0.083475565625 0.5299603937499999 0.0749389390625 0.5311700328125 0.0700358171875 0.5299070765625 0.0678154921875 0.5264627234375 0.06619430625 0.5192464171875 0.0652960484375 0.49049885625 0.06461359375 0.47030758281249996 0.068374790625 0.455361153125 0.068378690625 0.443822678125 0.070264234375 0.43091205 0.0707108203125 0.381127571875 0.0760881171875 0.3372363296875 0.0862021828125 0.32617527812499997 0.0865477640625 0.31612238593750003 0.09093686875 0.3006621328125 0.0927411875 0.2974852640625 0.0948347328125 0.2739029515625 0.1040981875
9 0.49970160625000004 0.2220355578125 0.49864602343750003 0.2295888015625 0.5075832234375001 0.2388117859375 0.5060095921875 0.2463194765625 0.5059130828125 0.252638771875 0.5079115843750001 0.28524441718750004 0.5113686265624999 0.2924035296875 0.5242809203125 0.3088311828125 0.534161940625 0.326310553125 0.5347248484375 0.3297876046875 0.5328684796875 0.343070896875 0.5363128328125 0.3446920828125 0.54337508125 0.3429402171875 0.5453423140625 0.3457497921875 0.5470826921875 0.34643015625 0.5502637906250001 0.3461825859375 0.556249309375 0.342754084375 0.5633564171875001 0.3444337140625 0.5710865421875 0.343531553125 0.5789216359375 0.34000204843750004 0.5950091375000001 0.3374619171875 0.6090930046875 0.3323726640625 0.6363058984375 0.3252740890625 0.6427730671874999 0.3221516015625 0.6544207390625 0.31948468750000003 0.658342515625 0.3195659125 0.6602691187499999 0.32078996718749997 0.66464460625 0.3251296125 0.666947890625 0.329287028125 0.6698013953124999 0.3313835671875 0.6727598734375 0.330852765625 0.6749649828125001 0.3244552375 0.676181415625 0.30636983125 0.6781275015625 0.29994952656249996 0.6821915453125 0.26524044375 0.6817878203125 0.23435699062499998 0.678217353125 0.22613327187499999 0.679106190625 0.2103919734375 0.6779524328125001 0.2073902796875 0.6687003265625 0.206049334375 0.6293522171875 0.19678859531249998 0.6151185203125 0.20107370000000002 0.59033759375 0.2039039625 0.58697026875 0.2036078421875 0.5833032874999999 0.201703421875 0.5776089609375 0.20304826718750002 0.5603313062499999 0.2028471609375 0.548893571875 0.2002593796875 0.5340927390625 0.19922145625 0.5272810578125 0.1973041515625 0.523658934375 0.198831225 0.5209315453125 0.20333721875 0.5158280703125 0.20420670468750002 0.5046789656249999 0.2145635359375 0.49970160625000004 0.2220355578125
9 0.65948461875 0.20444793125 0.6664418999999999 0.2053234140625 0.6706633281250001 0.20701293281250002 0.6756940046875 0.20666435625 0.6785881390624999 0.21034641562499998 0.677585875 0.225023109375 0.6804520671875001 0.2326575765625 0.68016933125 0.2384331828125 0.6820722234375001 0.245455621875 0.682643590625 0.25262462812500003 0.681896121875 0.2654781203125 0.676913634375 0.303006671875 0.675831775 0.3313865640625 0.6783576859375 0.33582721718749997 0.7099714406250001 0.3441441375 0.721700371875 0.3446482609375 0.7284307953125 0.34339453125 0.735351675 0.34453046875000004 0.737160621875 0.3428439421875 0.7603349796875001 0.30085105625 0.7908306140625 0.2571290859375 0.80151331875 0.23697590468750002 0.8464957765625 0.1702713921875 0.847114565625 0.165843628125 0.8455925843750001 0.163600525 0.8203368015624999 0.152942484375 0.8032690828125 0.1474866875 0.77543150625 0.140292815625 0.7593719484375 0.138880540625 0.741717609375 0.1357460734375 0.7230314 0.1343664671875 0.7025362421875 0.13467338906249998 0.6975461968750001 0.1366074828125 0.690533034375 0.143636821875 0.6611099031250001 0.1871894515625 0.6544454843749999 0.2011045578125 0.65948461875 0.20444793125
9 0.3326147359375 0.45887140625 0.33008459375 0.45258477812500003 0.32776439218750003 0.4410434578125 0.31998940625 0.4385141234375 0.310628103125 0.4379545484375 0.2920095640625 0.46611055625000003 0.283414309375 0.47695563124999996 0.2740842765625 0.5061921265625 0.2823357828125 0.5390840015625 0.28244408125 0.570205134375 0.287026940625 0.58431835 0.287542425 0.599392171875 0.28438413749999997 0.6257438578125 0.28650119531249996 0.629357584375 0.295162453125 0.631173884375 0.3155484109375 0.6316483328125 0.33825713749999997 0.6286358390625 0.3694087234375 0.6290023859375 0.386350325 0.6278556515625 0.40273325 0.6250778421875001 0.45149008906250004 0.623301384375 0.544551246875 0.6140837640625 0.5497639203125 0.6124329046875 0.55101841875 0.6109612796875 0.5520376015624999 0.6036684890624999 0.5543096140625 0.578029834375 0.5566951921875 0.4727765421875 0.556459878125 0.4669553796875 0.554634015625 0.4612580015625 0.5454420203125 0.4538582171875 0.5397756359375 0.4512506546875 0.5341498812500001 0.45022860937500003 0.5222025546875 0.451287225 0.5020349953125 0.44925003593749996 0.4988174953125 0.44975806250000006 0.4971947734375 0.4519882796875 0.48958230625 0.45580102031249997 0.4774809234375 0.45420951093750006 0.45684017031249996 0.4555582578125 0.440534271875 0.45966113281250004 0.429623046875 0.4608108609375 0.408166253125 0.4773799921875 0.38610169375000003 0.4870405765625 0.34898150625 0.497486434375 0.3426557046875 0.4977211140625 0.3403566484375 0.49540967656249996 0.33942551718749997 0.49269121406250005 0.33572047031249996 0.4741730125 0.3332631296875 0.4673654703125 0.3326147359375 0.45887140625
11 0.3293440515625 0.371576740625 0.3276485328125 0.37432787031250003 0.3215402265625 0.40490231718749997 0.3175304 0.41483234375 0.3124438421875 0.42308573593750004 0.31230247499999997 0.425973540625 0.313678859375 0.4292584703125 0.3229072515625 0.43639780000000006 0.32372495625000003 0.4380516515625 0.32491934218749996 0.44263886875 0.3260663078125 0.45882285312500004 0.32948695 0.466242421875 0.33345102031249996 0.48478340312499996 0.338684840625 0.4923624203125 0.344909903125 0.496601059375 0.3555663328125 0.49727452968749997 0.3670641796875 0.49380346406250003 0.386405578125 0.49049485 0.391395625 0.4885607546875 0.40052161562500005 0.48329916562499997 0.4096882328125 0.479623096875 0.418219146875 0.47299089062500005 0.4315945078125 0.4654664140625 0.4386118984375 0.46028305156249993 0.4496280921875 0.45650597499999995 0.46038949218749997 0.4545520953125 0.4720651046875 0.4479327765625 0.4833767265625 0.44391802187499996 0.49186700781250003 0.4357002953125 0.507241771875 0.4288789609375 0.5135955140624999 0.42469186875 0.5187633296875 0.4196095140625 0.5212316953125 0.41508074375000004 0.524241821875 0.40479914375000003 0.5271664609375 0.389500534375 0.530656575 0.36265071249999997 0.5321625359375 0.325607409375 0.5305186703125 0.31860774687500004 0.5243858875 0.3062038359375 0.5180431703124999 0.299054615625 0.5129185484375001 0.29069422500000003 0.5098060171875 0.2885749046875 0.5062033765625 0.2824576203125 0.5040905484375 0.280689871875 0.5013953265625 0.28308943124999997 0.49712647343749994 0.2929966796875 0.49352293437499994 0.31878189843750004 0.49182741406249997 0.321533028125 0.48654617031249997 0.325550778125 0.47741595156249994 0.328966390625 0.43341128281249997 0.33801585156249997 0.41988186406250005 0.34289020625 0.39913614218750004 0.346866296875 0.3842388 0.3521476703125 0.35872565624999997 0.35834109375 0.341574115625 0.36474251875 0.3293440515625 0.371576740625
11 0.5481733703125 0.6125566890624999 0.5452919234375 0.61441255625 0.5353804 0.6159138578125 0.5314670828125 0.6195245875000001 0.5336696265625 0.628155325 0.535120475 0.64779358125 0.5403432703125 0.6667089125000001 0.5414005171875 0.6760299062499999 0.54736821875 0.69712000625 0.5482350109375 0.70405133125 0.5541620843749999 0.7235559125 0.5583682640625 0.73473576875 0.568249284375 0.7522151375 0.57214311875 0.7562487703125 0.5772914515625 0.7588107749999999 0.5819539015624999 0.7592207906249999 0.6006680531249999 0.7566479875 0.6108301453125 0.7514775140625 0.6134483375 0.7477528906249999 0.6139494703125 0.7404145453125001 0.609065290625 0.7078187921875 0.5978621046875 0.6622754359374999 0.5982260984375001 0.659670865625 0.6009170890625 0.65542533125 0.6044257828124999 0.65283365 0.6113746046874999 0.6500171796875 0.626203378125 0.647102696875 0.6328931734375 0.6442634453125 0.6423958453124999 0.6419352171875 0.652307371875 0.6404339171875 0.6592925921874999 0.6373569890625 0.6629553421875001 0.6374154328125 0.668686065625 0.6358101296875 0.6837290078125 0.6294869296875001 0.699516853125 0.6253385 0.707610971875 0.6218317734375 0.72328961875 0.6184647125 0.733415309375 0.61355469375 0.7372558296875 0.6104648781249999 0.738028675 0.6086872390625 0.7360766953125 0.596387328125 0.73309284375 0.585842278125 0.730566934375 0.581401628125 0.7289188375 0.572555990625 0.7224584609375 0.5624961890625 0.7155612921875 0.5555618671875 0.710736325 0.5488097765625 0.7054576484374999 0.5377992593750001 0.700570903125 0.520231771875 0.6982380125 0.503152525 0.69183351875 0.48518790625 0.6890875453125 0.4654357546875 0.6889090125 0.41980727343749996 0.68701714375 0.401448521875 0.675176584375 0.3360747859375 0.673059525 0.33246105937500003 0.6715290859375 0.32652600625 0.667262796875 0.321404990625 0.6541168546875 0.3160304140625 0.64357808125 0.318267528125 0.636374465625 0.322907196875 0.62517204375 0.3261405796875 0.587493178125 0.334955359375 0.57921283125 0.337918396875 0.569705928125 0.3384006453125 0.5647565125 0.3419202625 0.5629797359375 0.3415003546875 0.5598993734375 0.337274603125 0.5578271734375 0.3370923734375 0.5450706015625 0.340189084375 0.5341314359375 0.345291221875 0.5298177234375 0.3517669765625 0.527689640625 0.35948956249999997 0.5222830484375 0.40568152187499995 0.5202235359375 0.4110372203125 0.5157278265625 0.41881525937499997 0.511482684375 0.42292412031250004 0.5094189421875 0.4264338421875 0.5046151203125 0.4289116296875 0.4937038953125 0.43006136093749997 0.4913405 0.431962784375 0.48780386406250004 0.438506875 0.4877759234375 0.44245928437500004 0.49086051406250003 0.4485310109375 0.49319596875 0.45058199375 0.509737178125 0.45230028281249995 0.5248656046875 0.45099410000000006 0.5364853375 0.45227959375 0.548299753125 0.45780073281250006 0.552456846875 0.4637031203125 0.5530282140625 0.4708721234375 0.5518524078125 0.49054305156250005 0.5517059109375 0.52348738125 0.5525252796875 0.5420154765625 0.5509888125 0.598039446875 0.5492416421875 0.6105413703125 0.5481733703125 0.6125566890624999
9 0.2292115125 0.7822504984374999 0.2174495140625 0.8157553078124999 0.2153087421875 0.8179399671875001 0.2109095453125 0.8193987078125 0.20777330156249998 0.8230777687499999 0.1984263515625 0.8449303640625001 0.1944613796875 0.8582918859375 0.1920801671875 0.8847119078125001 0.1846513609375 0.9040966062500001 0.1828593328125 0.9131670359375 0.1853894734375 0.9194536609374999 0.1906470015625 0.921234296875 0.21461868437499998 0.92044213125 0.2517320765625 0.9231785609375001 0.29848695 0.9357272249999999 0.3034084265625 0.9361600187500001 0.31483347500000003 0.93320986875 0.336214903125 0.93218991875 0.344276853125 0.9307896203125001 0.34963089531249997 0.9262509578125 0.3597227515625 0.9065731343750001 0.36552460781249996 0.887572678125 0.37080674999999996 0.8516524265625 0.3710894859375 0.8458768234375 0.3689064234375 0.8296017234375 0.3696538921875 0.8167482296875 0.3778834859375 0.7916334843749999 0.386051303125 0.7557033390625 0.388348696875 0.741140540625 0.38485948125 0.7360878625 0.372300159375 0.7283919546875001 0.36658891875 0.722352896875 0.362217659375 0.719859225 0.3414101640625 0.7130199234375 0.3215854484375 0.6991482859375 0.316024034375 0.6939133765625 0.2938486109375 0.68748109375 0.288441253125 0.684896309375 0.2762713015625 0.6856716875 0.2666873703125 0.6848288765625 0.25780348750000004 0.6827293421875 0.250563471875 0.6876294671875 0.24640381718749998 0.6967553468750001 0.239736834375 0.7256987140625 0.234287946875 0.7534309140625 0.2324358078125 0.7685601828124999 0.2292115125 0.7822504984374999
9 0.2724849984375 0.663982446875 0.2762696359375 0.6687974484375 0.28109883281250003 0.6773955171875 0.2853651203125 0.6825165328125 0.2970339421875 0.6890794984374999 0.305586 0.69167716875 0.3124383109375 0.6951799953125 0.3381926625 0.7135279484375 0.3627890265625 0.72702823125 0.372312846875 0.7339298828125 0.39024312656250004 0.74447103125 0.4037615234375 0.7509329890625 0.42105186874999995 0.7566720234375001 0.4297215828125 0.762180275 0.43323873749999997 0.7632805484375 0.435751959375 0.7621832703125 0.43710296875 0.7543923484375 0.43883488593750003 0.751380759375 0.44732516875000006 0.7431630328125001 0.452148471875 0.7330408859374999 0.46296575312500005 0.7231821921875 0.47229322187499995 0.708973959375 0.485651665625 0.694065578125 0.5262840140625 0.6340972765624999 0.5290672843750001 0.62168646875 0.527241421875 0.6159890906250001 0.5213202421875 0.615204725 0.5034517359375 0.615478975 0.47360373593749994 0.6189182703125 0.4596934046875 0.6190132875 0.42148379843750006 0.6222445828125001 0.40550126875 0.6221573671875 0.3863782671875 0.62390324375 0.3616295109375 0.6246270765624999 0.31565338125000003 0.6290209875 0.3006341515625 0.629545803125 0.28531526875 0.6284623203125 0.2829882734375 0.6301032875 0.272446934375 0.647368665625 0.26747803281250004 0.658532640625 0.2691498421875 0.6615798921875 0.2724849984375 0.663982446875
9 0.40938367812500004 0.8795650453125001 0.4203397640625 0.881846809375 0.42300281406250007 0.88155368125 0.42625248437499996 0.8789392218750001 0.42865650625 0.8786233171875001 0.43251394374999996 0.8829174078124999 0.4316894484375 0.8944458359375 0.43300571874999993 0.9037896109375 0.43218122187499997 0.9153180437499999 0.41960407968749996 0.932140734375 0.4187990640625 0.9360248062500001 0.416476296875 0.93951175 0.40813584062499997 0.9485336265625 0.4089171453125 0.9504479375000001 0.41310217812500005 0.9523979171875 0.41828267812500003 0.9528534890625 0.437178828125 0.9489784015625 0.44154162656249996 0.9477801171875001 0.4456047703125 0.9449735406249999 0.4545640171875 0.9315239 0.46010262031250004 0.9106546890624999 0.463975309375 0.9054584406249999 0.46966117343749997 0.90042164375 0.46828478906250004 0.8971367140625001 0.472797415625 0.896742578125 0.4742339109375 0.8939686703125 0.47867373593749996 0.8940954484375 0.49078614375 0.884350646875 0.49718051562500004 0.8817490765624999 0.5372803234375 0.8800022937499999 0.5425657953125 0.8778305203125001 0.5578931375 0.8826059546874999 0.57265756875 0.8839043375 0.596261028125 0.8838707593749999 0.6237261515625 0.8899772484374999 0.638599784375 0.890494259375 0.639736621875 0.8861120515625001 0.634877821875 0.8645921546875 0.6338891421875 0.8529042718750001 0.628835653125 0.8271487296875 0.623943015625 0.7908610234375 0.618699071875 0.7627158125 0.6169502375 0.7583435 0.612469784375 0.7566312 0.5944277390625 0.7618996828125 0.5799993578125 0.76194914375 0.5750736515625 0.759670375 0.56206061875 0.74771604375 0.5555807625 0.7453006 0.5523268625 0.7460690859375 0.5431644703125 0.7515911296875 0.5221681828125 0.759236396875 0.503531059375 0.7631342609375 0.4733148375 0.7673321484375 0.4425526203125 0.7754368890625 0.42174678437499996 0.785471825 0.38633057656249997 0.7968585 0.3681877921875 0.8066003078125 0.3643472734375 0.809690125 0.36117463125 0.8136296453125 0.36025618593750003 0.8164491109374999 0.36577018125 0.8332807890625 0.3794553203125 0.8479308015625 0.3945938703125 0.8671908078125 0.40126841406249997 0.8738418921875001 0.40938367812500004 0.8795650453125001
9 0.5839252593750001 1 0.5881980437500001 0.9978528015625001 0.601014728125 0.9886972500000001 0.6505943984375 0.9585181203124999 0.65083650625 0.9511569953125001 0.6451066828124999 0.9208597968750001 0.6443448578125001 0.9113011234374999 0.6406398140625 0.8927829218750001 0.6388224078125 0.890777496875 0.6212450984375 0.88896809375 0.5996647546875 0.8839064249999999 0.5621103375 0.8824495000000001 0.5536717062500001 0.8809164328125 0.54289761875 0.8773323843749999 0.5372803234375 0.8800022937499999 0.53084109375 0.8791723703125 0.49706708749999995 0.8806844703125 0.48949524687499996 0.886082728125 0.48491827968749995 0.8906897296875 0.48370441093750005 0.8937468718750001 0.4848581703125 0.8967485703125 0.5117933203125 0.9460483140625 0.5177805046875 0.9594940515625 0.5246133328125 0.9706412390624999 0.5300418390625 0.9824559031250001 0.5403198484375 1 0.5839252593750001 1