26 0.2474682125 0.5392605921875 0.2495275359375 0.5434810999999999 0.253897734375 0.5453643546875 0.2548642859375 0.5317195578125 0.26387778125 0.5310755984375 0.2748777359375 0.524017584375 0.28554005625 0.5242509531249999 0.2901558171875 0.5216789109375 0.291877709375 0.50557935 0.2880261734375 0.5055894999999999 0.287426534375 0.5019610218749999 0.28439008593750004 0.5023338500000001 0.28266661875 0.5008486828125001 0.282442715625 0.49902513437499996 0.2800161109375 0.4980890484375 0.27751743125 0.495310771875 0.260727015625 0.5041595453125 0.2392919875 0.520365765625 0.231770403125 0.524374378125 0.23771091875 0.5325916953125 0.24477527187499998 0.538665721875 0.2474682125 0.5392605921875
26 0.36607018125 0.6640862046875 0.366712425 0.6673201125 0.368664128125 0.6722336624999999 0.3727809328125 0.6759546875 0.3781603453125 0.6776931984375001 0.3846308296875 0.6794753203125 0.3880377578125 0.6812655109375 0.3938706875 0.6848436421875 0.3980062375 0.6845812484375 0.40492132812500004 0.6829960140625 0.41131088125000004 0.6801256578125 0.418854771875 0.6736781109375001 0.424229021875 0.6655338453125 0.42531118437500004 0.6603704796875001 0.425083875 0.65352746875 0.424511159375 0.6458679968750001 0.42226059375 0.639518815625 0.41783164375000004 0.6284066 0.415513596875 0.6255011421875001 0.4115662875 0.6223049656249999 0.405023634375 0.6189366796875 0.400135859375 0.6180644765625 0.3931654671875 0.617202603125 0.3862186640625 0.619527909375 0.3781978203125 0.6230893359375 0.375172709375 0.6264054546875 0.370605346875 0.6311378859375 0.36855912968750004 0.6354380578125001 0.3646232359375 0.64131990625 0.3638082171875 0.6486589828125 0.36388101562499997 0.6572386921875 0.3635679515625 0.6626757078125001 0.3644260875 0.6636745984375 0.363926171875 0.664594846875 0.36607018125 0.6640862046875
26 0.48166051562499995 0.617008728125 0.4909240078125 0.617079575 0.48808609062499997 0.6119908390625 0.48886136406249997 0.608111184375 0.495353196875 0.6072723843750001 0.49906699843749996 0.6080246484375 0.50095159375 0.6069877453125 0.503528240625 0.6066713734375 0.50942563125 0.60554450625 0.51697836875 0.6064295390625001 0.5186680953125 0.603805546875 0.5231426546875 0.5960065484375 0.526177740625 0.58959256875 0.526469040625 0.5804948203125 0.5241770046875 0.5749363078124999 0.52022294375 0.57058873125 0.5145160609375 0.5634357453125001 0.5106594375 0.55988173125 0.50014365625 0.5545274578125 0.492716028125 0.5530229328125 0.48796247968750006 0.5519955703125 0.47822616562500003 0.5529896671875 0.46453682812499997 0.5611145734375 0.458504321875 0.5676952171874999 0.45420360156250006 0.5752714859375 0.4533664328125 0.584839 0.45537384531249997 0.5962724203125 0.46221455312500004 0.6061054828125 0.47042498125 0.6123469578125 0.48166051562499995 0.617008728125
25 0.4061161078125 0.612913678125 0.4118097328125 0.6162354859375 0.4186507171875 0.6185699062500001 0.42656223437499996 0.6192915 0.4364577734375 0.6172299781249999 0.45990966875000006 0.6050389078125 0.460357590625 0.602871825 0.45836640468749995 0.6009878453125 0.45657539375 0.5983453328125 0.4550200703125 0.5952335125 0.4540705046875 0.5916803359375 0.4536431421875 0.5887969921875 0.452823221875 0.585484734375 0.450879890625 0.5843674765625 0.44325690156249997 0.581122878125 0.4379810734375 0.5786069781250001 0.43479086093749997 0.5756090265625 0.4268752546875 0.5727393234375 0.424838121875 0.569938753125 0.4246542625 0.56476384375 0.42291941875 0.5625865078125 0.4189544921875 0.5578758546875 0.4109656515625 0.54337729375 0.4047473640625 0.5396212499999999 0.3983240703125 0.534195546875 0.395488625 0.5276513765625 0.395226496875 0.520000328125 0.3972506765625 0.5154412015625 0.395374778125 0.5185447062499999 0.39260530781249997 0.5235405265625 0.3845086734375 0.536808971875 0.3778665671875 0.5515918265625 0.3753716640625 0.5622678343749999 0.3722553984375 0.5713271296875 0.37228256875 0.5853240265624999 0.3738254734375 0.5944461265625 0.3766844171875 0.6091205328125 0.38129239375 0.60876636875 0.39336972812500004 0.608976465625 0.4013103421875 0.6082131046875 0.4061161078125 0.612913678125
25 0.44288612031249996 0.4336757953125 0.4379217921875 0.44662549531250006 0.4350916953125 0.46834720937499996 0.42287344375 0.485930990625 0.4106587046875 0.5018213312500001 0.40064675781250003 0.509822675 0.397897759375 0.51437065625 0.4033138625 0.5095589296874999 0.42896128281249996 0.4996304921875 0.4511612734375 0.49012535 0.46409619375 0.48514747343750003 0.463781846875 0.482587328125 0.46525430781250005 0.47619215 0.4654426890625 0.470371428125 0.464129340625 0.467030034375 0.46364910937500003 0.4640383015625 0.464476053125 0.46066009062499996 0.46869763593749997 0.4555092046875 0.46830314531250006 0.45137705156249996 0.4698091328125 0.448932365625 0.47173260937499994 0.4462104421875 0.469582403125 0.44432766562500003 0.47136359375000003 0.44320505312499997 0.4751658109375 0.4392355421875 0.47453570312500004 0.4348687328125 0.47841992343750006 0.432063928125 0.4854832078125 0.427599025 0.49244058281249997 0.42399363125 0.49953295000000003 0.41804377031250006 0.518099875 0.41428266562499994 0.5166536671874999 0.383562846875 0.507654109375 0.39292126875 0.49680548281250003 0.4027183484375 0.4895339265625 0.4072088265625 0.4835156078125 0.4098524109375 0.4819295921875 0.4089890203125 0.4616639953125 0.3782520609375 0.4526830015625 0.391205834375 0.44924204218749997 0.406230515625 0.44554161406250004 0.420863809375 0.44288612031249996 0.4336757953125
2 0.47301448125 0.7724058671875 0.480441209375 0.791111303125 0.48206826718749995 0.7916288265625 0.48634098750000004 0.7839519703125 0.4994871703125 0.7757810984375 0.5198567828125 0.7688214703125 0.541734803125 0.765610646875 0.5659590921875 0.7665703125000001 0.5825344875 0.769255959375 0.5934669796875001 0.7707985515625 0.595255221875 0.7640222609375 0.6023921734375 0.76026101875 0.6046836671875 0.7597173828125 0.5576298609375 0.5728262156249999 0.5273827484375 0.580433328125 0.5259639359375 0.5890586718749999 0.523609396875 0.594948875 0.5201838609375 0.6023708546875 0.518177353125 0.606538 0.5097387531249999 0.6061738546875 0.5016412375 0.6074481546875 0.49812565 0.6084399265625 0.49457851406250003 0.6080352984374999 0.48960004531249995 0.6085065453125 0.4896077109375 0.6131265109374999 0.49089427968750005 0.6156290656250001 0.49137317031250005 0.6172505968750001 0.4840999 0.6176158828125 0.47259521875 0.6139964359375 0.46584958125 0.6093613296875 0.4603390140625 0.6037637625000001 0.45454043750000006 0.607487646875 0.4424682390625 0.6136463156249999 0.439111121875 0.6153266890625 0.433506503125 0.6180760656250001 0.4247382828125 0.619824909375 0.418971971875 0.6193564984375 0.4150903578125 0.6171441234375 0.41664824375 0.6250459187499999 0.41803434531250006 0.6294974015625 0.4208703171875 0.637552240625 0.42270044218749997 0.6422013 0.424327278125 0.6451947078125 0.42480040468749997 0.6463130406250001 0.4252388625 0.6492002703125 0.42591666874999995 0.6513018421875 0.4275813828125 0.6559712109375 0.42949421406250005 0.6606101125 0.44594028281250003 0.7050990171875 0.46410733750000005 0.7491424531249999 0.47301448125 0.7724058671875
7 0.4651667828125 0.4678588921875 0.46600349375 0.47146388124999994 0.4659805828125 0.4765891921875 0.4774636765625 0.475727653125 0.49140531875000004 0.4700963265625 0.498593371875 0.46653196562500004 0.5029422921875 0.46166588906249995 0.5101973078125 0.450254271875 0.5111161 0.44766597187499996 0.5147072374999999 0.4534137484375 0.5309944703125 0.4668857125 0.5464298875 0.4750987125 0.5545661578125001 0.4792569609375 0.559236040625 0.478683571875 0.5647895296875001 0.48027089062500006 0.5815884375 0.479445984375 0.5908000437500001 0.4789338109375 0.59610405625 0.4639447828125 0.6020119640625 0.44588297656250003 0.6109832328125 0.42316445312499995 0.6316168953125 0.425767671875 0.66067925 0.413424040625 0.6857391234375 0.4015718640625 0.6935957984375001 0.3958985140625 0.691120896875 0.388311984375 0.6920849390625 0.3869778890625 0.6904218921874999 0.38544533593749997 0.6909824703125 0.3829450515625 0.6895113687500001 0.3815626140625 0.6902533828124999 0.3791268859375 0.6881629953124999 0.377646803125 0.6890205546875 0.37615211406250004 0.6862268375 0.37389001718750003 0.6875461359374999 0.3712097390625 0.685337128125 0.3694701984375 0.6868574296875 0.36772044843749996 0.6845946656249999 0.3669562375 0.6863069140625 0.3653566015625 0.684183571875 0.364314753125 0.6850320671875 0.3620396359375 0.6829626875 0.3607306453125 0.6842370859375 0.359097934375 0.681750865625 0.3579269625 0.6816907140625 0.3560239265625 0.684792915625 0.353732603125 0.6878368390625 0.35379304375 0.689571521875 0.351669625 0.691622778125 0.3514177625 0.6929420625 0.348737484375 0.6979476828125 0.340945978125 0.69902681875 0.3348294703125 0.6988636968749999 0.326545159375 0.7045694250000001 0.3203490671875 0.702114478125 0.316254078125 0.70057274375 0.31363456093750003 0.697331440625 0.3120785828125 0.6894890484375 0.3127972625 0.6839385 0.3093266125 0.67818378125 0.310155328125 0.667674184375 0.314987296875 0.662457328125 0.31721544062499996 0.662304321875 0.304044984375 0.6158403828125001 0.3081287234375 0.611287709375 0.3104038984375 0.6101943859375 0.2987017421875 0.6115029765625 0.28527769375 0.6114969765625 0.2816611453125 0.6142863984375 0.27583791406249997 0.61753695625 0.26217541875 0.6213480296875 0.2512940828125 0.6125438984375 0.24380809218750002 0.5982812 0.2364613171875 0.57403683125 0.22348391093750003 0.570553103125 0.21584322031249997 0.5631687546874999 0.2127156796875 0.5357539 0.1967600078125 0.51446005625 0.2012855046875 0.526299496875 0.20959887031250002 0.54965855625 0.21671012968749997 0.5534423828125 0.21815647500000002 0.5264779359375 0.23696719375000003 0.5004637749999999 0.2635173484375 0.486973309375 0.283221596875 0.48039843437499996 0.29548347812500003 0.47685531093750005 0.317469115625 0.47765739687500003 0.3240015859375 0.5173266265625001 0.2922244484375 0.5209530546875001 0.29063151249999997 0.5239870062499999 0.2873260640625 0.5251537671875 0.28437740312500004 0.5354790609375 0.2896130515625 0.5437541671874999 0.2926775828125 0.544824296875 0.29336144062499997 0.5452474921875 0.2950796375 0.5474250203125 0.29495388437500003 0.547386071875 0.296941246875 0.5493961859375001 0.2977565296875 0.5498707625 0.2998932578125 0.551220575 0.29993994218750003 0.5516597265625001 0.30236424375 0.5534802390625 0.302211521875 0.55378974375 0.3041560984375 0.5556616437499999 0.304421903125 0.5560762734375 0.3060703453125 0.557215840625 0.3067092953125 0.557968009375 0.309378390625 0.5597005312500001 0.30966130937499997 0.55898298125 0.311307153125 0.5606715078125 0.31180789375 0.5616266875 0.31382582187499997 0.5630450125 0.31443054375 0.5632139671874999 0.316958828125 0.56411994375 0.3168475890625 0.565368515625 0.31952654062499997 0.567379796875 0.31977523125 0.5668798859375 0.32146515937500003 0.56874205 0.3222278046875 0.5685979796875 0.32451130156249997 0.5704270609375001 0.3244283296875 0.5710410218749999 0.32654794531250003 0.5720240703125 0.3270644984375 0.5728202453125 0.32951577187500003 0.5746750109375001 0.3296420671875 0.573720675 0.33339240625 0.5618740421874999 0.34291891875 0.5170896109374999 0.3836692484375 0.5168150703125 0.384863678125 0.5182880203125 0.41456423906250006 0.49996639062500003 0.418316746875 0.4950274765625 0.42237225624999997 0.4864848046875 0.42763671875 0.48001944218750003 0.4309179140625 0.47532563124999994 0.43441308593750005 0.47531518437500003 0.43946318125 0.47016244531250007 0.44435579531249997 0.47200983750000003 0.44720557968749997 0.4688021171875 0.44996607187500004 0.46911179062499997 0.45505575 0.4644986390625 0.461775415625 0.46388459531250004 0.4638352765625 0.463752715625 0.4666125390625 0.4651667828125 0.4678588921875
21 0.2853447 0.3506778046875 0.2764534125 0.349815403125 0.27048067656249997 0.3468847828125 0.26271839375 0.338586846875 0.2605879109375 0.3385381265625 0.2598441359375 0.3427188171875 0.2613877765625 0.354010978125 0.25178730312500003 0.356448028125 0.2531507328125 0.365774215625 0.2535118796875 0.368715509375 0.2577368109375 0.38256865625 0.25962090312499997 0.386700946875 0.2613565890625 0.3942964265625 0.26377612031250003 0.3990519625 0.2656683984375 0.40605405 0.2667722734375 0.41971624375000005 0.267087953125 0.4241559515625 0.26297367656250004 0.4261539390625 0.26353747968749996 0.43354880937500007 0.2597780640625 0.43469939999999996 0.2609050703125 0.442943775 0.259011478125 0.44340594375000003 0.2542803359375 0.4431830296875 0.2501559703125 0.44323011093750003 0.24675901718749998 0.43985774062500005 0.2439454515625 0.4412366921875 0.2447031265625 0.443669971875 0.2476145265625 0.44766991562499997 0.25763005625 0.45731886718750003 0.2669175125 0.4651874453125 0.2784967375 0.4668253296875 0.27986782187500003 0.47107645312499996 0.28371941093749997 0.47893255312500005 0.292373759375 0.49115206718750004 0.29656540468750003 0.492888178125 0.3049125265625 0.4932483828125 0.314329725 0.4910532703125 0.32100803437500003 0.4848660296875 0.325209159375 0.4923145 0.32760346406249996 0.4878652296875 0.3366666078125 0.471516346875 0.31986639375000003 0.4652747625 0.3222328953125 0.4603015109375 0.32973631718749996 0.4486714921875 0.34061837968750003 0.4403113171875 0.346597771875 0.4353201515625 0.3525584578125 0.42671284218750005 0.361730678125 0.409622928125 0.36372615625 0.4068237296875 0.3693976859375 0.41144858749999996 0.3685667578125 0.408145015625 0.36766915 0.39910269062500003 0.368910940625 0.39362898281250003 0.3728539234375 0.3859079875 0.3797778 0.3799494546875 0.396979653125 0.3918853875 0.40378645156250004 0.39190101875 0.40673456406249997 0.396860271875 0.4152137890625 0.3983733484375 0.42592729531250006 0.3955679484375 0.42447748125 0.383760159375 0.4249972578125 0.36028289999999996 0.42143939843749995 0.35901695624999996 0.40811601875000003 0.35788582343750003 0.39610818124999997 0.3536132625 0.38535025312500004 0.35259283125 0.366113084375 0.3500593140625 0.35010504375 0.345713465625 0.342285915625 0.3414569375 0.334779471875 0.333379984375 0.32908583281250003 0.3252108609375 0.32403398125 0.3169629390625 0.324411925 0.31261284218749996 0.3263481015625 0.30715850312500004 0.32496055625000003 0.30328602031249996 0.32019050781249997 0.2983942828125 0.31724107031250004 0.30514675625 0.3142974390625 0.3013349140625 0.3081102203125 0.3093080140625 0.3075278828125 0.319421459375 0.3038011390625 0.32196568281250004 0.3066610265625 0.34341945625000003 0.303594725 0.3442844734375 0.2992000875 0.3482437875 0.2951466359375 0.3470316328125 0.2853447 0.3506778046875
0 0.30122823906249996 0.6344241187499999 0.309988471875 0.64728774375 0.3151632375 0.6451277578125 0.332454515625 0.6784360765625 0.345933740625 0.6703019046875001 0.34982793125 0.6692646953125 0.358247721875 0.667783628125 0.3645242984375 0.66522395 0.36376134531250004 0.66173961875 0.36364887343749996 0.6562745953125 0.3634435734375 0.6491437765625 0.3641826078125 0.64424508125 0.3651380375 0.6411088171875 0.37026128593749996 0.6309756656250001 0.37773061874999997 0.623573396875 0.3831556984375 0.6204473968750001 0.393339990625 0.616960665625 0.40436653125 0.6185139140625 0.41046785 0.62089551875 0.4167954 0.6269391875 0.4148483734375 0.6174505328125 0.406526965625 0.6130008578125 0.4008588421875 0.6075984046875 0.3917727984375 0.6098030328124999 0.37663894375 0.6088298234375 0.37618747343750003 0.6069250671875001 0.3728618578125 0.595789971875 0.37186433750000003 0.5858936359375 0.37102850468750004 0.5755418359375 0.352406003125 0.590460821875 0.3236710765625 0.6116308609375001 0.3077036296875 0.6251348375 0.30122823906249996 0.6344241187499999
0 0.6292972921875 0.6718273453125 0.614178803125 0.6692997578125001 0.6093485796875 0.670727865625 0.58784074375 0.68001083125 0.5889809609375 0.6897782593749999 0.593994415625 0.6935224484375 0.5930622 0.6964113078125 0.5907063671875 0.6981868515625 0.594898125 0.7162011625 0.5976243718750001 0.72389235625 0.6046766156250001 0.7200538812499999 0.6102779828125 0.7164926406250001 0.6210121515625 0.712003909375 0.6314434 0.7066606046875 0.632887209375 0.70390710625 0.6271126125 0.70283259375 0.615974221875 0.702416678125 0.6184061921875 0.6986331406249999 0.62262345625 0.6956102234375 0.6272115203124999 0.687114065625 0.635355546875 0.6973870484375 0.6548933171875 0.698537003125 0.6521350625 0.691360378125 0.6638570890625 0.6849108937499999 0.6607280375 0.6832075078125001 0.6436696671875 0.6750728609375 0.6381542140625001 0.6726186968750001 0.6292972921875 0.6718273453125
7 0.6864780328125 0.5215986874999999 0.6917944 0.5197273453125 0.7014809578125 0.5137949703125 0.7075271187500001 0.5157533171875001 0.7110066390625 0.521479590625 0.710064675 0.5283442593750001 0.7124134265625 0.5377823609375 0.714964128125 0.544019696875 0.7141181921875 0.551666571875 0.7158120921875 0.5590016015625 0.713736046875 0.5711665203125 0.7123082953125001 0.5886113421875 0.7172198875 0.586618778125 0.7231050390625 0.5860946703125001 0.7305630125 0.580613440625 0.7369033484374999 0.5724904359375 0.738397590625 0.5701234671875001 0.741132778125 0.5697876296875 0.746609746875 0.5659391328125001 0.7501056921875 0.5637233859374999 0.7515726265625 0.562749265625 0.74560380625 0.5092915812500001 0.7571664140625 0.48878496406250005 0.7619677828125 0.48104942343749996 0.7764048859375 0.45003545625 0.787953784375 0.42618690625 0.7824179124999999 0.4230951171875 0.7700953593750001 0.41964562968749997 0.7682169765625 0.41888376562499996 0.7629179453125 0.41933590781249996 0.7537180515624999 0.4170910140625 0.7379362234375 0.4080803765625 0.7270565953125 0.4034612203125 0.7082933765625 0.3976265484375 0.6921758515625 0.38749700468750004 0.692308371875 0.39139670312499997 0.69169525 0.3977438015625 0.6985573359374999 0.43977426406250003 0.6794627921874999 0.4459026609375 0.6747496578125001 0.457796190625 0.6659898046875 0.4718984375 0.656683275 0.48154834687500003 0.640140134375 0.49607456250000004 0.6184485953125 0.5097707437500001 0.612527334375 0.5164432437500001 0.6037994859375 0.5109993312500001 0.5966224 0.5030380109375 0.5935012953125 0.499077540625 0.585968475 0.4970549390625 0.5845405593749999 0.4955238125 0.5717012234375 0.494463021875 0.5597566765625 0.4943783046875 0.549113809375 0.492272184375 0.5419426546875 0.49067057812500003 0.530702678125 0.4912750109375 0.529723346875 0.4946254109375 0.5333665187500001 0.49907277343749995 0.5364265578125 0.5040812015625 0.5250896671875 0.503352165625 0.5238247359375 0.503670640625 0.5154579421875 0.541734409375 0.521168971875 0.5457647156250001 0.533232540625 0.5444466484375 0.5433915359375 0.5422203453125001 0.5446564671874999 0.5419018796875 0.5463493609375 0.53843089375 0.55514473125 0.5357193953125 0.54841889375 0.5566134359375 0.5464927109375 0.56614984375 0.5479271703124999 0.571194715625 0.5483443140625 0.573264521875 0.5575173703125 0.5723013734375 0.5593268046875 0.58040016875 0.5717958750000001 0.577074440625 0.5838818906250001 0.5746115265625 0.5923731250000001 0.5734057781249999 0.599686471875 0.5692446890625 0.6089663 0.5651684593749999 0.6152542375000001 0.5619490515625001 0.6233229328125 0.5612846546875 0.62487765 0.556688540625 0.6281934375 0.5544866953125 0.631954171875 0.5505986515625 0.6396281546875 0.5467195953124999 0.64496691875 0.5463903921875 0.6490263953125 0.5436077625 0.6581204984375 0.542001678125 0.66732409375 0.5359769328125 0.6751141265625 0.5326071953125 0.6827614921875 0.53099123125 0.6864780328125 0.5215986874999999
7 0.39716004531250004 0.7727823609375 0.40160383125 0.7685661609375 0.405329275 0.777824953125 0.40603444531250005 0.7835681046875 0.4080985765625 0.7852808515625 0.41384763593749996 0.7862534250000001 0.42135419843750005 0.7859311875 0.42188619374999997 0.78538630625 0.426214665625 0.7816177875 0.4303816328125 0.7775094328125001 0.4346685828125 0.772427228125 0.43746899843750003 0.7659689625 0.441866628125 0.77154341875 0.44653322656250005 0.77540638125 0.4539863609375 0.779526653125 0.4545183546875 0.7789817671875 0.4541222203125 0.770877853125 0.45131935468749995 0.7500013812499999 0.4464002609375 0.747008653125 0.443044184375 0.7440637953125 0.43609404375 0.7391624218749999 0.42553876874999996 0.72831219375 0.42082866093750004 0.7240949015625 0.41192792031250003 0.7140379578125 0.40821127500000004 0.707180984375 0.4041030734375 0.6971350421875 0.40015241250000005 0.6893476781250001 0.396806875 0.688439665625 0.3939063171875 0.6862781015625 0.388666196875 0.6816463328125 0.3759260671875 0.6771477703125 0.3688347890625 0.6773707156250001 0.3660388609375 0.6809527531249999 0.3646332015625 0.6800457671875 0.3613600203125 0.683254578125 0.3577627015625 0.6890941734375 0.355100928125 0.692011984375 0.35415822812500003 0.6983893015625 0.352506784375 0.700751234375 0.35546409687499997 0.7090247609375 0.35869331249999997 0.7142420859375 0.3553678765625 0.71702545625 0.3494364953125 0.721424328125 0.34854961093750003 0.7264992734375 0.34987803125 0.7390752296875001 0.35087406250000003 0.7454304140625 0.352108721875 0.751972209375 0.3627865890625 0.7510929671875 0.36510994375 0.7577170109375 0.36902892187499997 0.7632814671875 0.378424559375 0.766014315625 0.38880440781250003 0.7679785703124999 0.39716004531250004 0.7727823609375
0 0.452393959375 0.3484218 0.45086815781249995 0.3525403234375 0.45079994375 0.352548234375 0.451758753125 0.3585509390625 0.45275560312499996 0.359862659375 0.45306115468749997 0.3613787671875 0.4541776140625 0.361719725 0.454363565625 0.3642065953125 0.45543665781250003 0.36419435 0.4558867703125 0.36688780468750004 0.45695986250000004 0.366875553125 0.45752759843749996 0.369554571875 0.45876987343750003 0.37012634375000003 0.45849938281249997 0.3721749796875 0.4600783421875 0.372279690625 0.45995355312499997 0.3749076015625 0.46154154218750004 0.37508584843750004 0.46213116093749995 0.3776716390625 0.46352223906249995 0.377786003125 0.4636291078125 0.37981657968750004 0.464920090625 0.380275928125 0.465067209375 0.382634259375 0.467043409375 0.3824866671875 0.469285484375 0.3872878015625 0.4724962625 0.392626253125 0.47675644687499996 0.3993351734375 0.4816548125 0.4069358796875 0.48406295468750005 0.4086079359375 0.48983767343749995 0.406840546875 0.493853496875 0.40581829843749995 0.5025820609375 0.3972499734375 0.5351719453125 0.36749140625 0.5559037515624999 0.348452415625 0.5723360328125 0.33483645 0.574847640625 0.33129850625 0.5744620828125 0.3296333515625 0.5724244859375001 0.32950869374999997 0.5723103218750001 0.32674885468750003 0.5704009140624999 0.32705827187500003 0.5707566703125 0.324465640625 0.568368271875 0.3245339859375 0.5687784546875 0.32238449375 0.5664727390625 0.32190624375 0.5672233921875 0.3200897875 0.56436630625 0.319391028125 0.5652282734375 0.317261028125 0.562839875 0.317329378125 0.5628642140625 0.314477565625 0.561260265625 0.314224690625 0.560720275 0.3122668234375 0.559024409375 0.311875303125 0.5593426609375001 0.30958715468750003 0.5573050515625 0.309462496875 0.5571624484375 0.30708099375 0.5559466421875 0.3057192296875 0.5553963375000001 0.3042874203125 0.5536073125 0.3043571484375 0.5530128984375 0.30195615 0.5514724390625 0.30222026562500004 0.5513298234375 0.2998387609375 0.5497440124999999 0.299733603125 0.54916775 0.2974803171875 0.547490015625 0.2972365015625 0.54697846875 0.2949003046875 0.545234778125 0.29533930625 0.5447582609375 0.293898434375 0.5430986671875 0.2938023359375 0.5424939531249999 0.291927384375 0.525574753125 0.284673646875 0.5217410328125001 0.29045729531250003 0.518724765625 0.2928678390625 0.5167798343750001 0.292936628125 0.5128623796875 0.2963079 0.495612184375 0.31047942968750003 0.4723067703125 0.3274987296875 0.4561940328125 0.338559515625 0.45245598906250006 0.34010295625000003 0.452393959375 0.3484218
7 0.6148776093749999 0.609851978125 0.6417048859375 0.61316318125 0.67247073125 0.6126881984375 0.697690459375 0.6073898796874999 0.7078032000000001 0.6000934453125 0.7078793921875 0.59623106875 0.704026625 0.5917502453125 0.6919178515625 0.5200296265625 0.68662845 0.5217799453125 0.6800355703125 0.5308459234375 0.6322215921875001 0.549376665625 0.6250960671875 0.554104590625 0.6214238234375 0.5600598 0.6134231390625 0.5621430234375 0.5990389265625 0.5705143609375 0.5970312015625 0.5900259812499999 0.593159215625 0.594354421875 0.5986957203125 0.603582390625 0.6148776093749999 0.609851978125