2 0.71965246875 0.30276445 0.708300025 0.292579984375 0.68343661875 0.287977771875 0.664759134375 0.2797672828125 0.626899746875 0.27288660625 0.561309790625 0.25423873750000003 0.5522813578125 0.2546010671875 0.522236434375 0.323567225 0.5434421515625 0.37479650000000003 0.5485452921875 0.3785117234375 0.5672051703125 0.3839229015625 0.5818904625 0.3855735640625 0.59269975625 0.399139846875 0.6051455421874999 0.4036804015625 0.6752109828124999 0.4159886234375 0.7266095046875 0.4217659453125 0.7480423828125 0.32962526875 0.7723168671875 0.330331096875 0.7688783859375 0.3220690390625 0.7609151265625 0.31230856406249996 0.7501551281250001 0.306580346875 0.71965246875 0.30276445
15 0.5848384921875 0.7645774609375 0.591126525 0.7772051875 0.5827644765625 0.7937808656249999 0.5789131281250001 0.8096155203125001 0.6070530453125 0.7967261406249999 0.621226875 0.8067973765625001 0.6421403421874999 0.8115581109375001 0.6443305500000001 0.8008301515625 0.64990994375 0.79052618125 0.66174568125 0.787811178125 0.6656252 0.77645541875 0.6718252078125 0.77508659375 0.675175659375 0.7693521 0.69576166875 0.722045671875 0.7214296921875001 0.6750952953125 0.7214085671875 0.6717361234375 0.7185730968749999 0.6696099046875 0.7072699484375 0.6672635062500001 0.6882042390625001 0.6870687609374999 0.6797576859375 0.6902077531249999 0.6752293859375 0.688149471875 0.670066384375 0.6749165953125 0.6609745703125001 0.6652014109375 0.65193909375 0.6644440140625 0.6363752421875 0.7025888390625 0.6297834890625 0.7314135484375 0.6208219546875 0.742413253125 0.611744221875 0.7349375140625 0.61059454375 0.731623634375 0.5845744140625 0.7225878140625001 0.5704533984375 0.7209145078125 0.564432965625 0.7508362921875 0.5729605015625 0.7605741234375001 0.5848384921875 0.7645774609375
2 0.44848683749999996 0.533168146875 0.45300105312500005 0.53298698125 0.4776531984375 0.503997478125 0.495068328125 0.490978503125 0.5814494203125 0.40519137968749996 0.56890504375 0.3849746875 0.5451385015625 0.37528842500000004 0.53826154375 0.3587643140625 0.520659796875 0.3421106046875 0.5105450609375 0.34923656875 0.39499760625 0.4641943609375 0.37881314062500004 0.49340404375 0.37996634218750003 0.49727778593750005 0.4111177828125 0.5145077234375 0.44848683749999996 0.533168146875
2 0.33375456406250004 0.5982529328124999 0.32918309843750004 0.6790768640625 0.349592146875 0.6933778968750001 0.349070121875 0.7001188890625001 0.3417521234375 0.7032125890625001 0.34008745937499996 0.7077594203124999 0.3451870828125 0.71091478125 0.3508298546875 0.7106883265625 0.41958012343749995 0.6933691546875 0.4212623921875 0.6916216328125 0.42271579375 0.6534830828125 0.44523406562499995 0.644179334375 0.44668042343750003 0.6049210578124999 0.41093730156249997 0.575555321875 0.390640928125 0.5791698734375 0.3675513375 0.5873765453125 0.3506406265625 0.590855221875 0.33375456406250004 0.5982529328124999
7 0.350079871875 0.5914377296875 0.3720585125 0.5860756578124999 0.3821838125 0.580629278125 0.382169728125 0.5783898328125 0.37760269375 0.5701730671874999 0.36909980625 0.56435426875 0.376950390625 0.5561991640625 0.3763297765625 0.54726401875 0.3479609921875 0.523762371875 0.33553985000000003 0.52314085 0.3292975890625 0.5177913296875001 0.32534412968750004 0.5173899875 0.3214188359375 0.521467540625 0.3203395765625 0.529350896875 0.33282409375 0.5400499359375 0.33399138281249996 0.5461631265625 0.32337926562499997 0.5639491125 0.31563783437500004 0.5894599375 0.3088911546875 0.59365071875 0.30836913125 0.6003917078125001 0.3179900109375 0.60448563125 0.319153778125 0.61003895625 0.3253819515625 0.6131490281249999 0.3305027 0.6196635625 0.334879596875 0.59764778125 0.350079871875 0.5914377296875
2 0.5102713265625 0.21596677656250002 0.43855178749999996 0.20988497499999997 0.4005154375 0.26461175937500003 0.389920928125 0.2851970546875 0.36555046875 0.3589755140625 0.41155269062500005 0.4041696265625 0.430854309375 0.42187512343750005 0.435946890625 0.423910759375 0.48812537968749997 0.37421645625 0.5116771375 0.349751140625 0.5167063375 0.3417092640625 0.5240384203125 0.3408550078125 0.5228007109374999 0.3235445765625 0.5450337796875 0.2688920078125 0.503626759375 0.23639355625 0.5047165812500001 0.23018978437499998 0.51198880625 0.21981787343749998 0.5102713265625 0.21596677656250002
2 0.36611826875000003 0.3595127296875 0.3660830578125 0.3539141109375 0.39438233125 0.2766179625 0.42903653906250006 0.2225869125 0.42671252812500005 0.21204011718750002 0.423866496875 0.2082343109375 0.41595253125 0.20631190312499997 0.40692761875 0.2072340921875 0.399006609375 0.2041919578125 0.3679502375 0.20207829375 0.35212582812500004 0.19879333593749998 0.32786190937500004 0.1997670953125 0.30865535781250003 0.197177871875 0.30366841093749997 0.21193809375 0.3037141828125 0.21921629843749998 0.36401960624999996 0.3847971015625 0.371411546875 0.3934605 0.39691669375 0.41035703124999995 0.40884045625 0.42163857499999996 0.4241252359375 0.4288652125 0.42862537031250003 0.42644460000000006 0.428590159375 0.42084598125 0.369528578125 0.36329589218749997 0.36611826875000003 0.3595127296875
2 0.3049852859375 0.421326465625 0.308360384375 0.41951100625000004 0.31119937656249996 0.42219708593750005 0.32225605156250003 0.3853531484375 0.337470409375 0.381382546875 0.344760240625 0.37380995 0.337830465625 0.3488879078125 0.33531632031249997 0.30810856875 0.3129186703125 0.2468470671875 0.3101289765625 0.2519990515625 0.28432362968749997 0.2771148125 0.26326944375 0.339724021875 0.264156484375 0.4807675265625 0.2935122171875 0.48170725000000003 0.29289864374999997 0.4738918296875 0.2883351328125 0.466234925 0.29501490937499997 0.4514067703125 0.30007228124999996 0.447843784375 0.3049852859375 0.421326465625
2 0.41686789218750003 0.7108381046875001 0.41966815156250004 0.70736570625 0.419587165625 0.6944888812500001 0.3446192828125 0.710377565625 0.34008745937499996 0.7077594203124999 0.3400698546875 0.704960109375 0.34907364375 0.700678746875 0.3484600703125 0.692863328125 0.3376824671875 0.6843358 0.3303292578125 0.681830884375 0.3199460125 0.736007896875 0.36632237343749996 0.7509468203125 0.363476340625 0.7471410109375001 0.350448671875 0.7398237953125 0.3504310671875 0.737024484375 0.3645485578125 0.73813793125 0.3866046640625 0.7450928203125 0.41929401093749996 0.7376208953125001 0.41914964687499995 0.7146665578125 0.41686789218750003 0.7108381046875001
4 0.5100149734375 0.8034204890625001 0.516892840625 0.730344040625 0.5060800234375 0.7162178953125 0.4942125984375 0.7138941437499999 0.47985476406250005 0.7643106421875 0.47817249687499996 0.766058165625 0.4567405265625 0.76859828125 0.45506882187500003 0.7720253921875 0.4694010984375 0.8072904171875 0.47510020624999993 0.8160217515625 0.48644912968750004 0.8256463578125001 0.49772763124999997 0.8240737203125 0.5056451187500001 0.826555990625 0.5100149734375 0.8034204890625001
2 0.5257664609375 0.346385690625 0.5302736359375 0.3450848015625 0.5233579453125 0.3224022078125 0.5450372984375 0.2694518703125 0.538216678125 0.2618855484375 0.5030624828125 0.2364162 0.5030307921875 0.23137744374999997 0.51255308125 0.21979523125 0.5108320843749999 0.21538427031250001 0.43855178749999996 0.20988497499999997 0.4089021328125 0.2519551125 0.38880997968750003 0.2880416578125 0.366086578125 0.35447397187499996 0.36612178906250004 0.3600725921875 0.43198990625 0.42294955468750006 0.4376361984375 0.4232829609375 0.45840178125 0.40452949218749995 0.5004514515625 0.3597217046875 0.5100019109375 0.3526183859375 0.5161526234375 0.3434114921875 0.51953124375 0.342155896875 0.5257664609375 0.346385690625