7 0.6517382796875 0.1167699375 0.7080322203125 0.16480272812500002 0.744549128125 0.1906455859375 0.75082870625 0.21596064843749999 0.763417184375 0.2649109203125 0.77735446875 0.23658801875000002 0.7905208828125 0.1561603921875 0.784534525 0.114046815625 0.784681134375 0.10564755625 0.7572170687499999 0.1387754390625 0.7070560968749999 0.12445696718749999 0.653623384375 0.1050402984375 0.6517382796875 0.1167699375
7 0.3375558828125 0.2104273078125 0.3709183390625 0.2244525578125 0.41452733437499995 0.1327937671875 0.4592883875 0.071401625 0.5045857390624999 0.075553021875 0.5783232796875 0.0869222953125 0.5867225390625 0.0870689046875 0.5268636390625 0.050736429687499994 0.46836205 0.0329116484375 0.42598457500000003 0.0540166703125 0.40741824062500004 0.058733684375 0.3642490734375 0.1251947015625 0.3375558828125 0.2104273078125
7 0.6360624984375 0.148423221875 0.648583828125 0.10495233281250001 0.49633309218750005 0.067007153125 0.47110599375 0.0682471765625 0.4617391125 0.123535671875 0.5846908234375 0.1071978015625 0.590765146875 0.14427182656249998 0.6006390046875001 0.1562067203125 0.6343826453125 0.1483939 0.6360624984375 0.148423221875
7 0.48379094062499994 0.2079387609375 0.464089553125 0.37395085156249996 0.5172791875 0.3110254703125 0.6003627890625001 0.364566965625 0.6206382953125 0.3581994234375 0.6497150671874999 0.2326797015625 0.642937015625 0.23592211718749997 0.5661623125 0.2060158296875 0.48379094062499994 0.2079387609375
7 0.6614153843749999 0.2362446578125 0.6655667796875 0.1909473078125 0.6169976921875 0.1816977140625 0.5750307234375 0.17928481406250002 0.5131694312499999 0.1614013859375 0.49893892656250005 0.2065228046875 0.55605388125 0.20751974999999998 0.6128756171874999 0.22531521250000003 0.6543136578125 0.23838404375 0.6513362734375 0.23606872656250003 0.6614153843749999 0.2362446578125
7 0.6368418734375 0.29630880937500004 0.6222595046875 0.3615884484375 0.6036345265625 0.36966516562499996 0.6418312859374999 0.39553734375 0.66956775 0.44307166249999996 0.724319946875 0.3868950078125 0.6916318953125 0.3342331703125 0.64014293125 0.29972715625 0.6369298390625 0.2912692546875 0.6368418734375 0.29630880937500004
7 0.417447209375 0.1580501859375 0.41482905625 0.21177611562499998 0.44674623750000003 0.2123332328125 0.44049598124999995 0.18533831875 0.5044183109375 0.1814129953125 0.45906231562500005 0.180621303125 0.4593262125 0.1655026390625 0.604028028125 0.15458551250000002 0.6376837046875 0.151812246875 0.64504819375 0.1149727984375 0.6066461828125 0.1008595828125 0.57626224375 0.1087310453125 0.5813017984375 0.10881901093749999 0.500522309375 0.115810815625 0.41116763125 0.1327351234375 0.417447209375 0.1580501859375
7 0.43859005624999997 0.294528675 0.43880381249999995 0.378550578125 0.4624097 0.3739215296875 0.485470790625 0.20796808281249998 0.5056583328124999 0.2066400921875 0.49943739843749996 0.17796532812500002 0.497728225 0.1796158578125 0.4437677203125 0.19043651718750002 0.43859005624999997 0.294528675
7 0.682453259375 0.1862009703125 0.71932203125 0.19188560937500002 0.731286246875 0.1803319 0.6467280468750001 0.11500212031249998 0.6289912281250001 0.16846415312500002 0.682453259375 0.1862009703125
7 0.735240890625 0.2425743765625 0.7389231359374999 0.224154653125 0.7460823703125 0.199074165625 0.6673052734375 0.187616925 0.6673345953125 0.1859370734375 0.6673639171875 0.184257221875 0.6656840671875 0.1842279 0.6655374578125001 0.192627159375 0.6419107484375 0.2947169234375 0.693282425 0.33594234218749996 0.735240890625 0.2425743765625
7 0.66362303125 0.20603665000000002 0.6435906015625 0.2947462453125 0.675067953125 0.32050113593749996 0.711291640625 0.363142509375 0.7229626359375 0.36838731875 0.7233731437500001 0.3448693953125 0.7403769125 0.33340365312500003 0.7341266578125001 0.3064087390625 0.76173733125 0.26488159843750003 0.7457011859375 0.22091223593749998 0.7440213328125 0.2208829140625 0.74451980625 0.1923254375 0.6673052734375 0.187616925 0.66362303125 0.20603665000000002
2 0.4708969265625 0.3690285859375 0.4277277578125 0.435489603125 0.449155321875 0.4593887109375 0.46271142187500003 0.45290387968749996 0.4959565921875 0.4736485359375 0.571080765625 0.50184565 0.5694595578125 0.49845662500000004 0.5941881812500001 0.5257740796875 0.6762578343750001 0.444868803125 0.6530624515625 0.42597992656250006 0.640210078125 0.39214831875 0.5222600984375 0.3144731390625 0.4708969265625 0.3690285859375
7 0.45086449531249995 0.45773818125 0.4277277578125 0.435489603125 0.43801212031250003 0.4239065734375 0.41640862500000003 0.41008657499999995 0.43031658906250003 0.3834435234375 0.43414544375 0.35662454062500004 0.412483303125 0.346164246875 0.36497830625 0.37222085781250003 0.4834645828125 0.515439575 0.49887646874999997 0.49890495625 0.513731234375 0.5142875171875 0.5308522906250001 0.49610236875 0.5275805546875 0.4910041703125 0.46937218593749996 0.456380871875 0.45086449531249995 0.45773818125
7 0.4521924828125 0.477925721875 0.366511546875 0.38064943906250004 0.3680741125 0.38739816875 0.3370744125 0.430546515625 0.440081659375 0.4978786890625 0.4521924828125 0.477925721875
7 0.443445178125 0.2089148859375 0.4181887609375 0.211834759375 0.4180714734375 0.21855416718749998 0.419144065625 0.3496412375 0.43762243281249996 0.349963778125 0.443445178125 0.2089148859375
7 0.4211464578125 0.33119219218749996 0.41733842499999996 0.26055045625 0.43749664531250004 0.26090231875000003 0.4382590140625 0.2172261765625 0.4132371703125 0.2067072390625 0.40895998593750005 0.16294313124999998 0.4090186296875 0.1595834265625 0.3564825796875 0.2813329390625 0.3848054828125 0.295270225 0.3810645953125 0.317049653125 0.40113485000000004 0.3224410703125 0.3993083859375 0.33081100625 0.4211464578125 0.33119219218749996
7 0.39621258125000003 0.315633696875 0.377763534375 0.31363130625 0.383096309375 0.2969207546875 0.35987160625 0.27971173125000004 0.37085969531249996 0.2278122640625 0.3441873203125 0.21558415000000003 0.3425074703125 0.21555482812500001 0.3263625390625 0.2740857375 0.348062503125 0.378647046875 0.40894766718750003 0.3561847125 0.4177574328125 0.3328134 0.3943567984375 0.325683484375 0.39621258125000003 0.315633696875