13 0.6836946765625 0.5624833875 0.661992534375 0.543537325 0.64518113125 0.5422718390625 0.62346993125 0.5809430046874999 0.6240193359374999 0.6005960921875 0.6408262125 0.63067019375 0.6789434453125 0.6615369203125 0.7056984765625 0.670854596875 0.7358445921875 0.69801046875 0.7418431984375 0.6973799890625 0.7516382625 0.6463152984375 0.7446984671875 0.6091392546875001 0.696164746875 0.5657213828125001 0.6836946765625 0.5624833875
11 0.483063109375 0.47125849999999997 0.4480982703125 0.47038480156249995 0.44849005468750003 0.48853823749999997 0.466008484375 0.5109564609375 0.5551858796875 0.580426865625 0.5795720859375 0.5960583859375 0.5932265703125 0.596139459375 0.5941768140625 0.576328753125 0.600886971875 0.568042396875 0.596784334375 0.5578600781249999 0.6042060421875 0.541917846875 0.6319113203125 0.531424815625 0.633807284375 0.5206120171874999 0.7043674421875 0.528358021875 0.729546275 0.522679184375 0.71408143125 0.4909478140625 0.6846468671875 0.4561360671875 0.6286148890625001 0.4135062921875 0.5582888984375 0.4224140703125 0.5640488109375 0.43393842187500004 0.5628598703125001 0.465903959375 0.535785071875 0.4823955953125 0.5192889078125 0.4841294109375 0.483063109375 0.47125849999999997
11 0.3799921703125 0.7456528796875 0.41606034843749995 0.7570241390625 0.43508295625000004 0.7504761265625 0.4595502359375 0.75245316875 0.4764381859375 0.7688727859375 0.48583240781250003 0.757271890625 0.5282955031250001 0.757357490625 0.569024784375 0.7409469296875 0.56745764375 0.6683331859375 0.57725270625 0.617268496875 0.5527899546875 0.5864828421875 0.5500293453125 0.57464325 0.5301420921875 0.558538871875 0.5115157984375001 0.5544317015625 0.51277675625 0.5664289140625 0.46445908906250005 0.654899284375 0.3495443984375 0.6290718609375 0.2808756765625 0.63932166875 0.30297413125 0.6476125515625 0.3089682109375 0.6757906890625 0.323329715625 0.6970245 0.3799921703125 0.7456528796875
13 0.4159777 0.5254242078125 0.3912626703125 0.5932192296875 0.422277959375 0.6142188765625 0.44840251093749994 0.617537946875 0.498210771875 0.5865271828124999 0.5125002624999999 0.5637982484374999 0.5119508546875 0.5441451609375 0.46586250625 0.5095675796875 0.45181624062500003 0.49133306875000005 0.433266490625 0.5023800328125 0.4159777 0.5254242078125
13 0.5359543328124999 0.48400601718749997 0.5643711640625 0.465857109375 0.5650872437500001 0.42939261875 0.5264971515625 0.3940269375 0.49058659374999997 0.3841553296875 0.455067821875 0.39243715625000003 0.4448089546875 0.3813856640625 0.42649790000000004 0.380277796875 0.3744829625 0.3902934421875 0.34693530625 0.402286121875 0.347881025 0.41128403125 0.357194171875 0.413337615625 0.39350104375 0.41255404687499997 0.3984728546875 0.416580140625 0.399810359375 0.44373148437500004 0.4276687265625 0.46354671718749996 0.5209578203125 0.4855822140625 0.5359543328124999 0.48400601718749997
11 0.2284447375 0.5299725375000001 0.23791550625000002 0.533525775 0.27225439375 0.49959225468749996 0.2911193828125 0.49154459375000004 0.306980540625 0.5126207875000001 0.3125017578125 0.5362999671875001 0.32228776406250004 0.54285250625 0.3356224796875 0.56874289375 0.35503687031250003 0.5803483171875 0.3870024078125 0.581537259375 0.413604346875 0.56054666875 0.41913462187499995 0.5266086203125 0.4504742078125 0.4929903390625 0.44495299062500004 0.46931115781250005 0.40312490156249997 0.44641554687499996 0.3949196203125 0.4260509078125 0.3650076671875 0.41554882187500003 0.3425128984375 0.4179131171875 0.336906078125 0.4366970296875 0.32435493437499996 0.447113515625 0.2691876015625 0.42713613281249996 0.2552989546875 0.410401275 0.2323313265625 0.408266615625 0.2015411453125 0.46153798281249997 0.20485115937499998 0.49303066093750003 0.2141643078125 0.49508424375000004 0.2284447375 0.5299725375000001
11 0.24800316718749998 0.629503459375 0.22826900625 0.6437073468750001 0.20474744375 0.6507282156249999 0.2287373359375 0.6770149140624999 0.24136502656249997 0.6817525625 0.3077459984375 0.664162115625 0.2972529671875 0.636456840625 0.352897684375 0.6321245609374999 0.417774478125 0.6435003499999999 0.43332492343749995 0.632768625 0.4409042546875 0.61832604375 0.405390009375 0.5977992578125 0.3828952390625 0.600163553125 0.3807651109375 0.5943225671875 0.3637960859375 0.59155743125 0.34311620625 0.5967634078125 0.303418246875 0.5797087828125 0.2776854828125 0.594543146875 0.245089465625 0.587355603125 0.24619280312499997 0.5978531609375 0.235537625 0.59745685 0.24800316718749998 0.629503459375
11 0.3429137390625 0.37844932343750004 0.38513814218750003 0.390689753125 0.44196727343750003 0.38320055625 0.4522261375 0.39425204687500004 0.461381665625 0.3948059796875 0.49374351718750004 0.385339740625 0.511347546875 0.36529486875 0.5131760234375 0.28171070781249996 0.49115863906249996 0.25976534375 0.48895649375000005 0.2099616109375 0.482327409375 0.20459348125000001 0.45186152343749997 0.2032469234375 0.4379683484375 0.21532068125 0.3454628234375 0.22959205625 0.3099485796875 0.20906526875 0.2842968875 0.21024515156249998 0.2780595890625 0.2230304609375 0.2797934046875 0.23952662500000002 0.29888803125 0.2769413609375 0.301567565625 0.302435434375 0.3176628890625 0.3401654125 0.3429137390625 0.37844932343750004
13 0.212606221875 0.36485327343749996 0.2373842140625 0.398638228125 0.26027076718750003 0.4144273703125 0.269345221875 0.42863578281250003 0.3290115078125 0.4481403078125 0.3372213171875 0.4396963328125 0.3435396890625 0.41325654062500006 0.33572619531250003 0.41104533749999994 0.311105821875 0.3787600328125 0.315055371875 0.3586340875 0.302432209375 0.325087825 0.2556368359375 0.269357503125 0.2077335953125 0.2319382390625 0.20678787656250003 0.22294032968750002 0.1866619296875 0.21899078125 0.173241615625 0.2355634921875 0.174344953125 0.24606105 0.2022798671875 0.2810304171875 0.20882335 0.3288616421875 0.2137951609375 0.3328877359375 0.20771548125 0.347172696875 0.212606221875 0.36485327343749996
11 0.23430383593749998 0.41260795000000006 0.2317008484375 0.4022680109375 0.19255229375 0.40486647031249995 0.1837930796875 0.393657359375 0.1656396453125 0.39404914375 0.11947021875 0.3731260421875 0.0957910375 0.3786472625 0.088130634375 0.4067443234375 0.09570090625 0.44991897343750004 0.127504296875 0.4784168765625 0.153232534375 0.49239112343749997 0.20666605 0.49587234375 0.21369144843750001 0.49058529218749997 0.205882478125 0.4595654734375 0.23430383593749998 0.41260795000000006
13 0.5846773703125 0.3272632375 0.5769404203125 0.340206165625 0.576381959375 0.3781703078125 0.595953971875 0.3912753859375 0.6139497875 0.38938395 0.6577594437500001 0.359003665625 0.6593401671875 0.34519156562500003 0.687675925 0.3406971390625 0.7358269140625 0.30834434375 0.7646400578125 0.2795402578125 0.7635412484375 0.240234084375 0.729679746875 0.24985794218750002 0.718709328125 0.24646232656249997 0.7144490671875 0.23478035468749997 0.70829284375 0.23391118125000002 0.7264508078125 0.20471078281250002 0.7060861671875001 0.2129160640625 0.698191596875 0.2243593421875 0.6753005125 0.237378815625 0.64088055 0.2849668171875 0.6119908625 0.2986167703125 0.5846773703125 0.3272632375
11 0.7247437234375 0.5202635124999999 0.711877340625 0.5276806953125 0.6642848125 0.5220693468750001 0.640448009375 0.5260909125000001 0.6433662390625 0.53943015625 0.6653070765625 0.5462213874999999 0.6821950250000001 0.56264100625 0.694665096875 0.5658790015624999 0.7453289468750001 0.615137859375 0.8094221671874999 0.590206778125 0.8549611125000001 0.605131271875 0.8568570765624999 0.5943184718750001 0.8467558296875 0.5847666328125001 0.8346055296875001 0.5557193234375 0.8513403859374999 0.5418306765625001 0.8597888890625001 0.521231871875 0.85568625 0.5110495515625 0.8445582109374999 0.506154284375 0.8327186203125001 0.50891489375 0.807616334375 0.5297478640625 0.7957001953125 0.5173543390625001 0.7777043796875 0.5192457765625 0.757105575 0.510797275 0.7558446171875 0.4988000625 0.749373153125 0.4949315875 0.740690484375 0.4988766078125 0.74455443125 0.5212137593749999 0.7247437234375 0.5202635124999999
11 0 0.46723655312499995 0.0053255140625 0.4700313328125 0.0740707828125 0.4749356578125 0.07715115781250001 0.46096593593749996 0.0709183890625 0.44494263125 0.079128196875 0.43649865625000006 0.0787364109375 0.41834522031250004 0.093260065625 0.4122700703125 0.096025203125 0.3953010453125 0.09460662656249999 0.381804184375 0.084032521875 0.367753390625 0.068009215625 0.373986159375 0.030513404687500002 0.40673526718749997 0.0107026984375 0.40578502031249997 0 0.41900175156249997 0 0.46723655312499995
13 0.13593468749999998 0.5730525281250001 0.13278229218749998 0.5430595031250001 0.1418612734375 0.528459303125 0.137839709375 0.5046225015625 0.12560833124999998 0.4892296734375 0.1223748640625 0.4728911296875 0.0953856671875 0.44691966875 0.0926250609375 0.43508007812500005 0.08062784843750001 0.4363410375 0.0709183890625 0.44494263125 0.07391316249999999 0.47343600625000004 0.055917346874999996 0.47532744375 0.0368181921875 0.46672131875 0.017795584375 0.4732693296875 0.025055146875 0.4846360625 0.0559128171875 0.50413605625 0.11762363125 0.5719446640625 0.13593468749999998 0.5730525281250001
13 0.7637573 0.372122328125 0.7576821484375 0.35759867343749996 0.736768103125 0.34615086562499997 0.7174302578125 0.3496995734375 0.6725217921875 0.3407736828125 0.6579981390625 0.34684883437499997 0.6730666671875001 0.3892353859375 0.6984796656250001 0.4002103328125 0.720181809375 0.41915639374999997 0.7521473453125 0.42034533593749995 0.7728272265625 0.41513935625 0.7794608390625 0.39169886875 0.7759121312499999 0.37236102187500003 0.7637573 0.372122328125
13 0.7742548593749999 0.3710189890625 0.8298139765625001 0.40914980781250004 0.8364475890625 0.3857093203125 0.8567356828125 0.36234990625 0.9068546546875 0.3631470609375 0.9348706421875 0.384461946875 0.9569690984375001 0.39275282968749997 0.9624948468750001 0.38762339687499997 0.9517631218749999 0.37207295 0.9411079421874999 0.3716766359375 0.9299033578125 0.3516272359375 0.8976225812499999 0.3474389953125 0.8963616249999999 0.335441784375 0.889732540625 0.33007365625 0.83614140625 0.3250927875 0.804725275 0.343556934375 0.8044865796874999 0.3557117640625 0.7698369796875 0.357837365625 0.7742548593749999 0.3710189890625
13 0.9280884671875 0.34878555312500004 0.8992798515624999 0.34878102499999997 0.8883905078125001 0.331730928125 0.8484538562499999 0.3268311328125 0.8220906109375001 0.33566689375 0.8248512203124999 0.34750648281249996 0.8401629734375 0.3489295890625 0.8504218375000001 0.35998108125 0.91301088125 0.3640162328125 0.92027044375 0.3753829640625 0.9363702937499999 0.3843043265625 0.9722808515624999 0.3941759359375 0.958000421875 0.3592876421875 0.9446611796875001 0.362205871875 0.9280884671875 0.34878555312500004
13 0.893938896875 0.182558421875 0.9341142421875 0.17530338750000002 0.934037696875 0.16014925468750002 0.9255937218750001 0.15193944375 0.8367990546874999 0.15823970625 0.7921247546875 0.1659675984375 0.7839149437499999 0.1744115734375 0.7799653953125001 0.1945375203125 0.784928153125 0.25618084531249996 0.7709539015625 0.28190908124999997 0.7566598859375 0.33344663125 0.7561824984375 0.3577562921875 0.764311234375 0.3629667984375 0.7951734328125 0.3536581796875 0.7906790078125 0.325322425 0.7975467859375 0.3185357203125 0.8067023125 0.319089653125 0.80946745 0.3021206296875 0.8186229765625 0.30267456406250004 0.8182266625000001 0.3133297421875 0.851930546875 0.30220623281250003 0.8548533015625001 0.2867368609375 0.9016622625 0.2560413375 0.892587809375 0.241832921875 0.8801177390625 0.23859492656249998 0.8791720203125 0.22959701875 0.8884086218749999 0.21649646875 0.8836755015625 0.20031554375 0.8948846156249999 0.1915563296875 0.893938896875 0.182558421875