9 0.430597434375 0.7263617390625 0.44150570624999996 0.730056025 0.4905662140625 0.7164614484375 0.5177530375 0.7242955906249999 0.5512439046875001 0.6985622015625 0.6126114640625 0.6822697671875 0.6263173015625 0.6731797640625 0.6295264640625 0.62757870625 0.6195138609375 0.609082846875 0.61075138125 0.571785934375 0.597083640625 0.561664409375 0.539950521875 0.5395688843750001 0.49838703906250004 0.529612171875 0.4907413546875 0.54075455625 0.41186416406250004 0.5621024218749999 0.404908346875 0.5748516140625 0.430597434375 0.7263617390625
9 0.476749359375 0.2572616921875 0.4641984109375 0.2955794609375 0.45977721875000005 0.3407700421875 0.4465364046875 0.377481003125 0.4463306046875 0.39388938906250004 0.5735022468750001 0.395763190625 0.601584740625 0.38879575625 0.6168570625 0.3761167515625 0.6125692 0.3540669875 0.61486365 0.3328732671875 0.62668663125 0.31216021718750003 0.624712265625 0.2593109671875 0.603753296875 0.25633235 0.5834651484375 0.26456630468750003 0.476749359375 0.2572616921875
9 0.7471235859375 0.39002407968749997 0.7544148125000001 0.38288117499999996 0.730547715625 0.361066409375 0.7027281640624999 0.3228081640625 0.6793641828125 0.30940283125 0.6747028140625 0.3009583046875 0.6577343921875001 0.29521163906250003 0.632784875 0.295001071875 0.6253259453125 0.2993408328125 0.6261644703125 0.31335655 0.6115439203124999 0.3468538921875 0.6205122000000001 0.36774241875 0.6187208640625 0.3973455671875 0.5986385171874999 0.3891711390625 0.5769706343750001 0.3941914734375 0.5774737484375 0.402600903125 0.6025528765625 0.4248261453125 0.626831571875 0.41382414062499995 0.7471235859375 0.39002407968749997
9 0.7221447750000001 0.3992632296875 0.68614240625 0.4038536 0.6787418390625 0.445593965625 0.6100764125 0.422339159375 0.5964044625 0.42533764375 0.591041059375 0.412840990625 0.5825686125 0.41454888749999996 0.5442766953125 0.5022800171874999 0.4279077578125 0.4643952921875 0.4298785609375 0.4421765171875 0.408938765625 0.42287888437500004 0.39607725781249997 0.4063171125 0.3809171484375 0.38439963125 0.33500747343750004 0.432932909375 0.3307371796875 0.45742441874999995 0.618031025 0.5776079671875001 0.6392895625 0.5359836125 0.66215591875 0.5544079625 0.6690517234375 0.5704750875 0.6707701421875 0.5771600546875 0.6990793296875 0.4768936015625 0.7000757937500001 0.46044783906250003 0.70741 0.4507257171875 0.7126316234375001 0.438762378125 0.7221447750000001 0.3992632296875
21 0.34919305624999997 0.5367581828125 0.3603071265625 0.524044084375 0.39881381875 0.50275574375 0.421171571875 0.49934221875 0.4224026484375 0.49014693125 0.36267776406249996 0.4644273109375 0.278784746875 0.48133013281250003 0.2202147515625 0.4848382765625 0.191087934375 0.49419837656250004 0.1605242421875 0.5291621484375 0.1089825359375 0.5707530625 0.08848858750000001 0.5953954015625 0.0520705421875 0.611898409375 0.050839465625000003 0.6210936968749999 0.0634628828125 0.6336078890625 0.023816628125 0.7053177140625 0.028569514062500002 0.7549884375 0.040484014062500004 0.7755015843749999 0.0738606 0.8074027796875001 0.082996584375 0.8310944515625 0.104645421875 0.8356798781249999 0.115050575 0.8309647328124999 0.1283829078125 0.8354799703125 0.14184485 0.86200988125 0.1553448859375 0.8693282625000001 0.194503353125 0.8688582609375001 0.24126941093749998 0.8764573999999999 0.2766240828125 0.8719528249999999 0.3383651484375 0.8420551484375001 0.41880882656249996 0.8171182796875 0.47016378281250004 0.7823299859375 0.4812588046875 0.7792216515625 0.5119902015625 0.747061025 0.517211828125 0.7350976890625 0.5099586953124999 0.7230290671875 0.4964586578125 0.7157106859375 0.4456639578125 0.73009111875 0.430597434375 0.7263617390625 0.4266640296875 0.700312496875 0.41872102968749997 0.6866370671875 0.3773443015625 0.6698777312499999 0.37844576406249997 0.6386677734374999 0.3890948140625 0.5983327171874999 0.34919305624999997 0.5367581828125
9 0.7213657453125 0.0984269765625 0.6986916296875 0.086628453125 0.5980359921875 0.08137621874999999 0.561301584375 0.08266717343749999 0.5345988312500001 0.09284822499999999 0.4884083546875 0.144490478125 0.4281766375 0.1996164453125 0.38823306875 0.24650845625 0.35399519062499996 0.2994523265625 0.30839935 0.40073020625 0.274534978125 0.440068834375 0.27087984062500003 0.4484431703125 0.2777975640625 0.4549055046875 0.277778515625 0.4645112703125 0.2682499828125 0.464030603125 0.26286065000000003 0.473190796875 0.26250619375 0.4771902734375 0.28311070625 0.48416836874999997 0.3124052265625 0.4776114140625 0.3250857828125 0.4613083140625 0.33676011093749997 0.428186353125 0.3739251609375 0.384472865625 0.39117557187499996 0.33538809375 0.42399561874999997 0.29844213124999996 0.468897875 0.2848124609375 0.48456275 0.2489224515625 0.49858494843749995 0.2550445 0.5070882046875 0.24831206875 0.5358224703125 0.2621629734375 0.5851993375 0.26378044843750004 0.6125919640624999 0.25520620625 0.6345762109375 0.2653979234375 0.702754646875 0.134692365625 0.7197802125 0.11162174218750001 0.7213657453125 0.0984269765625
21 0.3260631734375 0 0.29824924375 0.1020603859375 0.27323886875 0.2199221265625 0.2678458203125 0.3183373359375 0.2832477515625 0.3276730046875 0.329697446875 0.32006009375 0.3642897828125 0.2631167484375 0.423012153125 0.1827624890625 0.42001251093749997 0.12270014375 0.4068516 0.0317330328125 0.3905552578125 0 0.3260631734375 0
9 0.457103825 0.8648746453125 0.5045237828125 0.8305845890624999 0.5386880703125 0.7841765140625 0.5319782875 0.7712238859375 0.49404935937500005 0.7766875390625 0.4690040609375 0.78804021875 0.4451191203125 0.7967343796875 0.41350581875000003 0.8195944171875 0.36921702343749996 0.8290071796875 0.3131607234375 0.8512178890625 0.28156953906250004 0.8634051828124999 0.26692324843750004 0.8721766828125 0.23150106093749998 0.8754377921875 0.1914816734375 0.8679874859375 0.1622349984375 0.8718142999999999 0.17563077968750002 0.9007630000000001 0.242041846875 0.8973166015625 0.27379692968749997 0.8989165531250001 0.2934345859375 0.8964127140624999 0.3299950109375 0.9011658328125 0.3590573328125 0.9018538296875 0.39624217968750003 0.88393219375 0.4126068921875 0.8818456625 0.44477825624999995 0.8683291078125001 0.457103825 0.8648746453125
21 0.647168759375 0.6347741921875001 0.63693365 0.6511426140625 0.632500346875 0.6542184375 0.6320840671875 0.669334940625 0.629949365625 0.677766475 0.611821990625 0.6945135312499999 0.5729408421875 0.695077453125 0.5538612484375001 0.706924778125 0.5392149546875 0.7156962796874999 0.5285856859375 0.7365084562499999 0.510272290625 0.7501410203125001 0.5008255046875 0.7576219281250001 0.483070171875 0.7805979796875 0.5265927625 0.7693999812500001 0.539941796875 0.7784981203125 0.5778216015625001 0.7547088468750001 0.5909354921875 0.742366878125 0.608252421875 0.745180075 0.64253636875 0.7339047375 0.6564164609375001 0.723348 0.72443534375 0.7799503046875 0.7401977546875 0.7898657796874999 0.750388621875 0.794842853125 0.749108603125 0.7623686375000001 0.7484308859375 0.7178924125 0.7438336828125001 0.707180996875 0.7475450296874999 0.6809744421875 0.7527666546875 0.6690111062499999 0.7651364640625 0.6442111500000001 0.7784363765625 0.6349836734375 0.794243028125 0.623553653125 0.8058023953125 0.6183139546875001 0.8479786078125 0.60665998125 0.8484170093750001 0.58087073125 0.84191536875 0.560359853125 0.8088360234374999 0.547631178125 0.7759427015625 0.538017 0.7342048921875 0.5238817265625 0.713637140625 0.5108130875 0.7004035890625 0.48802232500000003 0.6694237609375 0.576704078125 0.66252795625 0.5606369531250001 0.6398033812499999 0.56667259375 0.6284300328125 0.5750267874999999 0.644170321875 0.595615009375 0.6499278859375 0.6036679078125 0.659702471875 0.6237614796875001 0.647168759375 0.6347741921875001
7 0.6315728468749999 0.29459059375 0.6729686203125 0.3017441640625 0.683857846875 0.3150442140625 0.7058420937500001 0.325235928125 0.710671165625 0.3364835953125 0.7274528328125001 0.3490328828125 0.73593704375 0.351906215625 0.7505004515625 0.3472261671875 0.7567664015625 0.3328701625 0.7563394765625 0.286037678125 0.7363142671875 0.2490459578125 0.6997666140625001 0.24353429375000002 0.6812507515624999 0.23177086249999998 0.6596019156249999 0.227185434375 0.638063640625 0.2542204421875 0.6309210734375 0.27377225625 0.6315728468749999 0.29459059375
7 0.7228888546875 0.4117212140625 0.716670765625 0.4401303078125 0.705089278125 0.4560427546875 0.7011919109375 0.47913481406249997 0.718756115625 0.5033922328125 0.7489175484375 0.483091984375 0.7728024859375 0.47439782656249996 0.76274434375 0.40538427656250003 0.7562426984374999 0.3848733953125 0.7331239609375 0.39535278906250004 0.7228888546875 0.4117212140625