26 0.7262170109375 0.7890689078124999 0.7504328046875 0.8108729078125 0.7742466343750001 0.8250069421875 0.8157615015624999 0.8100128515625 0.84347586875 0.7713870843749999 0.844498528125 0.7713334890625 0.8457768578125 0.77126649375 0.8462566890625001 0.73150435 0.8342882171875001 0.6988037874999999 0.8102064078125 0.679556440625 0.7816812359374999 0.67336035 0.7479033265624999 0.6892308 0.7261663234375 0.7147249234374999 0.7180165265625 0.7548890328125 0.7262170109375 0.7890689078124999
26 0.44359979687499995 0.6795419 0.47460919687500003 0.70868089375 0.5051550703125 0.7045163765625 0.520969396875 0.6883055171875 0.5236600390625 0.6907281843749999 0.52810884375 0.6533217125 0.528047284375 0.627688165625 0.512243828125 0.595188584375 0.48244032812500004 0.5890594890624999 0.4506161265625 0.5932910015624999 0.435069775 0.61461516875 0.4341209828125 0.6454290203124999 0.44359979687499995 0.6795419
15 0.6173966109375 0.4981544828125 0.6240605734375 0.4834486453125 0.62557103125 0.46824378906249997 0.6245650296874999 0.45393992031249997 0.622467196875 0.4481534046875 0.6171271921875 0.4392040234375 0.6028667796875 0.4263638921875 0.5951845015624999 0.42163914843750006 0.588955825 0.4153000171875 0.5798623203125 0.40321457031249996 0.572397684375 0.38796734375 0.5628062468749999 0.3761643578125 0.5550703718750001 0.370416953125 0.543689275 0.358707759375 0.5330070921875001 0.3505510875 0.5272216656250001 0.347777875 0.517547659375 0.344182984375 0.50522211875 0.3438034671875 0.49786141562499997 0.345214696875 0.4840811875 0.351320609375 0.47686786875 0.35554416093749996 0.4680524765625 0.36344081875 0.46273600937500003 0.3696159015625 0.455466921875 0.382558878125 0.45305547968750004 0.395247275 0.453161584375 0.4021636421875 0.454706803125 0.41208100312499996 0.458553009375 0.42187777187500003 0.4687897671875 0.43621061406250006 0.48168928437499997 0.4573258359375 0.5017039796875 0.491912025 0.516284878125 0.5157591734375 0.5244907984375 0.5255838296875 0.5316081484375 0.529312709375 0.5466645296875 0.5328818890625 0.56453431875 0.5314326390625 0.5772372015625 0.5292287015625 0.591326690625 0.5241320515625 0.60493273125 0.5147024859375 0.6090780640625 0.510639721875 0.6173966109375 0.4981544828125
2 0.48690704062499995 0 0.382690459375 0.005461759375 0.378608709375 0.011777228125 0.36712620937499996 0.032375681249999996 0.358767465625 0.044093925 0.3282777140625 0.0982472109375 0.3078157765625 0.1382874703125 0.29075896874999996 0.1748164921875 0.28441875156249996 0.1859162140625 0.2776733078125 0.2039591 0.278035078125 0.210862071875 0.294404546875 0.2394864703125 0.3004981484375 0.248139990625 0.31222652812499996 0.2713675296875 0.3163428875 0.2765355234375 0.320309684375 0.2886332828125 0.3415491109375 0.322129815625 0.3442397546875 0.32455248124999997 0.35138390468749997 0.328792690625 0.3718483703125 0.3377185359375 0.3734895546875 0.33968346875 0.374242065625 0.344258646875 0.3940221015625 0.3450165953125 0.3839149828125 0.35272458281249996 0.39844663593749996 0.35606489531249996 0.4137195703125 0.35398263750000003 0.421563721875 0.356904321875 0.426097621875 0.3602558578125 0.4467909546875 0.3686569734375 0.44997953125 0.370797175 0.45875255312499996 0.37187560625 0.4732606671875 0.36009145781249996 0.48316571406250003 0.35341953125000003 0.493339828125 0.3469898703125 0.50958291875 0.338960309375 0.53152090625 0.3173011703125 0.5448187765625 0.3019912984375 0.563176359375 0.2853907859375 0.5843741484375 0.2642831734375 0.6160574859375 0.2280130765625 0.6234605625 0.21762675625 0.6332048234375 0.20788684375000002 0.6501098937500001 0.188029675 0.6611335703125001 0.1733517234375 0.67207576875 0.162010821875 0.687204578125 0.1425031125 0.6921715875000001 0.1345517703125 0.6952004640625 0.1287529421875 0.6924985968749999 0.11633252187500001 0.6950306296875 0.1059451140625 0.6944812765624999 0.0954628296875 0.69220816875 0.09122370468749999 0.6873918078125001 0.0873742375 0.6840960421875 0.0831887109375 0.637910759375 0.043308501562500004 0.600590115625 0.0160384734375 0.5771404359375001 0 0.48690704062499995 0
4 0.735527453125 0.673215490625 0.7343161203124999 0.6745608140625 0.738084109375 0.6730815015625 0.7718620171875 0.6572110515625 0.7722024249999999 0.6392474703125 0.7627906062500001 0.60641291875 0.7538423125 0.6068818796875 0.76313645 0.56409411875 0.7698069359375 0.52016201875 0.7600601484375 0.4809358296875 0.7364527359374999 0.4462815578125 0.7244118328125 0.4366578875 0.7265719578125001 0.40449871406250004 0.702166053125 0.3301492921875 0.6759404265625 0.269995465625 0.653008396875 0.223769253125 0.625895540625 0.2200628234375 0.5625712359375 0.283627925 0.5506588859375 0.3009161265625 0.5736470406249999 0.3971311046875 0.60082145625 0.42647108281249996 0.6234239515625 0.44195043749999996 0.6220677593749999 0.4894495421875 0.6101554078125 0.5067377453125 0.619835203125 0.5446856078125 0.6462002515624999 0.583040871875 0.6690037296875 0.6023552109375 0.7053998531250001 0.61198431875 0.7060028015625 0.6234892671875001 0.7212033078125 0.6444839 0.735527453125 0.673215490625
15 0.738344475 0.71229211875 0.741804290625 0.7049325015625 0.7490588921875 0.6966049046875 0.74918165625 0.6891638062500001 0.7471787015625 0.6802959078125 0.73999544375 0.6704176562499999 0.73504726875 0.65426944375 0.7333658890625 0.6515375156250001 0.72369296875 0.6430715828125 0.7230621359375 0.635926346875 0.7163489249999999 0.630125346875 0.698346234375 0.6241468968749999 0.684017740625 0.6148994812499999 0.6695005734375 0.606943790625 0.657956515625 0.6019086984375 0.6294860250000001 0.5918642265625 0.6175914234375 0.58992391875 0.60658440625 0.590244403125 0.5984701046875001 0.5919514953125 0.5882021984375 0.596591496875 0.58232080625 0.6017707156250001 0.558578671875 0.6281390250000001 0.550179734375 0.639090271875 0.532882834375 0.6661462734375 0.526581728125 0.682884034375 0.5270362000000001 0.6964477062500001 0.5312854609375 0.7090433968750001 0.535253346875 0.7162701140625 0.5540722796875001 0.7427152015625 0.5765386125 0.7653799890624999 0.59654425625 0.7802263390624999 0.6308392828125 0.7986820625 0.6430699468750001 0.8021429640625 0.6593242609375001 0.8041111546874999 0.670532259375 0.8076256546874999 0.6782826187500001 0.80875768125 0.6876618484375 0.8067279296875001 0.697889559375 0.80132093125 0.7035688812500001 0.7971777765625 0.70910081875 0.790222296875 0.718363809375 0.76640738125 0.7192557453124999 0.7491839984374999 0.722258909375 0.7380027984375 0.732354803125 0.72029705625 0.738344475 0.71229211875
15 0.354653228125 0.3911750796875 0.36157176875 0.3813268875 0.363847046875 0.3758239234375 0.3632307 0.364063309375 0.347344678125 0.3397718234375 0.3435252671875 0.330486384375 0.3329937328125 0.3105289 0.3260259453125 0.2998702546875 0.29874977343750003 0.24412973437500002 0.2902758765625 0.22919177031250001 0.28279675625 0.218559921875 0.276919709375 0.2042549640625 0.2700725109375 0.19589730625 0.2666684640625 0.19453749843749998 0.26388294375 0.19519621874999998 0.2602489421875 0.1992321828125 0.25672104687499997 0.2101845171875 0.2499401078125 0.2666844234375 0.2435162359375 0.29086328125 0.236273946875 0.3043175890625 0.23069528906249998 0.33973233281250004 0.23026326562500002 0.3461641671875 0.23327113281249998 0.37420698125 0.2339255046875 0.3964766796875 0.22678279531249998 0.44607361875 0.22562070781250002 0.46792577656249995 0.21958866718749998 0.48490580625 0.21724313125 0.5037435734375 0.21449562968749997 0.5149113765625 0.21419759374999997 0.5238998671874999 0.2155686265625 0.530493575 0.22553632031249998 0.5445841515625001 0.22873829531249998 0.54698001875 0.2355463859375 0.549699634375 0.23850609218750002 0.5523645671875 0.2418956515625 0.5583397546875 0.2448419625 0.560749021875 0.2552963625 0.5645593812499999 0.259048778125 0.57256649375 0.265977459375 0.577587096875 0.26734957656249997 0.5793097640625 0.2689360796875 0.585123075 0.2713174625 0.586536478125 0.29230774375 0.590820146875 0.295268540625 0.5886140375 0.297490225 0.5820884093750001 0.29898619531250004 0.5714989328125 0.30266148125000003 0.5633589203125 0.3038605015625 0.5568868890625 0.3025340140625 0.5315760015625 0.303087715625 0.5225741140625 0.3000095921875 0.5078661015625 0.29872330156250004 0.4833222109375 0.3056059953125 0.45322284843749994 0.3114080828125 0.44163859531250005 0.31499066249999996 0.4268378796875 0.32057728124999996 0.41603402031250003 0.32990400468750003 0.4081105625 0.33439988125000003 0.40095301406250006 0.3397431453125 0.3952892640625 0.34367409531250004 0.38713585156249997 0.3497821828125 0.39117399375 0.354653228125 0.3911750796875
0 0.7727096671875 0 0.7430598984375 0.08317495625 0.7285184625000001 0.1236740390625 0.6956839109375 0.13308585625 0.6805395265625 0.1620799921875 0.7227243375 0.1598691796875 0.728440596875 0.17110615 0.7056262484375 0.20050225 0.685368553125 0.22976436093750002 0.6919557390625 0.257619590625 0.683202990625 0.286278753125 0.681578821875 0.328664546875 0.6890369328125 0.3731380375 0.69185069375 0.42682779687499994 0.6820151671875 0.4837441546875 0.7135713921875 0.47439933125 0.7573506 0.4661302890625 0.7579778875 0.4656628921875 0.8552702109375 0.4387727625 0.8854355578125 0.4273473421875 0.8829018328125 0.3790009921875 0.8715299906249999 0.2353901171875 0.8511600484375 0.164674696875 0.8310526484375 0.12342780625000001 0.8281048999999999 0.067181390625 0.8112240999999999 0.0385837859375 0.7842020390625 0 0.7727096671875 0
10 0.4509800421875 0.7714475000000001 0.479572209375 0.7789219187499999 0.5245816546875 0.781690428125 0.5698645124999999 0.7652170296875 0.568787165625 0.7691190078125001 0.57383348125 0.7675727015625 0.5751788046875 0.7687840359375 0.5763901390624999 0.7674387125 0.5777354578125 0.768650046875 0.5267526499999999 0.700820815625 0.5310004703125 0.6595793624999999 0.55630448125 0.6287709453125 0.5419857734375 0.575684134375 0.46824473749999995 0.5872397703125001 0.4433481265625 0.6013629328125 0.43203872499999996 0.6301560828125 0.438352496875 0.677253221875 0.4544963609375 0.6917892218749999 0.46060914999999997 0.735051378125 0.4509800421875 0.7714475000000001
0 0.256989378125 0.27400601875 0.2579490390625 0.194481728125 0.255392384375 0.19461571718749998 0.2216253484375 0.16177573125 0.192028265625 0.135126396875 0.108748625 0.3804765625 0.1280429875 0.7486349171875 0.17439775156249998 0.752614759375 0.2226337953125 0.76803255625 0.2631328765625 0.782573990625 0.2835354296875 0.707158096875 0.3054897265625 0.6124333015625 0.2910315921875 0.581145053125 0.219255134375 0.5323513156249999 0.2123275421875 0.522459665625 0.230513846875 0.42921417812499996 0.24377695625 0.3887820921875 0.22427794375 0.33468492968749997 0.2361902921875 0.3173967265625 0.23895336562499997 0.296742503125 0.256989378125 0.27400601875
10 0.424537128125 0.7805243468749999 0.4289135 0.7661947671875 0.45031553593750007 0.7343090046875 0.45032640625000003 0.6855985671875 0.44918206562499996 0.6882222171875 0.4366722046875 0.6696502515625 0.3866834375 0.6697063734375 0.3278133734375 0.6715097859375 0.292288178125 0.6784989359375 0.288246775 0.699220153125 0.29725662812500003 0.7243847406249999 0.30276647031250004 0.7561419484375 0.312987653125 0.7799612125000001 0.34655914375 0.7846110000000001 0.424537128125 0.7805243468749999
2 0.313990803125 0.505595171875 0.30220156875000004 0.5741504671875 0.3153198171875 0.5798721625 0.3774219171875 0.5663628203125 0.43783828593749996 0.569605725 0.4603575484375 0.5717862890625 0.45211174375 0.52399333125 0.44183443593750005 0.4501853015625 0.4355876578125 0.404366490625 0.3812949484375 0.3956753046875 0.3317081484375 0.40340139218750004 0.313990803125 0.505595171875
2 0.43284265624999996 0.6454960140625 0.43520376406250005 0.6171718234375 0.45088410312500005 0.5984043109375 0.4497452 0.57667274375 0.44712155 0.5755284031250001 0.44705455625 0.5742500749999999 0.41482838749999995 0.5708116234375 0.3636282890625 0.5722130671875 0.31646415625 0.5772485125 0.3009123703125 0.6229279 0.29666454999999997 0.6641693546874999 0.3200094203125 0.6693550953125 0.39341004687500003 0.6757630406249999 0.44198649687499997 0.67321725625 0.43284265624999996 0.6454960140625