15 0.33393355625 0.2770699640625 0.322463975 0.285951746875 0.2999097609375 0.29650360625 0.2915217078125 0.30297469062500004 0.282246878125 0.3151405703125 0.2825310328125 0.32437482812499996 0.288010828125 0.347639253125 0.29684622968749996 0.379371834375 0.30173756093750004 0.3874569390625 0.316973859375 0.40336159218749995 0.3336954828125 0.42710617656250005 0.3399754203125 0.43101340156249995 0.354091184375 0.4351556078125 0.377000109375 0.42232583124999995 0.3915109015625 0.41761173906250004 0.3992399296875 0.40747350468750004 0.40693871562500006 0.40226906093750003 0.4373388328125 0.39030758906249996 0.4754074984375 0.378075459375 0.4965932609375 0.36841229062499997 0.526983296875 0.3580954140625 0.5433643703125 0.35400954375000004 0.5520365765624999 0.3567727140625 0.559882478125 0.3553631015625 0.562284825 0.3525744515625 0.5602875890625 0.34486220312500004 0.5622183453125 0.33562285 0.5560593640625 0.3119804703125 0.5558155296875 0.2961678296875 0.5194318671875 0.22806501093749998 0.5126500984375 0.222640871875 0.503967815625 0.2215222984375 0.48995885 0.2277533046875 0.4252911015625 0.24333577812499999 0.39234152187500004 0.2542910734375 0.37183494375000004 0.2643321984375 0.33393355625 0.2770699640625
9 0.794699825 0.25409935625 0.8130603765625001 0.31629775625 0.8436400374999999 0.44222639687500004 0.9558389109375 0.4229988203125 0.9583002796875 0.41034295624999995 0.9499763031249999 0.37848281093749997 0.9032982875 0.21059122812500003 0.8932019640625001 0.1901203671875 0.8847983203125 0.17141675 0.8777328828125001 0.1567582328125 0.8618655499999999 0.12459015625 0.855827634375 0.1173384015625 0.775255946875 0.20202365625000002 0.794699825 0.25409935625
9 0.7474999390625 0.22865172031249997 0.7301190906249999 0.22970279374999997 0.7160638515625 0.2441557546875 0.7000610484374999 0.242673665625 0.6819911796875 0.2449913234375 0.6570908421875 0.2501074 0.637013659375 0.24635740625000002 0.613511284375 0.2456511890625 0.5786147984375 0.24997640156249998 0.6087158609375 0.41871855 0.61993534375 0.42248844375 0.6618421421875 0.4218882796875 0.69800179375 0.41396383437499995 0.758332934375 0.40876815781250003 0.7845714796875 0.4076971828125 0.8261636421875 0.40279661093749997 0.8353758109375 0.4004988546875 0.78700511875 0.2308400265625 0.7692897171874999 0.230879825 0.7474999390625 0.22865172031249997
9 0.4062631921875 0.49001526718750005 0.4037619890625 0.5092493953125 0.456254965625 0.5607448328125 0.54693079375 0.6640208578125 0.703131515625 0.52325120625 0.695002671875 0.5154262625 0.6658328203125 0.4942392328125 0.6360536125 0.46116225625 0.6129654578125 0.4483107859375 0.5441232546875 0.37352524374999996 0.5439200765625001 0.37357592031250003 0.53470790625 0.375873678125 0.49478850625000004 0.3858306234375 0.461305271875 0.40184527187499997 0.4438646734375 0.4127637421875 0.42130620625 0.42495874687499996 0.3969355546875 0.45512129687499997 0.3982538484375 0.46245552968750003 0.39852865 0.473334203125 0.4062631921875 0.49001526718750005
9 0.1569971265625 0.35951780312500004 0.08547827031250001 0.46821835937499995 0.07374498125 0.4930393765625 0.0681531390625 0.5163285578125001 0.069176715625 0.51607325 0.0779746625 0.5259207484374999 0.082678315625 0.5367894671875 0.09590511406249999 0.5466270140625 0.18930122968750002 0.5944884593750001 0.2731786078125 0.52649421875 0.2997358265625 0.4727971328125 0.298537034375 0.4457281078125 0.32926418125 0.4347797875 0.33609465156249996 0.431981365625 0.32261296562499997 0.4079760171875 0.310429659375 0.39459403593750003 0.30194634531250003 0.389046946875 0.2873415 0.3817425625 0.26901674999999997 0.36989241562499997 0.261576925 0.360800890625 0.25551515 0.3491762 0.2589602578125 0.34284329375 0.272935828125 0.3415468625 0.2807500390625 0.34507140000000003 0.29700772343750004 0.3607212890625 0.2947256078125 0.34377496875 0.2866764328125 0.32279349375 0.284748784375 0.303569315625 0.26473135000000003 0.2899519265625 0.2460720453125 0.277090503125 0.23178183749999998 0.2740865296875 0.20814004375 0.2964042328125 0.1569971265625 0.35951780312500004
9 0.3625084140625 0.458234721875 0.173993015625 0.6081592234375 0.1812878515625 0.623855240625 0.244231625 0.69354368125 0.24987918125 0.7173136234374999 0.2748750671875 0.75267840625 0.296051459375 0.799943084375 0.3884121515625 0.73749593125 0.5136865609375 0.6405659234375001 0.3841786921875 0.4801976203125 0.3625084140625 0.458234721875
9 0.138318853125 1 0.1463227 0.9971186890625001 0.1897509921875 0.914034921875 0.20969279375 0.883882321875 0.28731325937499996 0.78022819375 0.2782405109375 0.7595020265625 0.26812426875 0.742320296875 0.2529499046875 0.716547703125 0.240471878125 0.69557618125 0.184243184375 0.6592439109375 0.1769943859375 0.6577677859375 0.052993970312500006 0.78650990625 0.093524346875 0.9620662546875 0.1356627734375 1 0.138318853125 1
9 1 0.5613909703125 0.9889795234375001 0.5198259359375 0.9691254609375 0.42296897187500004 0.9657441390624999 0.362507965625 0.949010475 0.3612081734375 0.9590291375 0.402498109375 0.9582803640625001 0.4136320890625 0.9568624874999999 0.422743515625 0.8456871859374999 0.44171578437500003 0.8656010000000001 0.52870535 0.8822928234375 0.5289208578125 0.907093578125 0.540250440625 0.9376016390625 0.5654825703124999 0.9582284265625001 0.590989909375 0.9741316453125 0.6089176546874999 0.9979446218750001 0.6708508 1 0.6709234875 1 0.5613909703125
9 0.6197767546875 0.42800160624999994 0.6248540484375 0.45410323124999996 0.7010843671875 0.5237618203125 0.6466158390625 0.57347350625 0.6583450953125001 0.6055790078125 0.7816081546875 0.5595078640625 0.8276889171875 0.54472995 0.86184125625 0.530737853125 0.8679827015624999 0.5292060140625 0.8353758109375 0.4004988546875 0.6197767546875 0.42800160624999994
9 0.6192064890625 0.43033328906249996 0.60946463125 0.407584571875 0.5798487953125 0.291268021875 0.5575015140625 0.30341035 0.5797650953125 0.36135107031249997 0.5521086687500001 0.3715334703125 0.5997784921875 0.4318949765625 0.6245394125 0.449802825 0.6192064890625 0.43033328906249996
9 0.4024436953125 0.5019151625 0.4079359546875 0.4950716421875 0.4008505984375 0.4837022578125 0.39482865624999997 0.46549930625 0.3976644125 0.44727645000000005 0.45038050625 0.4056649171875 0.411110296875 0.4209335453125 0.3622933625 0.43748865625000005 0.341547075 0.4317161125 0.298891503125 0.44345025312499997 0.3054851 0.503110034375 0.3498312171875 0.47015451875 0.3642210125 0.45671283437500004 0.4024436953125 0.5019151625
9 0.7365950890625 0.2291822328125 0.7529523625000001 0.2283864625 0.7370690609375 0.20716958437500002 0.6648491796875 0.24598282500000002 0.6932504984375 0.2421829546875 0.705848025 0.2434196875 0.7229142375000001 0.23806820156250003 0.7294300703125 0.230969378125 0.7365950890625 0.2291822328125
4 1 0.6737547125 0.9951410171875 0.66936065 0.9751000281250001 0.6590333 0.9740963703125001 0.6559994734375 0.9776998875 0.6518164953125 0.9780646796875001 0.6478939828125 0.9732136703125001 0.6332304921875 0.9747695562500001 0.62955825 0.9733043890624999 0.618429125 0.9599988453125 0.5932851218749999 0.9332768859374999 0.5610876703125001 0.9083546468750001 0.5410306171875 0.8939144109375 0.5342325375 0.8767271984375 0.5308564328125 0.8653080171875001 0.5315152328125 0.8350751734375 0.5439823453125 0.7857445249999999 0.5590235046875 0.7322984453125 0.5783753296875 0.6692732203125 0.6039479671875 0.6423093484375 0.6112208265625 0.6102062296875 0.6230597109375 0.5842359328125 0.6350109921875 0.5546318796875 0.6560790375 0.542346075 0.6591434406250001 0.5300905078125 0.657274053125 0.5137094375 0.6613599234375 0.4815962390625 0.6748434046875 0.4497671953125 0.6975611421875 0.4304013109375 0.7160755203125 0.4180449484375 0.7306520953125 0.4064947296875 0.7526906484375 0.392769915625 0.7681559109375 0.35454405625 0.77823780625 0.3294303015625 0.78942808125 0.325816703125 0.7952556546875 0.323136203125 0.8156292281249999 0.3346581046875 0.8538074140624999 0.347502134375 0.8708561203125 0.35514044375 0.8755192546874999 0.3657030859375 0.8756214578125 0.3841317921875 0.8710248546875 0.41913908437499997 0.85791423125 0.42566693750000006 0.849170325 0.4347140140625 0.846366384375 0.4802697921875 0.8634663343750001 0.494562909375 0.8664695828125 0.5469851718750001 0.847373128125 0.5828288453125 0.8367906921875001 0.7099292687500001 0.808920034375 0.7831422625 0.789016709375 0.94278115625 0.7338724796875 0.97591816875 0.72013363125 0.992172284375 0.7089637390625 0.9997541921875 0.695030675 1 0.69314184375 1 0.6737547125