24 0.4333635921875 0.7303847140624999 0.4214535046875 0.7131575359375 0.40607796562500004 0.69144816875 0.3803796671875 0.6443946125 0.369707165625 0.6078522703125 0.35999550937499997 0.619181503125 0.3650223984375 0.6422814609375 0.36988708125 0.6915561875 0.38696380625 0.7544190734375 0.4276985046875 0.877911071875 0.4404225765625 0.8765225796875 0.46511573124999994 0.8828431671875 0.4809885625 0.89195539375 0.4901471203125 0.9029666328125 0.5168921890625 0.8931069 0.5356966375 0.8801060265625 0.5115155140625001 0.8588087859375 0.48921251874999994 0.8501107953125 0.4778917359375 0.8279851328125 0.46160657499999996 0.7952170640625 0.4473028015625 0.7583915859375 0.4333635921875 0.7303847140624999
24 0.153997859375 0.6207836624999999 0.16186309062499998 0.6279939046874999 0.15803456093749998 0.6423970906250001 0.153038578125 0.6595365234375 0.16643407187499998 0.67942945 0.18913912187499998 0.6823308484374999 0.20039691406250001 0.6758577828125001 0.1971712890625 0.6626008718749999 0.19811903125000002 0.6489154484374999 0.20082555000000002 0.62990113125 0.21010475468749998 0.61780776875 0.2300656203125 0.599384940625 0.23154395625 0.5929032750000001 0.222852425 0.5797856 0.20959722187500002 0.5604690640625 0.19930228125 0.550807559375 0.18605066875 0.55410938125 0.17164676406249998 0.5576983140625 0.162818665625 0.56662259375 0.14012879375 0.5612721281249999 0.114979140625 0.565722896875 0.10739776406249998 0.5749294859375 0.12150965312499999 0.5952552578125 0.1313534796875 0.6080858250000001 0.1359171984375 0.614284696875 0.153997859375 0.6207836624999999
24 0.5968646640624999 0.8511392171875001 0.614975696875 0.8527399203125 0.6320102328125 0.8423822109374999 0.6433135375 0.828561846875 0.6534645484375 0.8150285953124999 0.62072989375 0.8060676296875 0.5764720984375 0.79997776875 0.46705682031249995 0.7911160484375 0.4678857984375 0.8007463140625 0.47470858906249996 0.81371824375 0.48405580156249994 0.8370652156249999 0.494676784375 0.8405321671875001 0.5149672843750001 0.8385331656250001 0.530398496875 0.83163160625 0.5339652906250001 0.8362448859375 0.54717135 0.8402903765625 0.5674315171875 0.8431896015625 0.5819301109375 0.8475243593749999 0.5968646640624999 0.8511392171875001
24 0.5997678046875 0.6581061609375001 0.6007829640625 0.6785974375 0.604833090625 0.6952429421875 0.5927042046875 0.70885781875 0.594786678125 0.724669478125 0.5961275359375 0.7428727875 0.6129688578125 0.7395592578125 0.635937503125 0.736043134375 0.6466405265625 0.7347004375 0.660739721875 0.73824928125 0.663217159375 0.721232775 0.6698700484375 0.7032445421875 0.6586690953125001 0.6844084968749999 0.665480621875 0.6743253453125 0.664399721875 0.6644432296875 0.6609900015625 0.6449899671875 0.6617754671875 0.6355255734374999 0.665415325 0.617846721875 0.6715264734375 0.5867525031249999 0.6171855953125001 0.5878146390625 0.610528659375 0.5971646125000001 0.6078658484374999 0.6079795125 0.6039222265624999 0.6244099375000001 0.6007202656249999 0.6384487390625 0.5997678046875 0.6581061609375001
24 0.2301309140625 0.6570776234375 0.2342066203125 0.6467111562500001 0.24699632343750003 0.629222990625 0.2583706640625 0.6104372984374999 0.258172921875 0.6005855718750001 0.2623884265625 0.5885341125 0.23535978281249997 0.5859177265625 0.23092515468750002 0.5948090671874999 0.2253078953125 0.6033593921875 0.2083709703125 0.6218808953125 0.20117119374999998 0.63522600625 0.202395353125 0.66737424375 0.2001545875 0.6739831828125 0.1950830703125 0.6779971 0.19040375781250002 0.6813632234375 0.1809598984375 0.6809660156249999 0.169190075 0.6800482484375 0.15617201875 0.6717407093750001 0.151728165625 0.65799645625 0.1512917 0.6449039 0.1517385421875 0.6354416046875 0.15075633906250002 0.62688544375 0.1417047296875 0.6258404421875 0.1380076234375 0.6377627359375 0.1360771015625 0.656945659375 0.1406062015625 0.6778193890625 0.154241540625 0.690923609375 0.1643605546875 0.707654259375 0.188701590625 0.7263418515625 0.2048633890625 0.7317514359375 0.2068993125 0.7581968859375 0.21580397968749998 0.8038329750000001 0.23104208750000002 0.850641296875 0.2736365515625 0.8471790140625 0.2799290015625 0.854962109375 0.2847241203125 0.8746694421875001 0.28846876093749996 0.89683875 0.28968370625 0.9063514500000001 0.303036065625 0.9024744765625 0.313810078125 0.897039703125 0.32008556875 0.8866752015625 0.320126509375 0.880064309375 0.3155428140625 0.8680050578125 0.30877295781249997 0.8537402875 0.3000010171875 0.8493252468750001 0.29107559375 0.8487988625 0.281861196875 0.829006940625 0.2752175296875 0.815260771875 0.2648597875 0.7952892859375 0.2520771421875 0.7698713453125 0.24735362031250002 0.7594971203124999 0.24547445625000003 0.7495142796875001 0.24216625781249998 0.7404376078125 0.231095640625 0.7310947375 0.2206559671875 0.72434498125 0.2179923875 0.715657721875 0.220471875 0.7122896453124999 0.24168555937499997 0.7136046109375 0.2376065765625 0.7036198359375 0.2463069609375 0.6987017375 0.25745950156249997 0.694822834375 0.262838040625 0.683031675 0.2536875265625 0.67706078125 0.2420711828125 0.6722543671875 0.2361709859375 0.6638234875 0.2301309140625 0.6570776234375
24 0.29373725156249997 0.6112178015625 0.3136852234375 0.60227490625 0.3296649359375 0.5840173671875 0.3343907234375 0.5754622546875 0.3364844859375 0.5607528625 0.333490084375 0.5484462578125 0.32676581250000003 0.53479900625 0.33289208124999997 0.5156798203124999 0.33991902343749997 0.5235765812500001 0.3508060484375 0.5333491296874999 0.36319561093749997 0.537639678125 0.366059821875 0.54941121875 0.364398915625 0.5589051781250001 0.35605935781250003 0.5689282140625 0.346403796875 0.5758740687499999 0.341924309375 0.5877728578125 0.342057921875 0.6093048859375 0.350225003125 0.605567403125 0.3699548515625 0.5887337796875001 0.379536578125 0.5721586578125 0.38770028437500004 0.5474242359375 0.391064378125 0.5216156671875 0.39523782343749997 0.49447043593749995 0.3805927578125 0.48790429687500003 0.35259038125000003 0.482396296875 0.3220862140625 0.4712690765625 0.2964239453125 0.45439536406250003 0.2709515671875 0.44995950156250003 0.2596739765625 0.43858176875000005 0.23427209375000002 0.4227782015625 0.19202198125 0.4543031796875 0.1959136453125 0.47262884375 0.20687319375 0.5012163843749999 0.22288399375 0.4972100140625 0.2341159234375 0.494411425 0.2488314703125 0.48960982187499996 0.27087659531249997 0.4869545125 0.2840754671875 0.4899084078125 0.287502725 0.49699957968749997 0.283874834375 0.5007410625000001 0.2746239734375 0.5070186015625 0.26596766562499996 0.5250656593749999 0.2686735125 0.540849178125 0.2728818734375 0.5511507671875 0.280559775 0.5617228921875 0.2852150890625 0.564535559375 0.28397290937499997 0.5710876015624999 0.2793632734375 0.582451315625 0.27197733281250003 0.5893991875 0.2592287296875 0.5999532750000001 0.2559491703125 0.6121206046875 0.2541580765625 0.6210795015625 0.247292853125 0.63016764375 0.23906940625 0.6429992921875 0.230455378125 0.6542257140625 0.24398850625000001 0.6678789875 0.26007979375 0.678057321875 0.26930249375000004 0.6763268984375 0.27550262812500004 0.6668369281250001 0.2847078609375 0.6463830359375 0.28892696875 0.633414128125 0.29373725156249997 0.6112178015625
24 0.722005425 0.4976688484375 0.7371468703125 0.502307234375 0.7500458109375 0.5069436421875 0.7651872546875 0.5115820296875 0.7833708640625 0.5149016875 0.7979108953125 0.5101573328125 0.8131219468750001 0.5035635921875 0.824918796875 0.494456121875 0.8141198515625 0.49153943437500003 0.8017355453125001 0.48901776718749995 0.787466740625 0.4925730375 0.7710110125 0.48714068125 0.75485440625 0.47602631874999995 0.7392123703125 0.4670267953125 0.7226419390625 0.45881923750000003 0.7065131265625 0.443212084375 0.68330200625 0.442266584375 0.6698049828125 0.466917246875 0.66916518125 0.46709707343750007 0.6691512656249999 0.46934348750000005 0.6804681046875001 0.4951214515625 0.6861387671875 0.495390740625 0.7010507625 0.49447890625 0.722005425 0.4976688484375
24 0.46082147500000004 0.384694875 0.4700147546875 0.383459540625 0.48367049531250006 0.3832229 0.4955660828125 0.3865907234375 0.5071933984375 0.3931913078125 0.51581075625 0.4047629625 0.5222361921875 0.4094937515625 0.5272090656249999 0.4082546890625 0.5452324875000001 0.404291565625 0.5493973140625 0.3932285671875 0.5507812375000001 0.3902455078125 0.5601217484375 0.385279953125 0.5702147156249999 0.3790715734375 0.5689225140625 0.3672576515625 0.5736794796875 0.3607959140625 0.5833014000000001 0.3504837640625 0.5871162125 0.3358144234375 0.5752729921874999 0.323991178125 0.562530078125 0.317140959375 0.5452984812499999 0.31351973593750004 0.507638796875 0.3213202296875 0.4871813859375 0.3174474671875 0.465421784375 0.3233968109375 0.4489327 0.34016884375 0.43825072187499997 0.3612980734375 0.43017281562500004 0.3907499875 0.44826824531250004 0.3872950234375 0.46082147500000004 0.384694875
24 0.256103196875 0.317826215625 0.24752739687499997 0.3307966296875 0.248196246875 0.34281781875 0.2585576078125 0.35016697343750003 0.2732180515625 0.349222528125 0.2879596828125 0.35232046562499997 0.30532376562499997 0.3606331984375 0.331865296875 0.37884708906250003 0.35040215625000004 0.3864162140625 0.3739097359375 0.3913816375 0.3868742234375 0.37868289375 0.393725903125 0.3697532859375 0.3831910328125 0.3561277328125 0.3661263828125 0.3509002046875 0.342795096875 0.345879875 0.3189908359375 0.331497971875 0.303040178125 0.31786765625 0.2891494203125 0.31455770156249996 0.26706076875 0.3146445828125 0.256103196875 0.317826215625
24 0.519714825 0.1480905765625 0.5119012406250001 0.1451547640625 0.49657961874999995 0.1405386328125 0.49255579374999997 0.14953106875 0.48081187343750004 0.17420734843750002 0.47080743125 0.18779709375 0.4588021078125 0.20410478593749998 0.44911417187499997 0.217171796875 0.44059044375 0.22772931093749998 0.4342492390625 0.23996243750000001 0.42423378281249996 0.2553304390625 0.4041257046875 0.2827612265625 0.41150727812500004 0.2869097484375 0.41901534375000005 0.288590046875 0.4296334046875 0.29393425 0.43618091249999996 0.29896104375 0.442513784375 0.304929084375 0.456241840625 0.31393718437499996 0.47450287187500007 0.31604539531250003 0.49699139531250003 0.3099982328125 0.516810265625 0.296626321875 0.521579940625 0.28522865468749997 0.5215442546875 0.2741405484375 0.5176636796875 0.260015540625 0.51114924375 0.2496539359375 0.5069080703125 0.24316471874999998 0.49301206875 0.2444077 0.47818854999999993 0.2436623875 0.47237588124999996 0.23800862031249997 0.47344927812500004 0.23330236875 0.47662541875000003 0.226296659375 0.47948502968750006 0.2198137125 0.4863684265625 0.20433833125 0.49123996718749996 0.1933591796875 0.49474359375 0.18405246875 0.49709405 0.1754769734375 0.501660096875 0.1632422890625 0.5056398328125 0.16136291875 0.517353321875 0.15844434062499999 0.5205074078124999 0.154995190625 0.519714825 0.1480905765625
24 0.5289524984375 0.2586937984375 0.5563147984375 0.31554280625 0.556902265625 0.31589775468750003 0.5619595234375 0.3181468625 0.573721421875 0.32323721875 0.5826360859374999 0.3310422609375 0.6006675265625 0.3330665421875 0.6162465421875 0.3311900734375 0.638735296875 0.33711687968750004 0.6563346140624999 0.3517816484375 0.6750062984375 0.3646752890625 0.69203055 0.376976778125 0.7039448125 0.37651473750000003 0.7160766453125 0.37900637656249997 0.7241210234375 0.37499675 0.72815570625 0.3709835828125 0.7313853140625 0.3636618171875 0.732264984375 0.354920315625 0.728535053125 0.3478286640625 0.7226976765625001 0.33825425937500003 0.71707783125 0.33163350625 0.7082657359375 0.3263094703125 0.69755131875 0.3234646796875 0.689211684375 0.318022925 0.689134034375 0.31152520625 0.69435604375 0.30621355625 0.6997179796874999 0.2973578625 0.697392996875 0.2919214265625 0.6935355828125 0.286365471875 0.6857834140625 0.2812786625 0.6805335 0.2720591734375 0.6801108328125001 0.26414348906249996 0.6806206078125 0.25800071406249997 0.6756007109375 0.24972656875000002 0.6720634359375001 0.249605278125 0.6526922625 0.2544318765625 0.62541656875 0.2597240796875 0.5953558546875 0.2576891609375 0.583889178125 0.2620501796875 0.57206504375 0.2670015765625 0.54957330625 0.24252694375 0.5289524984375 0.2586937984375
24 0.4187163640625 0.6424978343750001 0.41323625625 0.6461830281250001 0.42763025781249997 0.679132809375 0.44455873593749995 0.7031102328125 0.44590789218750004 0.701835915625 0.4636498515625 0.7008948953125 0.48114011718749994 0.6965369546875 0.496591559375 0.690947171875 0.5050239890625 0.6731877374999999 0.50311471875 0.651045771875 0.502550284375 0.6320484203125 0.4990911515625 0.6178318218750001 0.48324057343750004 0.6217812109375 0.4612302875 0.6290051984375 0.45312160312499994 0.63856485625 0.4331933390625 0.6400505812499999 0.4187163640625 0.6424978343750001
24 0.6828531124999999 0.7413021640624999 0.6681849640624999 0.7414542984375 0.6441130171875 0.743248978125 0.6221998453124999 0.7424042156249999 0.5899484984375001 0.7404156656249999 0.5803756718749999 0.763333203125 0.6147287046875001 0.77789110625 0.637766825 0.7833592734375 0.6619647140625 0.78783795 0.6797036765625 0.7974285937500001 0.6949972640625 0.80272481875 0.707363371875 0.8017452328125 0.7189780828125001 0.7890438671875 0.7233652046875 0.7725391640625 0.7214714843750001 0.7590004578125 0.7147955421875001 0.7459528140625 0.7045708140625 0.7470993328125 0.6828531124999999 0.7413021640624999
24 0.8187729015625 0.6582700890625001 0.8314753015624999 0.6469142046874999 0.8509351703125001 0.6334195796875 0.8366189484375001 0.6287957765625001 0.8194642921874999 0.6330700984375001 0.7957496625 0.6421642609375 0.7893871890625 0.649665215625 0.7611750828125 0.6589699015625 0.7473243625 0.6656063296875 0.7208394765625 0.679819525 0.7186156593749999 0.685955978125 0.7168662734375 0.6918524234375 0.7124393453125 0.6979609953125 0.719058509375 0.7008622328125 0.7390995328125001 0.6972338765625 0.760229678125 0.6906038624999999 0.7777201218750001 0.6839706296875 0.7916752359375 0.6777632296875 0.8045863890625 0.667265434375 0.8187729015625 0.6582700890625001
24 0.14934927343749999 0.42566485 0.149306515625 0.43256838750000004 0.15371206875 0.441235615625 0.1602403015625 0.45626685624999996 0.1640332390625 0.47657485624999996 0.1682500046875 0.49390522812500004 0.1788027578125 0.513677765625 0.193803859375 0.5352139546875 0.21348497968750002 0.5429471 0.26379179218750004 0.5585584390625 0.2628836234375 0.5524662265625 0.258944659375 0.5339178296875 0.2573633703125 0.5274189328125 0.2588984421875 0.51956915625 0.26489615781250003 0.511181846875 0.272225865625 0.5059091109375 0.2791459984375 0.501312828125 0.281062134375 0.4973889359375 0.273233840625 0.49589302812499997 0.2576948046875 0.4957439375 0.2360405375 0.5011393984375 0.20518321875 0.508827928125 0.20171429375 0.5016505421875 0.1976150515625 0.4871629390625 0.1919059703125 0.4707787859375 0.18711935625 0.4581856828125 0.185420540625 0.448844021875 0.18376452968749998 0.43259880781250004 0.17638518593750002 0.40227065 0.14934927343749999 0.42566485
24 0.3811383046875 0.5820335765625 0.380065771875 0.5949569734375 0.3850095484375 0.5979438906250001 0.40955671875000005 0.5948409953125 0.4384162671875 0.58222615625 0.446842878125 0.5722917828125 0.4493279046875 0.5602217984375 0.44499702343749997 0.5498500671875 0.4349861203125 0.54089359375 0.4129090265625 0.5343409140625 0.3911755671875 0.54310260625 0.39022266875 0.557471109375 0.38632510625 0.5686877171875 0.3811383046875 0.5820335765625