15 0.4917375796875 0.5749745500000001 0.479710284375 0.5949010968749999 0.4753169953125 0.6105874546875001 0.4788337796875 0.6619233125 0.4936549453125 0.7562347734375 0.4990553578125 0.7702877421875 0.509044259375 0.7842281859375 0.5208833359375 0.7939436234375 0.536038178125 0.8017412421874999 0.5667705546875 0.8078902859375001 0.5859341062500001 0.8065337343750001 0.6029379593749999 0.80257038125 0.6339370984375 0.788321359375 0.64642868125 0.7786425171875 0.660191821875 0.7632329953125 0.6674389171875 0.7504530546875 0.6734514 0.7329538109375 0.6737955484375 0.71426369375 0.6707858156250001 0.7004054078124999 0.628011021875 0.6162153078125 0.613584903125 0.5831953890625 0.6015517921875 0.565442084375 0.5881316328125 0.554625521875 0.5673858328125 0.54734498125 0.548723515625 0.5484992578125001 0.5239308953124999 0.5532869 0.50245520625 0.563692690625 0.4917375796875 0.5749745500000001
15 0.767921109375 0.48612874218749996 0.7595537296875 0.4854473546875 0.75122445625 0.48185195937499997 0.7222671984375 0.48484190156249996 0.708926746875 0.4908052265625 0.6936206312500001 0.5021996125 0.681400465625 0.5216242703125 0.677045284375 0.5343966171875 0.676584484375 0.546756825 0.679402509375 0.5676491875 0.685960153125 0.5847135078125001 0.69965173125 0.6052758828125 0.7187783359375 0.614369309375 0.78205980625 0.6555002812499999 0.8174211046875 0.6736947265625 0.8428327765624999 0.68257069375 0.8550945437499999 0.682839934375 0.8640012671875 0.6804050375 0.8941134281249999 0.66535450625 0.907838459375 0.6528589953124999 0.92106109375 0.6330297890625001 0.9341278031250001 0.6022487109375 0.9332373328125 0.578839296875 0.9299954593749999 0.559857159375 0.9250188984375001 0.5438939625 0.916418209375 0.5305527546875 0.9011086015625001 0.5193392343750001 0.8849512921875 0.5119461671875001 0.8586919171874999 0.5068906515625 0.8248354796875 0.4956253484375 0.8045920765625001 0.4956785015625 0.78839665625 0.49119944374999996 0.7759420218749999 0.4904283078125 0.767921109375 0.48612874218749996
0 0.2743994625 0.69340781875 0.2648748515625 0.6897150796875 0.252727415625 0.680703809375 0.24890925 0.6752879328125 0.24092412031250002 0.653002421875 0.2143723875 0.502553646875 0.203302471875 0.479773834375 0.1972865 0.4746651703125 0.13668457812499998 0.556514234375 0.10839029687499999 0.6079336171875 0.09189233125 0.6418385718749999 0.0837213109375 0.6642669859375 0.081257903125 0.6925082296875 0.083305603125 0.7189289984375 0.0889762671875 0.7351918078125 0.0919883265625 0.7641220375 0.102403409375 0.7912241890625 0.09857979375 0.8144193187500001 0.16420346875 0.9851854343750001 0.179474775 0.9902729375 0.1969036453125 0.9919353281250001 0.292179740625 0.9731969109374999 0.30663815156249996 0.965622978125 0.31943809375 0.9552399656249999 0.3886014328125 0.882110153125 0.44045604687499995 0.836255765625 0.489034165625 0.7969411578125001 0.5023734515625 0.7834418640624999 0.503567628125 0.7760032359375 0.49465741406249997 0.7558302203125 0.493110946875 0.72920718125 0.4886367890625 0.720577678125 0.45504827812500004 0.6964502796875001 0.442977059375 0.6816109906250001 0.4197227625 0.6602698859375 0.40773125 0.6622104859375 0.318394909375 0.6918855859375 0.2995016109375 0.69545198125 0.2743994625 0.69340781875
25 0.21968611093749998 0.45461090937500004 0.2364636359375 0.4832035546875 0.297322134375 0.5647337 0.3294081 0.5970038921875 0.3462987921875 0.609318540625 0.35123375156250003 0.6055878359375 0.360485784375 0.5919987921875001 0.3650315125 0.5646563984374999 0.361174075 0.5546185593749999 0.3610562578125 0.54075268125 0.349214853125 0.5159653046875 0.3352160796875 0.503643065625 0.3215637765625 0.48770264843750005 0.2966486875 0.4484805328125 0.2676879390625 0.4288625671875 0.22700477343749997 0.40585907031249996 0.22083519843750002 0.4048704734375 0.21331668750000002 0.407904603125 0.207418528125 0.41666181875 0.2089626671875 0.428212921875 0.21968611093749998 0.45461090937500004
25 0.3837537625 0.452170528125 0.40773795 0.45582529843749997 0.4115549515625 0.4537052046875 0.4163351484375 0.4465586 0.4162888953125 0.39672082343750004 0.41277094999999997 0.3378489953125 0.409607615625 0.3281107765625 0.40212604843750005 0.320694928125 0.3826148625 0.3181336875 0.33460954374999996 0.321274125 0.302221028125 0.32738794375 0.2345532515625 0.3471591453125 0.23582713593750002 0.35650040625 0.24307888437499997 0.373864340625 0.25395476562499997 0.3886062921875 0.3075949671875 0.41971461562499995 0.3474292671875 0.4390025921875 0.3837537625 0.452170528125
25 0.36131138749999997 0.44499491874999997 0.32255693750000003 0.42701034531250004 0.292863975 0.41000676875000003 0.28877672187500003 0.409917021875 0.287929015625 0.4137374734375 0.2917102359375 0.42960332812499996 0.30220269843750003 0.458413434375 0.3197898203125 0.48609963437500003 0.33413623124999997 0.502339665625 0.365218565625 0.527478440625 0.43085144375000006 0.5641821359375 0.43952834999999996 0.5716953250000001 0.4710703234375 0.576937928125 0.480208028125 0.5720909140625 0.4854894625 0.56474203125 0.48093907968750005 0.5619405515625 0.4615064390625 0.5686232312499999 0.45992535468750007 0.5675221046875001 0.45409992499999996 0.5478433921875 0.4396263921875 0.45744972500000003 0.43557608124999997 0.4469099984375 0.4303315953125 0.443808903125 0.4226952671875 0.43297715 0.4172198 0.4322881703125 0.41664351093749996 0.445854434375 0.41267291093749997 0.45209459687500003 0.40554013906249997 0.456132509375 0.40045041562500006 0.4564473109375 0.36131138749999997 0.44499491874999997
23 0.4009214046875 0.2603098296875 0.4060896734375 0.2692389484375 0.4311746484375 0.4098445703125 0.4324508609375 0.4342577703125 0.4411324203125 0.47191484062500005 0.4514759375 0.5349888890625001 0.4598479703125 0.5658141546875 0.4655163125 0.5670050265625 0.5073901656250001 0.5599619859375 0.581112028125 0.5423854390625 0.585430265625 0.5400630671875 0.58658633125 0.5355384515625 0.5825313703125 0.49485484375000005 0.560921578125 0.3858911828125 0.5479898546874999 0.29197668125 0.5357187859375 0.23141968125 0.5243023953125 0.21225804843749999 0.516432759375 0.1887664765625 0.511381146875 0.18616726875 0.46622963124999994 0.19221412031250001 0.398252328125 0.20515351874999999 0.359232275 0.21510298125 0.36015969062500003 0.22806241562500001 0.365713703125 0.237995315625 0.378940990625 0.24830998906250001 0.4009214046875 0.2603098296875
25 0.3456046859375 0.609018925 0.3278270203125 0.5959027703124999 0.29909609062500003 0.5663367171875 0.2635372625 0.5174965015625 0.2455309390625 0.521864403125 0.2355836390625 0.5276178609375 0.2372813765625 0.535048896875 0.2443009828125 0.5472889796875 0.269755415625 0.5833948140625 0.30296050625 0.6215903671875 0.32768039843749996 0.64523865625 0.3333487359375 0.6464295265625 0.37275336718749996 0.629947884375 0.40780165156250003 0.61870261875 0.4196384015625 0.61334611875 0.439455625 0.60013125625 0.451367428125 0.5814107625 0.4529473484375 0.574975921875 0.4491291828125 0.5695600453125 0.44006769375 0.5685790390625 0.41619783593750004 0.556182240625 0.3979189328125 0.5432683625 0.3730466046875 0.5312761140625 0.35565468125 0.5191637421874999 0.352802040625 0.5237932984375 0.3600537875 0.5411572328124999 0.36214192343749996 0.5797359281250001 0.357440271875 0.596126453125 0.349113325 0.6076029968750001 0.3456046859375 0.609018925
0 1 0.45185547656249997 0.9495522984375 0.1923245515625 0.9408489531249999 0.1798146859375 0.8859694843750001 0.11384318281250001 0.8338676046875 0.056606115624999995 0.8246894609375 0.0492952 0.8139695093749999 0.045505121875 0.7865194453125001 0.07049614531250001 0.7129223812500001 0.1471543890625 0.679226525 0.176984834375 0.661492784375 0.19863451875 0.637781178125 0.2122615265625 0.6310353140625 0.22483919375 0.6321544375 0.23076455468749998 0.6369369609375 0.2386898875 0.654406265625 0.252510209375 0.7050437171875 0.3149760625 0.74565299375 0.3588795171875 0.75645265625 0.3794494859375 0.7852691093749999 0.46347527499999996 0.7973807640625 0.49047249531250003 0.8202088828124999 0.49865188437499997 0.8424964953125 0.5024115921875 0.8531009562499999 0.5074077296875 0.886532375 0.5130472875 0.9081270437500001 0.5240433484375 0.9198899031250001 0.53958680625 0.9269106718750001 0.559362859375 0.9301537109375 0.5858809671875 0.9341647468750001 0.591798734375 0.9662472265625001 0.6014610203124999 1 0.6049260984375 1 0.45185547656249997
24 0.7162489 0.464661296875 0.7158619921875 0.45612154218749995 0.708804278125 0.44679546875 0.7040598625000001 0.43595612343749995 0.7041741906250001 0.42721409687499995 0.6933710375000001 0.3840362203125 0.6816867249999999 0.37773668125 0.660749215625 0.3774902171875 0.657742975 0.386239840625 0.6600978703125 0.40442046875 0.6567821046875 0.4063382890625 0.645137065625 0.40466071093749995 0.63325988125 0.3978592828125 0.6272069609375001 0.403200596875 0.6104733625 0.409373790625 0.59289089375 0.41183146718749997 0.582441190625 0.4102512296875 0.5827865 0.399097084375 0.57946956875 0.3934789359375 0.5664374796875 0.3987380921875 0.5654361734375 0.40667861250000004 0.5727664671875 0.4332864703125 0.5718032734375 0.4383129796875 0.5841909984375 0.5051998921874999 0.5873578203125 0.5375460171875 0.5837729625 0.5447899625 0.6189771734375 0.5444965703125 0.651789540625 0.5364725265625 0.66081175625 0.532831565625 0.66173684375 0.5307190671875001 0.6628155265625 0.5244864953125 0.659805796875 0.5106282078125 0.6613476078125 0.507107375 0.66693856875 0.506590296875 0.669407790625 0.5160288984375 0.672261596875 0.5189353156250001 0.6831339859375001 0.5110693578125 0.6709056765625 0.47774222499999996 0.6679721625 0.45805592187500005 0.6743727171875 0.4566323984375 0.687177315625 0.47639326718749997 0.6943112484375 0.47989132031250004 0.7082303171875 0.475433671875 0.7162489 0.464661296875
19 0.64916178125 0.24940911093749998 0.6441494390625 0.251431865625 0.6272634015625 0.269261096875 0.6187805281250001 0.26978576875 0.6103334390625 0.252324490625 0.6101786765625 0.24890858906250002 0.613609934375 0.24578471093749998 0.6117193249999999 0.237851784375 0.6048556453125 0.23656357031250003 0.59691328125 0.24150792812500002 0.59344275 0.2400098453125 0.58723506875 0.24193525624999998 0.585577765625 0.24666215 0.5872778296875001 0.2691651265625 0.5964940828125 0.27356203125 0.6076783234375001 0.2875998140625 0.6059829109375 0.295240715625 0.6083747546875 0.3029713703125 0.5969260765625 0.32440359218750003 0.5968129140625 0.3406815890625 0.591917228125 0.349034253125 0.597124765625 0.3625853296875 0.6060707625 0.36477239375 0.607420865625 0.3682856359375 0.59677945625 0.3737394765625 0.596472259375 0.3819796140625 0.6036835734375 0.38718561875 0.6302905859375 0.396158925 0.6364208859375 0.3925255609375 0.6334099906249999 0.3711313046875 0.6404642125 0.3578494734375 0.6484065796875 0.352905115625 0.6727372375 0.35294171093750004 0.678173434375 0.3490087328125 0.679136628125 0.3439822203125 0.6701871406250001 0.31918725000000003 0.6594671875 0.3153971703125 0.6421549703125 0.320064690625 0.6382986984375 0.317562825 0.646278009375 0.302168490625 0.6596172984375 0.28866919687500003 0.6640105875 0.2729828359375 0.6622354671874999 0.2638438515625 0.64916178125 0.24940911093749998
19 0.587527425 0.3873285203125 0.5945435406249999 0.376960696875 0.5970092734375 0.3637913890625 0.5926113328125 0.34933386875 0.5952711015625 0.344202425 0.5954616484375 0.329632378125 0.60621621875 0.3079005375 0.60787119375 0.28810170468749996 0.5973429515625 0.27727754843749997 0.569847796875 0.259966765625 0.556893090625 0.2669338734375 0.546059971875 0.27942179375 0.561963315625 0.39010859375 0.5638920359374999 0.395127509375 0.5692520140624999 0.3970225515625 0.587527425 0.3873285203125
27 0.438375775 0.5988278546875 0.41474155 0.6141628140625001 0.3356620375 0.6449162578125 0.32987820625 0.6449314453125 0.325327828125 0.6421299640625 0.28892246093749996 0.6046461703125 0.2382457359375 0.5375583546875 0.235545528125 0.5305318703124999 0.2380124296875 0.5248985359375 0.2589487734375 0.517609028125 0.2596809890625 0.514994634375 0.218606259375 0.4533075078125 0.2071494390625 0.42198794531250006 0.2075340203125 0.415455759375 0.211196259375 0.40991976250000006 0.2190231328125 0.40618146718750003 0.22669641093749998 0.40656323906249997 0.27007861875 0.4290572484375 0.29587719843750004 0.4464729671875 0.287619490625 0.40690567031249997 0.2545714890625 0.3871979578125 0.2490567515625 0.3818870171875 0.2374856 0.35930948281249997 0.23509375625 0.35157882812499996 0.23594146249999998 0.34775837656249997 0.2420717640625 0.34412501406249996 0.28120730312500003 0.332969496875 0.3248158421875 0.32290751093750003 0.3591711828125 0.3188986015625 0.3957636046875 0.319204440625 0.40575134375 0.3256089125 0.410342159375 0.340568321875 0.41583042499999995 0.4241529671875 0.4185306296875 0.43117945 0.43561418906249993 0.44399598749999997 0.435611865625 0.42892405 0.4271589578125 0.3737829265625 0.40963874687499996 0.27998095 0.40512531249999995 0.266729490625 0.40146191093750005 0.2647295140625 0.38067916562500004 0.2678989546875 0.2796977828125 0.295896475 0.2037018953125 0.3196082515625 0.18665993125 0.3264856140625 0.1691560078125 0.33818721093750004 0.1599420828125 0.34886224375 0.153273603125 0.3631478609375 0.15096262968750002 0.37973306875 0.1520829171875 0.3931944 0.18147914999999998 0.48626183125000005 0.1845258265625 0.4896701421875 0.1877261046875 0.48895838124999996 0.1934313875 0.4796992734375 0.19987005 0.47536174375 0.214256896875 0.50375970625 0.2413098640625 0.6540062046874999 0.2512237109375 0.6813106343750001 0.2633711515625 0.6903219046875 0.2749780796875 0.69491349375 0.30447584375000003 0.6963432359375 0.3428017859375 0.6860941640625 0.40692165312500006 0.6631169265625 0.46548983593750004 0.64527873125 0.4775194546875 0.640424121875 0.47894577812500005 0.6381093453125 0.47944584843750004 0.6303711015625 0.4763587359375 0.6148048625 0.47870897812499996 0.6028416171875 0.48884682812499997 0.5825181125000001 0.5000656875 0.571033978125 0.5014146265625 0.56701125 0.4996014 0.5607862734375 0.484409609375 0.5634386328125001 0.47712324375000004 0.5715966109374999 0.47080007031250004 0.5747280875 0.457651328125 0.5736573328125 0.45314021875000005 0.5754778109375 0.44770518593749997 0.5869467609375 0.438375775 0.5988278546875
27 0.546367171875 0.27118165625 0.553268959375 0.2695558609375 0.5705419046875 0.2602663828125 0.5814154578124999 0.25993639218750003 0.5864254703125 0.2428417 0.6041615390625 0.2362639546875 0.6104084953125 0.238960503125 0.6116049984374999 0.2465938125 0.6203223421875 0.2662649328125 0.6256049359375 0.2664520203125 0.6315423671875 0.26231676406250004 0.6346259890625 0.255275096875 0.6466163359375 0.245798528125 0.63084360625 0.231873271875 0.6309960421875 0.2202172359375 0.6394777484375 0.21215659375 0.6668134875 0.19590759687499998 0.670899578125 0.1884613765625 0.668893478125 0.1817345078125 0.653083803125 0.1782592328125 0.6218132484375001 0.18276244218749998 0.590273603125 0.192591778125 0.54107410625 0.20317084375 0.530239825 0.208122790625 0.54285736875 0.2650616140625 0.546367171875 0.27118165625
27 0.6726482234375 0.2758740671875 0.6670953749999999 0.273477134375 0.6633938625 0.27439117031250004 0.6584219578125 0.2885718515625 0.651559440625 0.2948196078125 0.6431943859375 0.3092101609375 0.6476292781249999 0.3132177015625 0.660392275 0.31328466875 0.6679119499999999 0.3177865078125 0.67740078125 0.339465196875 0.677517434375 0.34579510625 0.67196575 0.35093414375 0.648522071875 0.3516990578125 0.6371484453125 0.35976729218750003 0.63275515625 0.37545364999999997 0.6354957984375 0.3946380640625 0.6441727046875 0.4021512515625 0.655008146875 0.4047352734375 0.660945578125 0.4006000171875 0.6585525703124999 0.3853333984375 0.6626386625 0.3778871765625 0.6811854890625 0.3779389578125 0.6893218921875001 0.3810324625 0.6933329296874999 0.3869502296875 0.704368225 0.43525195781250003 0.7140106562499999 0.4528105765625 0.7165179890625 0.45933516875 0.7158631546875001 0.46365751250000004 0.7079600625 0.47322382812499997 0.6947351015625001 0.4779810953125 0.68513310625 0.47258040625 0.6763395453125 0.45873730625000003 0.6696687390625 0.45795098593750005 0.668474559375 0.4653896125 0.670790184375 0.4789482828125 0.6796241828125 0.5049493125 0.6782371359375 0.51188605 0.6702173890625 0.5151224562500001 0.6544112015625 0.5342550875 0.639374175 0.54032335 0.619979640625 0.54409201875 0.5926415781250001 0.5452690734375001 0.588901959375 0.549097121875 0.6096893578125 0.576071559375 0.6219165046875 0.601862721875 0.62758484375 0.60305359375 0.6763593218749999 0.5868487874999999 0.68087043125 0.5850283093749999 0.6832218375 0.5806010328125 0.6780893531250001 0.5536859671875 0.679899090625 0.537303034375 0.68645208125 0.5242234765625 0.6882629828125 0.5153765140625 0.6968982890625 0.5031958046875 0.70761591875 0.49191394375 0.7194526671875 0.4865574421875 0.7342587093749999 0.4829013 0.768653325 0.4835143484375 0.7723929453125 0.4796863046875 0.7521748546875 0.3939297828125 0.7343532625 0.3460477921875 0.694283328125 0.29902805312499997 0.6726482234375 0.2758740671875