7 0.3295826234375 0.593078453125 0.2944156546875 0.5967746515625 0.26980542500000004 0.600678159375 0.269942321875 0.601980640625 0.27102371718749996 0.6036738484375 0.24059540625000003 0.6485217921875 0.2121402828125 0.6910186078125 0.200480509375 0.73043329375 0.23996167499999999 0.7552547671875 0.314950084375 0.7921467046874999 0.340721965625 0.8118247390625 0.3603335203125 0.7728911578125001 0.3405264546875 0.7473187203125 0.32400883125 0.7279848921875 0.362265796875 0.6910422046875 0.40347193125 0.6445714671875 0.42973278125 0.6062558859375 0.4428319328125 0.5680067859375 0.380105565625 0.5851345421875 0.3295826234375 0.593078453125
7 0.122727021875 0.40412085781249996 0.1488431109375 0.414544634375 0.18242987500000002 0.4334012921875 0.2293152359375 0.453493946875 0.2788055546875 0.47331281093750005 0.2986869671875 0.4620051078125 0.299592965625 0.46142647812500004 0.28608071874999996 0.417239675 0.2679907546875 0.37041686406249996 0.23914067656250002 0.3089225625 0.290625821875 0.2850750921875 0.3382035296875 0.2616383109375 0.30591924531250003 0.242644759375 0.27740550625 0.2219380359375 0.23908992499999998 0.1956771859375 0.226061190625 0.22206706718749997 0.20768563593749997 0.2477020515625 0.18094368125 0.2939694140625 0.1527623515625 0.3390711890625 0.122727021875 0.40412085781249996
7 0.2843675484375 0.41346912812500003 0.3041706796875 0.46406248593750005 0.360384646875 0.4476192109375 0.4056976671875 0.44022288125 0.43003803749999997 0.4086934953125 0.46329695937500004 0.36322504218749996 0.4543902078125 0.30210135 0.4426757484375 0.25329157812499997 0.43315163125 0.2253214890625 0.3815295875 0.2478664796875 0.3370379453125 0.2630776890625 0.3018005625 0.2786331046875 0.2707444109375 0.2963827953125 0.2401693640625 0.30618070468749997 0.2649751046875 0.366783215625 0.2843675484375 0.41346912812500003
7 0.5424581015625 0.4258487796875 0.541022659375 0.39966227656250003 0.4970864671875 0.3700415703125 0.46308901406249997 0.34727747343750004 0.46123895 0.34220444687499996 0.46240060156249996 0.365785990625 0.4379233328125 0.39601289687499996 0.40528697812500003 0.43631544218749996 0.44943441406250006 0.4303584890625 0.49632370625 0.4254302265625 0.5424581015625 0.4258487796875
3 0.2629370921875 0.5979761921875 0.270038540625 0.6003902859375 0.27613946718750004 0.600802546875 0.31875130625 0.5952703671874999 0.3404687 0.591407534375 0.3899089828125 0.5806803031250001 0.4227048953125 0.5719658375 0.4765470140625 0.5555084796875 0.5115098203125 0.5423522859375 0.56373578125 0.5155298421875 0.5673694312500001 0.5125141953125001 0.5692484453125 0.507839346875 0.5688722171875 0.45915475 0.5680508390625 0.45133986562499995 0.5665434078125 0.44702095000000003 0.558181728125 0.4376282234375 0.5482156093749999 0.43051111718749996 0.53774179375 0.4260811125 0.5219070796875 0.423268053125 0.45627615156249995 0.42779577812499997 0.3974720953125 0.43713681875 0.37351975312499996 0.44228804843749997 0.35558619999999996 0.4470700515625 0.3363634625 0.454621290625 0.290692940625 0.4686395390625 0.269344771875 0.47852115937499995 0.25009465625 0.4858119046875 0.24138798281249998 0.49067761875000004 0.23649252812500002 0.4967229984375 0.2311715171875 0.5062369671875 0.22907189374999998 0.5188362125 0.22770057187499998 0.5208239609375 0.21138475156249997 0.5259626796875 0.1830861140625 0.5323608453124999 0.176710609375 0.5343478078125 0.17380368906250002 0.5367603265625001 0.17201931875 0.5498531843750001 0.1748127890625 0.5714196 0.177951253125 0.5787275734375 0.1848868515625 0.5895870578125 0.1892323609375 0.59334430625 0.1956485421875 0.59425018125 0.2003374703125 0.5937573546875 0.21323946249999998 0.5887140671875 0.24330681250000002 0.5816032546875001 0.245788175 0.5826593234375 0.25409509531249996 0.5915310593750001 0.2629370921875 0.5979761921875
7 0.634475053125 0.371667246875 0.6484182421875 0.3715186265625 0.659166634375 0.3735494109375 0.6634855515625 0.37204197968749997 0.6693557218749999 0.357729565625 0.6751883609375 0.3205075796875 0.6854932578125 0.2656962484375 0.692137125 0.2136400703125 0.7049280984374999 0.12985970156249999 0.7091813203124999 0.1101863859375 0.7136926781249999 0.10549824375000001 0.7149544828125001 0.10246851093750001 0.719182684375 0.06752215 0.7177167156250001 0.061091884375 0.714289590625 0.058554979687499994 0.7121101875 0.055360184374999996 0.7101662609375 0.0368649640625 0.708644746875 0.0349178921875 0.7008439484375 0.0333674234375 0.69444185 0.030089706249999997 0.6849137984375 0.027140540624999997 0.6279488703125 0.0239097125 0.6140878203125 0.024839821875 0.595756875 0.0283467234375 0.5569703406250001 0.032686726562500004 0.531976015625 0.037947473437500004 0.52927483125 0.039811621874999994 0.5283282812500001 0.043334967187500004 0.529298278125 0.0650930359375 0.5408248640625 0.2624653453125 0.54785739375 0.3544337546875 0.55161385625 0.3550924296875 0.554781271875 0.35265253125 0.572838425 0.34654066875 0.5900311640625 0.3447336390625 0.596940959375 0.345324259375 0.6032061609375 0.3472994984375 0.606948540625 0.350330015625 0.62002495625 0.36949878125 0.634475053125 0.371667246875
3 0.6751779078125 0.6486723640625 0.6775082890624999 0.65079779375 0.68022276875 0.6515659859375 0.6882707671875 0.650456734375 0.69433101875 0.6479761578125001 0.7016530734375 0.6424658515624999 0.70371045 0.6369821375 0.7027928515624999 0.6307576125 0.69646116875 0.615620675 0.6940908968749999 0.6055982234374999 0.6942426640625 0.599524675 0.698671884375 0.5940550453125 0.6982064375 0.5896266140625 0.6900239 0.5744208328125 0.6823490609375 0.55652795625 0.684419734375 0.55367658125 0.6958964296875 0.54509586875 0.7059478328125001 0.5329777250000001 0.7091707921875 0.526054634375 0.7092678 0.5194600953124999 0.7012636234375 0.5034454484374999 0.681100628125 0.4744865625 0.6702591609375 0.4540293984375 0.658622121875 0.43602621875 0.649123809375 0.4183249953125 0.637171515625 0.3998282015625 0.6273031890625 0.38111237343750004 0.6085662765625 0.35068673125 0.6044812640624999 0.3469021046875 0.5995185421875 0.3447899703125 0.5891401609375 0.343773790625 0.574291884375 0.3453344078125 0.554466015625 0.35215891875 0.5493515312499999 0.3561203296875 0.53816035 0.3799467140625 0.537761384375 0.3886799796875 0.53914285625 0.40934130937499996 0.5409639671875001 0.42416220468750004 0.5582912453125 0.43867020625 0.5630615265625 0.44396305312499995 0.5659809546875 0.44918705625 0.5678153640625 0.4666402921875 0.5684129875 0.5023963109375 0.571331628125 0.5126244984375 0.5754573171875 0.519301959375 0.576498515625 0.524196628125 0.5715748953124999 0.5349856984375 0.5719855843749999 0.5388931390625 0.5791926171874999 0.5673701359375001 0.5829482921875 0.5730329937499999 0.5899261421875 0.5767769453125 0.597438278125 0.5830984781249999 0.6017157328125 0.5837023953125 0.619484225 0.5823615984375 0.6252839796874999 0.5799084046874999 0.630206025 0.579127703125 0.631905896875 0.5802659078125 0.64459664375 0.6108002796875 0.6502993906250001 0.6149416249999999 0.6550978375 0.6154907796875 0.658497584375 0.6177671921875 0.665433184375 0.628626675 0.6751779078125 0.6486723640625
5 0.6985906078124999 0.500565909375 0.7070070453125 0.5104796281249999 0.7176592203125 0.51410076875 0.7203604015625 0.5122366203125 0.72788976875 0.496169575 0.732470753125 0.48462639531249996 0.7324989171875 0.479882709375 0.7383683015625 0.4705744765625 0.7544705921875 0.428322503125 0.7626993093750001 0.41139183125 0.7623324421875 0.3903604921875 0.7632938625000001 0.37946111718750003 0.767464159375 0.3640104984375 0.775351028125 0.34132153593750003 0.7808559046875 0.2959694125 0.7923232375 0.2597354390625 0.794532378125 0.248178178125 0.7954124484375 0.23149313437500002 0.79719524375 0.2284086421875 0.8022956484374999 0.226819075 0.807561115625 0.221788296875 0.8140633671874999 0.198454740625 0.8139820171875 0.19266906875 0.812844596875 0.1893647578125 0.8068265953125 0.1847298 0.7951465203125 0.178846334375 0.7846038640625 0.1762671796875 0.7619688734375 0.173905484375 0.7526731515625 0.1756726265625 0.7491764 0.17999075625 0.74663870625 0.1884220640625 0.74412918125 0.1921096859375 0.740398525 0.2017198734375 0.7398493671875 0.20651831875 0.7407262875 0.20985001093750003 0.7441393296875 0.2147587609375 0.7472238203125 0.2165415578125 0.7474428546875 0.218625525 0.7419849468749999 0.2268370140625 0.7285588187500001 0.25195179375 0.7148870625 0.269717925 0.7053011062500001 0.28626450000000003 0.6875677859375 0.3255274203125 0.6714263921875 0.354878190625 0.667750496875 0.365009371875 0.6597142203125 0.37875933125 0.6572179890625 0.38507929218750003 0.6559139375 0.39522455624999997 0.6503175578125 0.41214193281249994 0.6497410234375 0.41667988125 0.6508095984375 0.42183504374999997 0.6567579734375 0.43332503906250003 0.66374833125 0.44470551406250003 0.6697522499999999 0.451712315625 0.677852646875 0.4661366046875 0.6927118609375 0.48222087968749994 0.6950132906250001 0.4940941828125 0.6985906078124999 0.500565909375
21 0.7402189265625 0.7337537140625 0.74793286875 0.76454779375 0.7495091421875 0.767015859375 0.7547331453125 0.76409643125 0.763453115625 0.76186305625 0.78600675625 0.758439078125 0.798622446875 0.74315430625 0.80320343125 0.7316111296875001 0.8045207796874999 0.724098203125 0.80623866875 0.697843646875 0.8054172906250001 0.6900287640625 0.8032801375 0.6797184390625 0.797168275 0.6616612859375001 0.7978269499999999 0.6579048249999999 0.8038613953124999 0.6451553875 0.806344328125 0.6362030843750001 0.807415265625 0.626345696875 0.80665021875 0.6090434390625 0.8034984609375 0.599103128125 0.7984137109375 0.5883124828125 0.7848303859375 0.5668266328125 0.7737268484375 0.5564052171875 0.7693547484375001 0.547383290625 0.7676134125 0.54835643125 0.74207693125 0.601081434375 0.7398005234375 0.6044811796875 0.73375356875 0.6095940953125 0.7303389546875 0.6146937125 0.7298578515624999 0.622645490625 0.721176196875 0.642784253125 0.7203117828125001 0.6470890875 0.7402189265625 0.7337537140625
7 0.4577550421875 0.87537570625 0.46414305625 0.8810252671875001 0.46931151406250005 0.88258903125 0.4723279515625 0.8812184953125 0.4770184546875 0.8707172999999999 0.5104636765625 0.8305931171875001 0.526849909375 0.813595178125 0.5713885203125 0.7612433328125 0.61419988125 0.7074927875 0.6256366890625 0.691015053125 0.6594112484375 0.6490126375 0.6678449171875 0.636537778125 0.6679411375 0.634947421875 0.665350259375 0.632849371875 0.6561374640625 0.630393815625 0.6502015984375 0.6265403484375 0.646761178125 0.6213711 0.63997734375 0.6044380703125001 0.635631834375 0.6006808218749999 0.6306691140625 0.5985686875 0.6260904875 0.5950993125 0.6225264671875 0.5912599281250001 0.6182912609375 0.5835404796875 0.61364379375 0.581921959375 0.605568415625 0.5827707156249999 0.5977949953125 0.58148074375 0.5818108750000001 0.56972868125 0.5790150453125 0.5631748171875001 0.5722054046875 0.5359729234375 0.578171009375 0.5250743359375 0.5779660578125 0.5206185234375 0.57693815625 0.5183561984375 0.5716054203125001 0.5152294578125 0.5665464796874999 0.5147076796875 0.559334728125 0.5162557875 0.524398515625 0.534676659375 0.5168159640625001 0.5402143453125 0.4839198984375 0.5755400859375001 0.46952219843750004 0.5889051624999999 0.4479526375 0.6117153656250001 0.4306480203125 0.6274929625000001 0.3992054140625 0.6616124421875 0.389593653125 0.667890153125 0.385424928125 0.67333240625 0.3744003828125 0.6837092124999999 0.3585633078125 0.6959087078125 0.331797121875 0.7218988359375 0.32786151406249997 0.7270532125 0.329135828125 0.731660003125 0.330972596875 0.7341006890624999 0.3475590625 0.751583665625 0.3594980578125 0.76744811875 0.3769340671875 0.7880022890625 0.38576198125 0.7968192671875001 0.3906965359375 0.8036750890625 0.41698783749999996 0.8333067328125001 0.4577550421875 0.87537570625
7 0.5676264765625 0.8833174078124999 0.5717529531250001 0.8849906890625 0.577881259375 0.885663446875 0.593141009375 0.8830060874999999 0.59831025625 0.8795656671875 0.6024515984375001 0.8738629187500001 0.62732940625 0.8248943765625001 0.6407688312500001 0.8024119375 0.6715441859375 0.7393914765625 0.704567784375 0.677714959375 0.711343040625 0.661990546875 0.7242481765625 0.636930528125 0.7294189953125 0.6234817390625 0.7309694625 0.6156809390625 0.743187759375 0.5991210671875 0.7709185125 0.5422148296875 0.770699478125 0.5401308609375 0.7653119859374999 0.5364831296875 0.7333562515625001 0.5206155296875 0.71295699375 0.5119612546875 0.7068834453124999 0.5118094875 0.7065814890625 0.5139482140625 0.7081162984375 0.5185276265625001 0.7123382078125 0.5236147375 0.7173830671875 0.5265083578125 0.7237710828125 0.532157921875 0.7271426609375 0.53917801875 0.7311040734375001 0.5442925062499999 0.7319942953125 0.5502565359375 0.72888085 0.5582216125 0.723080309375 0.565678990625 0.7037316109375 0.5895726406249999 0.693968871875 0.5969197171875 0.6917745984375 0.6011009484375001 0.6938155328125 0.6130016296874999 0.701572509375 0.631675996875 0.7020927140625 0.636625421875 0.7005015734375 0.6415333859375 0.6978825296875 0.6441790203125 0.6926311468749999 0.6468379546875 0.6802916109375 0.649715134375 0.674725759375 0.6468762703125 0.669681684375 0.6389784656249999 0.6673786828125 0.637113528125 0.6658430859375 0.6375383 0.5950710046875 0.7284662234375 0.5308958203125 0.8044786 0.5063231187499999 0.8312916796875 0.5037173734375 0.83656965625 0.5036211515625 0.8381600125 0.5102422828125001 0.8435216999999999 0.5531912484375 0.8737729156249999 0.5676264765625 0.8833174078124999
7 0.6944340921875 0.86445854375 0.700233059375 0.8670095312500001 0.713806234375 0.8658463078124999 0.7529221078125 0.8596280734375 0.7583518484375 0.8561602734375 0.7679769078125 0.8525149000000001 0.7695539671875 0.8499787812499999 0.7243130859375 0.66010059375 0.7200512875 0.6471164671875 0.716966009375 0.6503378515625 0.6941862578125 0.6967155171875 0.677729609375 0.725572675 0.6730938640625 0.7365948625 0.6615741328125 0.757295290625 0.6393842125 0.8017673453124999 0.6350097515625001 0.80775796875 0.6127642843750001 0.8567132125000001 0.604385375 0.8697090640624999 0.603205709375 0.8735202843750001 0.603575721875 0.8745348890625 0.605659690625 0.87431585625 0.611953059375 0.87154740625 0.62367538125 0.8703153406249999 0.650629290625 0.871169603125 0.6691792703125 0.8697466703125001 0.6861115140625 0.8679670187499999 0.6944340921875 0.86445854375