5 0.689344846875 0.25154159531250003 0.683166334375 0.289006028125 0.6900926984375 0.3151418875 0.7838662328125 0.5139230546875 0.8148333921875001 0.5458403078125 0.8550365984375 0.5549472359375 0.8858795640625001 0.5474353734374999 0.918392021875 0.5267429156250001 0.935912096875 0.5048022734375001 0.9393449015625001 0.464769321875 0.9343529500000001 0.44437433593750003 0.8305588437500001 0.2578831828125 0.7546182578125 0.2342109109375 0.699251459375 0.2460665640625 0.689344846875 0.25154159531250003
5 1 0.310701540625 0.9617221875 0.29876954375000003 0.9288945937499999 0.31936376875 0.878644046875 0.3362395171875 0.876615815625 0.3441704046875 0.938627425 0.4542699109375 0.9887068671874999 0.4048009265625 1 0.39730846249999996 1 0.310701540625
5 1 0.506288775 0.998674240625 0.5055276578125001 0.9738221515625 0.5029186218749999 0.9444141406250001 0.531429303125 0.8730699875000001 0.6307862953125001 0.8474838968749999 0.6776146140625 0.7574496390625 0.7968349015625 0.6816939078125 0.9753101421875 0.7608989078125 1 0.86659290625 1 0.9010680734375001 0.9803264953124999 0.927404465625 0.9554540609375 1 0.5437443296875 1 0.506288775
5 0.672879096875 0.6951169390625 0.5340107374999999 0.9292742031250001 0.6833364984375 0.9758221718750001 0.7806018546875 0.75952365 0.69223976875 0.6925889359374999 0.672879096875 0.6951169390625
5 0.649202396875 0.34863643125 0.6465035968749999 0.339232028125 0.6307937421875 0.32748443125 0.5764094421875 0.313956959375 0.547906540625 0.325623521875 0.5428511515625 0.3720011828125 0.4880420046875 0.5929710609375001 0.44939794375000003 0.6442920671875 0.43042638593750004 0.7051706578125 0.43410758125 0.743995940625 0.4144489296875 0.8474760015625 0.41560715156250005 0.8923653265624999 0.5382643671875 0.9306001500000001 0.6476986499999999 0.7403590765625 0.6492908546875 0.680913484375 0.6295410671874999 0.625090903125 0.63779739375 0.399885290625 0.649202396875 0.34863643125
5 0.18164326875 0.48718440156250004 0.2011419875 0.6371231609375 0.20117236875 0.6902240421875 0.2184413734375 0.762399575 0.2309998796875 0.7731648265625 0.32940930156250003 0.8141168625 0.40944044999999996 0.887017784375 0.41745955781250005 0.8689659921875 0.420127978125 0.8252695156250001 0.4361661921875 0.7891659328125 0.4388346125 0.7454694546875 0.3905073078125 0.482074025 0.3822094296875 0.3681666984375 0.36795105 0.31748115625 0.3573738703125 0.305620896875 0.29663995781249997 0.29696462343749996 0.1765132703125 0.3143226546875 0.1467934296875 0.3307477484375 0.142237503125 0.361867471875 0.18164326875 0.48718440156250004
5 0 0.7628118671874999 0.41965889062499995 0.8936283390625 0.3992220046875 0.8804072265625 0.32549356406249996 0.80947099375 0.01379105 0.6712037609375 0 0.6669048 0 0.7628118671874999
5 0 0.6673099828125 0.0011856390625 0.6672743890625 0.0194700984375 0.6489972734375 0.06023620625 0.576073615625 0.0942166734375 0.4565064453125 0.10301669218750001 0.38218142187500004 0.10222192968749999 0.3254170109375 0.084047815625 0.2700856 0.0578076859375 0.2396418609375 0.06794884375 0.199987415625 0.0669195359375 0.1774024203125 0.050628134375 0.16912925 0 0.4562556703125 0 0.6673099828125
5 0.148394128125 0.7302886234375 0.1762264640625 0.70128676875 0.18758455937500002 0.656873790625 0.19087663593749998 0.6373484875 0.182920965625 0.58862763125 0.1883820015625 0.540663790625 0.171706275 0.4395585515625 0.146511978125 0.3717630453125 0.147463996875 0.34808304375 0.1349054921875 0.3373177859375 0.137745015625 0.32621454375000003 0.164266596875 0.3156429875 0.2373879078125 0.3024712828125 0.2386986625 0.2840409859375 0.2020993640625 0.26749433749999996 0.1274961921875 0.26650310625 0.06960180625 0.2467435875 0.08679352343749999 0.2726541203125 0.10258066875 0.330666715625 0.09633871875 0.43490379375000005 0.0710948359375 0.546918578125 0.0430279609375 0.6100998421875 0.007129607812499999 0.663989371875 0.0177067890625 0.67584963125 0.148394128125 0.7302886234375
5 0.2980914375 0.2580266765625 0.360947396875 0.2450802984375 0.42683051406250005 0.19368714843749998 0.436519115625 0.1624547625 0.434185665625 0.1343253578125 0.0824046140625 0.024667834375 0.075054996875 0.03059763125 0.0506848953125 0.16880734687500001 0.0669195359375 0.1774024203125 0.06262853125 0.2274436078125 0.07514012812500001 0.24504474531249998 0.0865286 0.25373265 0.1491969265625 0.2681298015625 0.2980914375 0.2580266765625
5 0.3332557875 0.2535745046875 0.318169590625 0.26599808281250004 0.31127360312499996 0.2929631046875 0.36286528281249997 0.31075793749999997 0.3802750140625 0.362425825 0.38632665 0.458506684375 0.42084813125 0.6627945140625 0.43128458593749996 0.695162421875 0.437634203125 0.690291221875 0.45137926562499997 0.6431970625 0.4868250640625 0.597729596875 0.543256796875 0.3704150046875 0.52634653125 0.303489178125 0.5006058624999999 0.257787496875 0.48138591406250003 0.2398078546875 0.44077706250000004 0.23228710156250001 0.3332557875 0.2535745046875
5 0.6472210734375 0.3497314375 0.6358160703125 0.400980296875 0.6307276234375 0.5672314875 0.6439566953125 0.59533203125 0.676452625 0.6345763375 0.72470531875 0.678732359375 0.742567603125 0.7219781859375 0.78217753125 0.760014821875 0.8614938828125001 0.649441921875 0.8427264890625 0.623040215625 0.828967571875 0.5570967328124999 0.79403776875 0.5273694921875001 0.71583336875 0.36084356875 0.702963034375 0.3379927296875 0.6762703484375 0.3159710515625 0.63052881875 0.3085629609375 0.607158590625 0.32011686093749997 0.64177656875 0.3377585125 0.6472210734375 0.3497314375
5 0.42723616093750005 0.19210096875 0.4148956703125 0.20709306718749998 0.3840057953125 0.2214408140625 0.36491004375 0.2428902859375 0.4624777953125 0.23391379843750001 0.48885864999999995 0.2438498875 0.506456015625 0.26817424375 0.5498574828125 0.2714276328125 0.595334090625 0.25991425 0.6917318140625001 0.24886041250000002 0.7163189796875 0.2325479796875 0.7471150343749999 0.23187200156249999 0.4329992734375 0.13395553437500002 0.436160378125 0.1572050578125 0.42723616093750005 0.19210096875