4 0.660868265625 0.388214165625 0.6471529031250001 0.391347378125 0.6424989562500001 0.42545851875 0.6353189046875001 0.4395194828125 0.6236279453125 0.450692503125 0.61430905625 0.486312925 0.6140262859375001 0.5240093296875 0.6084800625 0.540802228125 0.6128226328124999 0.5517873046874999 0.6547212640625 0.5604032296875 0.6925138671875 0.5677391734375 0.701850375 0.49211706875 0.7005675250000001 0.4694909546875 0.6955549234375 0.45459264062500004 0.7014631125 0.450507428125 0.6982955875 0.41914419374999995 0.684092834375 0.40656712187500005 0.6861744562500001 0.399807296875 0.6903233953125001 0.3899875515625 0.6885927515625 0.376853203125 0.6733975937500001 0.3728572515625 0.6555762046875 0.37471048125 0.6559381734375 0.38741816875 0.660868265625 0.388214165625
10 0.13320303125 0.5366338749999999 0.1405499328125 0.5127756640625 0.1352766421875 0.500672415625 0.13000725 0.44586120156250003 0.12304350625 0.41231220625000004 0.0991350421875 0.4249063265625 0.112922765625 0.40305593125000005 0.10590854062499999 0.38256543125000003 0.0945270953125 0.32410566093750004 0.0707196015625 0.3105827796875 0.059250115625 0.316595140625 0.0483203703125 0.3497958546875 0.042533193749999997 0.3872145234375 0.0297149546875 0.4084955203125 0.015370657812499999 0.40751040312500003 0.009003615625 0.4050892046875 0.0044463125 0.4265296296875 0.0080198578125 0.47407657812500004 0.01116905625 0.535199784375 0.044802173437499995 0.55091401875 0.07976720937500001 0.555712446875 0.111381103125 0.5516216703125 0.13320303125 0.5366338749999999
4 0.3650561140625 0.41305791875000003 0.3053360953125 0.4062952234375 0.25150664843750004 0.43544899375 0.2544662390625 0.4497073203125 0.30203320312500004 0.48083470625 0.35842834843750004 0.496933159375 0.37926654375 0.49453862343750005 0.39136238125 0.4849735625 0.3969801234375 0.44968111874999994 0.3932107734375 0.43220687187499995 0.3773741921875 0.4168978640625 0.3650561140625 0.41305791875000003
4 0.34028159375 0.3911275546875 0.3762963640625 0.41630038437500005 0.40107334375 0.429253871875 0.41494131406249996 0.42834727343749995 0.4317009234375 0.43008532343750006 0.4511372984375 0.44834689687499996 0.4672898484375 0.4403079359375 0.4764113390625 0.4161313046875 0.4566293609375 0.403863309375 0.45027267968749995 0.38009132343749996 0.412057475 0.34028669218749996 0.3533859171875 0.2958483828125 0.3387296734375 0.29215116874999997 0.3207688734375 0.3092142203125 0.305518503125 0.3340951234375 0.30157323125 0.3537840375 0.311365196875 0.3646810546875 0.34028159375 0.3911275546875
10 0.7494630015625 0.42803465 0.784710225 0.4015428671875 0.79442195 0.391496090625 0.80316418125 0.3820187046875 0.7917827390625 0.32355893281250003 0.78553995625 0.31202508125 0.7870362625 0.3002889046875 0.77462335625 0.23697518906249998 0.678206534375 0.20691893125 0.6558885937500001 0.23761551406249998 0.6582197609375 0.2601326109375 0.6639862109375 0.2697747484375 0.6876215171875 0.36953393125 0.7013043703124999 0.41650850000000006 0.7494630015625 0.42803465
10 0.4797119953125 0.438079009375 0.4536665078125 0.46133795781250003 0.44812785625 0.4761720828125 0.438285403125 0.47833356718750003 0.4274566328125 0.4854172765625 0.42822808125 0.494373921875 0.4089858484375 0.509294275 0.426942746875 0.5349391921875 0.4335143 0.5448323046875 0.47000929999999996 0.5291888859375 0.49938910156249994 0.5191719734375 0.5137165703125001 0.524509928125 0.5351928953125 0.5155157125 0.5472526156249999 0.523633196875 0.5878067859375 0.500538996875 0.615774425 0.48049409218749994 0.61794510625 0.4611235984375 0.6275261000000001 0.4431915234375 0.623369853125 0.43405134375000004 0.6040681046875 0.3809671015625 0.5736722328125 0.3619039421875 0.5436180578124999 0.3795551703125 0.5238994953125 0.39258380625 0.506925015625 0.404724628125 0.4797119953125 0.438079009375
4 0.7463033359375 0.6615143671875 0.742378790625 0.6341424796874999 0.7362499078125 0.634846759375 0.712278028125 0.6221442484375 0.6891449109375001 0.600987046875 0.6561693390625 0.58199133125 0.6347939859375 0.5648685437500001 0.6161290562499999 0.5555636140625 0.6000606484375 0.541838409375 0.581690834375 0.53959840625 0.5601174375 0.532001659375 0.5371318781250001 0.5177179578125 0.5561721656249999 0.551690571875 0.5653570718750001 0.5528105765625 0.5649778125 0.5675098203125 0.5758531687499999 0.5900755734375001 0.5863363406250001 0.5889854375 0.589670653125 0.6022274734375 0.5881911750000001 0.6096108171875 0.5994289609375001 0.621830159375 0.607446334375 0.63304559375 0.66358868125 0.6644928453125 0.688677609375 0.6801584234375 0.7011800015625 0.6988733 0.7203885765625 0.692658609375 0.7396308109375 0.6777382578125 0.7463033359375 0.6615143671875
10 0.5636963796875001 0.5653671218749999 0.566490946875 0.5514208109375 0.554233184375 0.5528293625 0.5387420828125 0.514878875 0.527930140625 0.517609753125 0.5137165703125001 0.524509928125 0.5001942046875001 0.5194229499999999 0.471948278125 0.528050096875 0.4524109328125 0.535905525 0.4317565375 0.5407978859375 0.4306226625 0.542187653125 0.4283717375 0.5406143484375 0.41093775624999995 0.54651061875 0.41504351249999993 0.5687092984375 0.43957196718749997 0.6042473265625 0.46695840468750005 0.6511356703125 0.48696818124999997 0.6878799265625 0.5132246390625 0.693450071875 0.555650478125 0.68662841875 0.591454271875 0.6829721531249999 0.594560784375 0.67173793125 0.60562125625 0.6464225156250001 0.6069700046875 0.6311538765625 0.6016967156249999 0.6190506296875 0.59459834375 0.6203242984374999 0.5889962796875 0.60986179375 0.5901638109375 0.5997663609375 0.5815057203125 0.5874795765624999 0.5758531687499999 0.5900755734375001 0.5636963796875001 0.5653671218749999
4 0.1465378265625 0.256643965625 0.1031256703125 0.268387846875 0.0825851765625 0.2855183375 0.0902064609375 0.3157858515625 0.10086694843749999 0.352230475 0.11596196406249999 0.40923304062500004 0.12557271718750002 0.4253032640625 0.131073809375 0.46188277343750006 0.14503884843749998 0.4775671359375 0.15287500781250002 0.49395577656249995 0.15602810625000002 0.5123710171875 0.1685473265625 0.5267330593749999 0.18693396874999998 0.5246202296875 0.1892561078125 0.4660742328125 0.19532157187500002 0.4400733234375 0.1905116796875 0.391506665625 0.1751344796875 0.3657943078125 0.17701004375 0.3393588875 0.18233772343750002 0.2956956671875 0.1681280515625 0.2598878765625 0.1465378265625 0.256643965625
10 0.305042171875 0.3322034046875 0.32254346875 0.3088958 0.2742372796875 0.293837190625 0.258725446875 0.302947503125 0.24346214531250002 0.2894732765625 0.2047835375 0.2861320578125 0.1868563953125 0.2944894359375 0.18605129375 0.2942384609375 0.17967388281250002 0.3175272796875 0.1738867046875 0.3549459453125 0.1900521796875 0.38526211093749996 0.1934667375 0.41944794375 0.206049371875 0.45910661406250003 0.21827347656249999 0.4664037296875 0.24209779843749998 0.47557377812499996 0.23684133593749998 0.45911769687500004 0.23258801718750002 0.43338655312499996 0.2417729265625 0.43450655625 0.254013859375 0.437450834375 0.273568034375 0.425242571875 0.30442731093750003 0.40784231875000004 0.32437757500000003 0.37658197968749996 0.30237833125 0.35403501249999997 0.305042171875 0.3322034046875
10 0.82842529375 0.3114479796875 0.8159694875 0.32238256875000004 0.8048119437500001 0.3311070265625 0.79547948125 0.32645456093749997 0.8153248734374999 0.364019190625 0.8336441984375 0.37931769531250004 0.848957990625 0.37973342187500003 0.8753322484374999 0.35483372968750004 0.8926354999999999 0.34105216562499996 0.9038435296875 0.3192692078125 0.8765709968750001 0.28461899687500003 0.8569174703125 0.2626289421875 0.7794737656249999 0.2384872203125 0.7893040140625 0.2975093734375 0.802729309375 0.28600538750000004 0.8278350640625 0.297318134375 0.82842529375 0.3114479796875
10 0.2340001828125 0.44341454531249996 0.23999443281250002 0.47753293750000003 0.22277532187500002 0.46955033281249997 0.21119193281249998 0.46332456562499996 0.19267456249999998 0.45755210156250004 0.18558912031250002 0.497180903125 0.187621271875 0.5553410421875 0.19064364218750002 0.5658709890625 0.23457871406250003 0.5856682906249999 0.26213343437500003 0.5890282984375 0.2897049859375 0.5880354703124999 0.30986621875 0.585604225 0.331422790625 0.5975538046875 0.34916871875 0.5943696265625 0.3400511234375 0.5758382890625 0.3401689234375 0.5453684546875001 0.34321202031250003 0.5088376 0.332960553125 0.4916960296875 0.293198553125 0.47668607500000004 0.2632958390625 0.45516180000000006 0.2522392640625 0.43776925312500004 0.24014589062499997 0.438357434375 0.2340001828125 0.44341454531249996
10 0.7526834171875 0.4290385578125 0.7330321671875 0.4246558546875 0.7215795093749999 0.4263153828125 0.7087612734375 0.44759638593749995 0.7028770203125 0.46842408906250005 0.7006053703124999 0.513911584375 0.69427454375 0.56684986875 0.663828184375 0.5608452078124999 0.661412875 0.5600922781250001 0.6557266640625 0.5713939421875 0.6824089703125 0.5919143046875 0.7236970296874999 0.629190384375 0.74464654375 0.6313629484375001 0.7629192828125 0.6170119890625 0.7966909296875 0.5551955859375 0.8301506296875001 0.49066709375000006 0.8311706078125001 0.477039196875 0.815793403125 0.45132684218749997 0.8116876453125 0.4291281609375 0.8130363921875 0.4138595203125 0.8182630984375001 0.3963133046875 0.8155695015625 0.3841426125 0.8201050046875 0.3785835515625 0.8022283484375 0.3738824328125 0.8021778625 0.3869409328125 0.77646115 0.40855913906249997 0.7526834171875 0.4290385578125
10 0.9255044124999999 0.7003806625 0.9357012703124999 0.6857783890625 0.93967088125 0.651453915625 0.9304268296875 0.632273025 0.9142821828125 0.6257584640625 0.8761529046875 0.6346167890625 0.8412912828125 0.6489389890624999 0.792657078125 0.68119403125 0.7502215171875 0.7405710937500001 0.74865258125 0.79194315625 0.7622821140625 0.8110093953125 0.779544590625 0.811945428125 0.832815121875 0.7855809218750001 0.8859206343749999 0.731011775 0.9255044124999999 0.7003806625
10 0.6805094390625 0.3409940609375 0.6750347375 0.33928741875 0.6689725140625 0.3477698578125 0.6533295625 0.35326566875 0.6295031703125 0.3488017046875 0.6166481578125 0.41295474375 0.626730578125 0.427951740625 0.6637134234375 0.43207175937500003 0.6805094390625 0.3409940609375
10 0.42469135312499995 0.5835272406249999 0.41095069375 0.557758496875 0.4120971296875 0.5447801531249999 0.43019797656250003 0.54153229375 0.41126207499999995 0.5126622765625 0.40936309687500005 0.5076250640625 0.3872134421875 0.49479330781249997 0.371989675 0.49819717499999994 0.3558164203125 0.49908243125 0.343426821875 0.5137420296874999 0.3390237203125 0.553858359375 0.3393284703125 0.5813656796875 0.3517576671875 0.5919081265624999 0.34924255625 0.6044598109375 0.339941284375 0.600078553125 0.33491106249999997 0.62518191875 0.3326897140625 0.6326390625 0.34365341875 0.6323524359375 0.35443448593750004 0.6438628546875 0.373302178125 0.65493064375 0.44325865468750003 0.672293109375 0.48117668281250003 0.68263164375 0.46826009375 0.6563789171875001 0.44661545 0.6192557609375 0.42469135312499995 0.5835272406249999
4 0.480897225 0.684026275 0.449557421875 0.6735157671875001 0.4183430421875 0.6660078515625 0.4025889703125 0.6648011625 0.380410709375 0.659369221875 0.37907890625 0.6945159859375 0.46087125625 0.7200133234375 0.47801683125 0.720172040625 0.4853080046875 0.7128135796875 0.494874425 0.7195001140625 0.5039391531249999 0.714176275 0.5053793484375 0.696103390625 0.488410634375 0.69007281875 0.480897225 0.684026275