4 1 0.6707100015624999 0.9824433390625 0.6693337515625 0.9747405046875001 0.6762939875 0.8768210609375 0.6534900640625 0.865147609375 0.5953042921875 0.847158609375 0.57228256875 0.8247786171874999 0.5543195328125 0.8103139703125001 0.5510245031250001 0.3532129125 0.4676472875 0.3398805453125 0.46660217656249997 0.33219896250000003 0.4757252375 0.3223271921875 0.4879183484375 0.31139751875 0.5054314265625 0.30831943906250003 0.5311240421875 0.304109078125 0.5545667375 0.30542199062500003 0.5752006609375 0.3091057234375 0.611148540625 0.320502915625 0.641217596875 0.332915509375 0.6616410328125 0.3385025359375 0.66532073125 0.7862524734375 0.8138802578125001 0.8062616484375 0.8165293374999999 0.8383965296874999 0.8104037249999999 0.8482151703125 0.7928035546875 0.8525424125000001 0.7812563906250001 0.8590810921875001 0.7688020015625 0.8656516453125 0.759591846875 0.87566154375 0.7614570921875 0.9647352437500001 0.7878899234375 0.965973778125 0.800953965625 0.9993790718750001 0.811136628125 1 0.8108480046875 1 0.6707100015624999
17 0.27449419062499997 0.5046997703125 0.2630248828125 0.10182522499999999 0.2486133625 0.10393725937500001 0.264681109375 0.49636647500000003 0.27449419062499997 0.5046997703125
17 0.2593278421875 0.5164778437499999 0.2656357171875 0.507247096875 0.24986252343749998 0.11808270937500001 0.23874159218750002 0.11613036875 0.2593278421875 0.5164778437499999
17 0.235150128125 0.11692941718750001 0.2286679390625 0.1077766515625 0.24486319375 0.5131828140625 0.2570101515625 0.5065709468749999 0.235150128125 0.11692941718750001
17 0.13145308125 0.4956480671875 0.1455416 0.4902689765625 0.2298746015625 0.11759645468749999 0.2165103578125 0.11330710625 0.13145308125 0.4956480671875
17 0.1013596265625 0.48356385468749996 0.11434036562500001 0.4791785078125 0.21760013906250003 0.111231375 0.20866939218749997 0.10620898281249999 0.1013596265625 0.48356385468749996
17 0.121560653125 0.53593461875 0.1972449640625 0.1863568765625 0.1086420859375 0.546808315625 0.121560653125 0.53593461875
9 0.62495385 0.3290230828125 0.620851084375 0.13743894843749999 0.414988478125 0.111576353125 0.4235538296875 0.39535954218749997 0.6113498640625 0.4133224390625 0.613981678125 0.34221051406249997 0.62495385 0.3290230828125
9 0.778040959375 0.5430917546875 0.8039253921875 0.352777709375 0.6292113171875 0.32827624218749996 0.6161931140625 0.3413032875 0.596762353125 0.5105116468750001 0.778040959375 0.5430917546875
9 0.6500739109375 0.0927245 0.6249432234375 0.327941671875 0.7983383640625 0.3490980078125 0.833294346875 0.1070869828125 0.6500739109375 0.0927245
9 0.3079946921875 0.611061446875 0.302035771875 0.5695323203125 0.19562257031250002 0.360202953125 0.027128170312499998 0.4183130609375 0.1464642671875 0.6675562968750001 0.3079946921875 0.611061446875
9 0.0968377953125 0.2800604984375 0.1538237875 0.2866887359375 0.232568821875 0.27881395625 0.3556807 0.266853 0.32961233437500004 0.0994809015625 0.2631417609375 0.113720759375 0.075579490625 0.11954893281250001 0.0968377953125 0.2800604984375
9 0.2742872453125 0.45713805937499996 0.5257909875 0.42606598125 0.526922171875 0.40778480781250004 0.42019949062500006 0.39293544062499997 0.42450548125000004 0.3792254546875 0.3001125671875 0.373796725 0.276031159375 0.4086487 0.2742872453125 0.45713805937499996
9 0.38109627343749997 0.2547977703125 0.300101940625 0.3727153109375 0.4233413234375 0.37373129843749997 0.4152254359375 0.11267550781249999 0.44607282968749995 0.11077129062499999 0.443963475 0.099800146875 0.3330623078125 0.1116377140625 0.3451607796875 0.21307996718750002 0.38109627343749997 0.2547977703125