24 0.8106291703125 0.6145961843750001 0.8131557968750001 0.6163833421875 0.8206343031250001 0.6176842828125 0.8443920578125 0.61489926875 0.843920825 0.59602386875 0.8403794546875 0.5933578640625 0.8179712703125 0.5507827421875 0.8137573281250001 0.5211766703125 0.806191115625 0.4964790484375 0.795919878125 0.4827320515625 0.7869051234375 0.479546709375 0.78050569375 0.48170149218749997 0.7593003203124999 0.5071889109375001 0.7532790546875 0.56425811875 0.7501168578125 0.5767800671875001 0.7502182328125 0.5808406015625 0.7533034046875 0.5851169703125 0.7529476015625 0.5907488234375 0.7549663703125 0.5920770375 0.7757515921875 0.5895273578125 0.7981364203125 0.5913999125 0.8052464546874999 0.5978251390625 0.8106291703125 0.6145961843750001
24 0.6856370796875 0.6584152265625 0.7146884359375 0.6489481796875001 0.7531990484375 0.6405875875 0.7631661640625 0.6421529859375 0.7864019828125 0.638345065625 0.812939384375 0.627598428125 0.8132825140625 0.6214590078125 0.8025804421875 0.5904547499999999 0.79453071875 0.5861570328125 0.7860618390624999 0.5849533359375 0.7662543187499999 0.58689820625 0.7234137328125 0.6007720578125 0.693283296875 0.6067833828125 0.6925716984375 0.618047090625 0.7029696515625 0.63686975 0.699693409375 0.6448235999999999 0.67153105625 0.6501328703125 0.6450716703125 0.6242374749999999 0.642621075 0.6254957171875 0.6443474 0.6349936171875 0.6414776468750001 0.6393458796875 0.641096503125 0.643962596875 0.6482445515624999 0.6519105265625 0.6494250015625 0.65942678125 0.65692885 0.661742853125 0.6856370796875 0.6584152265625
24 0.57242886875 0.93563898125 0.585455815625 0.9404656156250001 0.59876253125 0.9366149953124999 0.612285659375 0.921549290625 0.6192826421875 0.903562703125 0.6260378703125 0.8957760671875 0.6283490765625 0.8889345953125 0.641440375 0.87645534375 0.6465959953125 0.8642464734375 0.645581271875 0.8434848671875 0.656336015625 0.836831959375 0.6659990140625001 0.826215759375 0.6816432734375 0.7966950828125 0.6824435765625 0.7889843421875 0.6791936703125 0.7781096078124999 0.68155556875 0.7732984 0.6897203296875001 0.7623205 0.701884609375 0.752476328125 0.7046023046875 0.7420332671875001 0.7122592078125 0.7305964203124999 0.7150149156250001 0.721676059375 0.735432659375 0.70440695 0.7494002890625 0.687262359375 0.7621874671875 0.6626015125 0.764753103125 0.6460676515625 0.7622011328125 0.6432653609375001 0.7542020953125 0.640997909375 0.71028243125 0.6514160437500001 0.6930775703125 0.6581934703125001 0.6676182500000001 0.6922395453125 0.6525071921875 0.7232342984375 0.6443804453124999 0.7357348984375001 0.6249910937500001 0.7544294625 0.619226240625 0.7621188546875 0.6145531375 0.7737715374999999 0.609715303125 0.7788258531250001 0.6018683265625 0.7826491984375 0.5927512046875 0.795247040625 0.5834936984375 0.82210536875 0.577600140625 0.8644065281250001 0.5726599390625 0.8852440296875 0.569674153125 0.9247156265625 0.57242886875 0.93563898125
24 0.704550625 0.7598467171875 0.70781419375 0.7513853 0.7062779421875 0.7495008984375 0.6911425328125 0.7596368046875 0.6791176421875 0.775064209375 0.6801196968750001 0.79531825 0.671179975 0.8150220218750001 0.6625960546874999 0.82909394375 0.643613190625 0.844186921875 0.6465326375 0.861708640625 0.6584424906249999 0.8615568546875 0.6695900578125 0.8706385046875 0.6857518687499999 0.901615490625 0.693711896875 0.9222039593750001 0.6959207390625 0.9311456687499999 0.6962393437500001 0.9631941312500001 0.7080562953125 0.9605382890625 0.7080703578125 0.9604813609375 0.7090110421875 0.938510134375 0.7108777500000001 0.93374755 0.735700503125 0.933854296875 0.7687260328125001 0.9245058437499999 0.7760271390625 0.9187008499999999 0.7800403218749999 0.9004984296874999 0.780231390625 0.8882682078125 0.7781619375 0.8849097312499999 0.757897246875 0.8884259203125 0.7463558625 0.8834534218749999 0.7386746109375 0.8740314171874999 0.7320734328125 0.84822141875 0.72889955625 0.8403920843750001 0.7232750875 0.8338209921875 0.7076601453125 0.784981934375 0.7047660421875 0.7684753484375 0.704550625 0.7598467171875
24 0.53247464375 1 0.6073842734375 0.9831641734375 0.62096796875 0.971069053125 0.6366872671875 0.9644374921875001 0.6570416531250001 0.94463055 0.6658283203125 0.9386796953125 0.67160584375 0.93149786875 0.6758344453125 0.9219240765625001 0.6764826875 0.9081225343750001 0.67205233125 0.8897315484374999 0.66611106875 0.8704712906250001 0.6599914124999999 0.8639488203125 0.647205228125 0.86876595 0.638545278125 0.879792471875 0.6312315015625 0.8850898968750001 0.6178350906250001 0.9052312671875 0.6122349703125 0.9195190249999999 0.595804075 0.9374142921875 0.5834497187500001 0.9396449671875 0.5729240578125 0.935590359375 0.5703594140625 0.9322805031250001 0.56897621875 0.9166431828125001 0.563986325 0.9156067 0.55371409375 0.9217034234374999 0.539861503125 0.9235723968749999 0.529551259375 0.9281464171874999 0.505184684375 0.9463120671875 0.48844966875000007 0.9520257375 0.477745609375 0.9607089140625 0.46793055156249996 0.9652343125 0.45535978281249995 0.9786800765624999 0.45619910937499997 1 0.53247464375 1
24 0.7103997078125001 0.33797710937500003 0.70360745625 0.324397328125 0.6935516390625 0.3192789640625 0.681616440625 0.31841562031250004 0.6732489328125 0.3212724546875 0.6689823171875 0.32932355 0.666023859375 0.33012284531249997 0.6520192109375 0.325901021875 0.629177209375 0.32559978749999996 0.6001775328125001 0.3172533859375 0.562441878125 0.31688810312500004 0.5295567265625001 0.3119760734375 0.5117426328125 0.31423402500000003 0.5108409578125 0.31788423125 0.51699863125 0.3259294015625 0.54391618125 0.33040976093749996 0.5599902859375 0.33799006249999997 0.5818155765624999 0.3572171234375 0.5926326875 0.3729457609375 0.599741725 0.39921470625 0.64512061875 0.4074792921875 0.6871472421875 0.4206523296875 0.6970890125 0.4212025953125 0.7004793 0.4178168453125 0.715844784375 0.37712970156250003 0.7124935109375 0.3621944375 0.7063738484375001 0.35567196874999996 0.7103997078125001 0.33797710937500003
24 0.5736396312500001 0.844951784375 0.5765600734375 0.842629790625 0.583735453125 0.811905415625 0.5926878453125 0.792709209375 0.5905423625 0.7863053296875 0.5795468546875 0.783314475 0.5497722203125 0.7836939484375 0.534243990625 0.7780952890624999 0.5093705500000001 0.775958275 0.49883221562499996 0.7713961 0.46085580000000004 0.761387053125 0.38914225 0.7719901703125001 0.3749972171875 0.78202883125 0.3619819515625 0.7975534828125 0.36171485468750003 0.8067382999999999 0.3654092578125 0.815534146875 0.37472813125000004 0.830901084375 0.37774994687499996 0.8326396203125 0.42178365781249993 0.8267895859375001 0.4355855609375 0.822890346875 0.46532218125 0.8209881765624999 0.474628384375 0.835847546875 0.49470200468750003 0.8445615765625 0.505164309375 0.846078353125 0.5472426109375 0.8414379390625 0.5637358734375 0.8459242218749999 0.5736396312500001 0.844951784375
24 0.3840725546875 1 0.3792655734375 0.9927661859375 0.3795833609375 0.9856116328125 0.3897045234375 0.9535803968750001 0.3895017765625 0.94545933125 0.356668309375 0.92273385 0.3510818546875 0.9176854593750001 0.3504979640625 0.9141811140625 0.35730387812500003 0.9084247453125001 0.3744707234375 0.9001246203125 0.43247206406250005 0.87712999375 0.462298378125 0.858937071875 0.465041415625 0.8495091453124999 0.46746666875000004 0.8472357703125001 0.46668003437500005 0.835610359375 0.46360753125 0.8318415578125 0.43858203125 0.8236137484375 0.3530792515625 0.838623671875 0.33993726875 0.8490726562500001 0.3157354234375 0.8738366687499999 0.30917026875000003 0.889236803125 0.289005959375 0.9166572421874999 0.2842178171875 0.9435855390624999 0.28628726875 0.94694401875 0.29130250625 0.9489956359375 0.300760771875 0.9699458062499999 0.304848990625 0.9746324984375001 0.3034521296875 0.9783313265625001 0.304352809375 0.994524834375 0.3059548609375 1 0.31361512187499996 1 0.31461236718749996 0.9879205453125 0.3190057 0.98494511875 0.33556231875 0.9919692343750001 0.348988315625 1 0.3840725546875 1
24 0.25218365625 0.9329930359375 0.25520546875 0.934731571875 0.2621254296875 0.9335433 0.2796987625 0.9216415859374999 0.31063049062500003 0.8880758046875 0.297998353125 0.8592962999999999 0.314353221875 0.8383556328124999 0.37627705312500004 0.8332930515625 0.363263771875 0.8091302671875 0.361067603125 0.800696125 0.374019515625 0.7826336421875 0.3866536390625 0.7717257125 0.331192590625 0.7771713453125 0.30388122812499996 0.7768001421874999 0.2989293484375 0.7772863578125 0.2797817484375 0.7857809687499999 0.2801238828125 0.79948526875 0.29113206406250003 0.8029836875 0.2852658375 0.8066125468750001 0.274155290625 0.8188973125000001 0.26239749687499997 0.8251398984374999 0.2571658484375 0.83430336875 0.254892653125 0.842667540625 0.25552723125 0.84820215 0.270294165625 0.8431905343749999 0.27231293437500004 0.844518746875 0.2567573734375 0.8775923890625 0.2512839703125 0.8969558109375001 0.24954298437500003 0.9266377765625 0.25218365625 0.9329930359375
24 0.1954370546875 0.7477608640625 0.20295258437500002 0.770428221875 0.2041837203125 0.7799747421875 0.21035406562499998 0.7885274796874999 0.214632359375 0.80082766875 0.21859386406249998 0.8004386953125 0.2479376609375 0.7828019625 0.260711175 0.7774772640625 0.2959202046875 0.7760553890625 0.3101919515625 0.7710923937499999 0.3282097859375 0.7571117921875 0.338189575 0.7591847578124999 0.34757280156250003 0.7572458109375 0.350874384375 0.75030709375 0.35572489375 0.7457603453125 0.377805603125 0.735451303125 0.4132310453125 0.722814340625 0.44187591406250004 0.71694888125 0.45613499218750003 0.71147831875 0.46788011249999995 0.7047281671875 0.47899065781249994 0.692443403125 0.4983526796875 0.712421140625 0.50774858125 0.7109897609375 0.51077039375 0.7127282968750001 0.5138682390625 0.71751223125 0.51517540625 0.7301041500000001 0.5177653890625 0.734429140625 0.5282023515625001 0.734930784375 0.53631543125 0.7417663343750001 0.543831953125 0.7445899734375 0.5561989796875 0.7428668640625 0.5671691437499999 0.7448425875 0.5757267265625 0.7495992484375 0.580158075 0.7481465203125001 0.5830531718749999 0.744809390625 0.5810354 0.7236374609375 0.5824576046875001 0.7209537640625 0.5854287328125001 0.720662034375 0.6116346828125 0.7364060984374999 0.6216651578125 0.7405093296875 0.6336130265625 0.7418802390625 0.636406753125 0.7344825796875 0.6211592875 0.700362953125 0.6203979937499999 0.689752675 0.6219985984374999 0.67433119375 0.6262652140625 0.6662801 0.6360802718749999 0.6617547 0.6489298140625 0.6594754 0.64778738125 0.6534818453125 0.64217558125 0.6474183203125 0.6418587890625 0.6347291562499999 0.6376438531249999 0.6249667999999999 0.6523220875 0.6164022171875 0.674923328125 0.6070596875 0.7071105421875 0.6038992750000001 0.7208744328125001 0.598477334375 0.7141328703125 0.5869278203125 0.7134982953125 0.581393209375 0.717269725 0.5733907390625 0.7250279984375 0.566014425 0.7264248609374999 0.5623155953125 0.7216260359375 0.54904889375 0.7242423578125 0.5345452984375 0.7234050375 0.5208896265625 0.7129690671875 0.500544265625 0.6982538109374999 0.48774243124999994 0.6971240484375001 0.48225644375 0.698813353125 0.47038792812499997 0.6952203203125 0.4656526140625 0.6897605812500001 0.4656798859375 0.6744984578125 0.4707401265625 0.6573949703124999 0.481578084375 0.6377014953125 0.4880910515625 0.6188209984374999 0.48740084375 0.6025051390625 0.4900204921875 0.5960170078125 0.488622309375 0.5954204484375001 0.4846103984375 0.6031153640625 0.474696253125 0.607305953125 0.4635997609375 0.6066967187500001 0.459080284375 0.5974031875 0.44472847812499994 0.5994102781249999 0.425705409375 0.5927827578125 0.41872399531250004 0.5788161234375 0.4160248703125 0.5689123656249999 0.41699730468749996 0.5640111734375 0.41951378906250003 0.5616112640625001 0.42280229374999995 0.559871271875 0.432640546875 0.5559731265625001 0.4355673515625 0.4834212640625 0.45235850937500005 0.410729015625 0.4834101515625 0.393079653125 0.49226646562500004 0.3706178 0.5071922265625 0.3517109640625 0.5253306046875 0.3161588046875 0.5328919015625 0.2943071796875 0.532493425 0.2923644421875 0.5342106109375 0.2925798625 0.542839240625 0.28921491875 0.5472401265625 0.26655031875 0.554044825 0.242348475 0.5788088375 0.22133416718749999 0.5920660343749999 0.206516546875 0.5950473859375001 0.204649840625 0.599809975 0.21035033906249997 0.6094264640625 0.21043904218749998 0.6129794296875 0.2036838125 0.620766065625 0.20072535625 0.6215653624999999 0.1971956828125 0.61936788125 0.18962946875 0.5946702578124999 0.17711038125 0.590302571875 0.17152392656249998 0.585254178125 0.168236009375 0.57285674375 0.1636272578125 0.5672035421875 0.15274579531250002 0.5687807859375 0.138778165625 0.585925378125 0.12517900937499998 0.5979456859375001 0.11640600937500001 0.584560390625 0.1098798625 0.5816395078125 0.1056776 0.57238471875 0.1033790609375 0.57973375625 0.098011646875 0.5834590140625 0.1003878578125 0.6786388953125 0.111855646875 0.6806636015625 0.136626721875 0.6985838 0.1551894375 0.706428559375 0.1661469296875 0.707896715625 0.1687622546875 0.7132368390625 0.11972498437500001 0.7373865390625001 0.1019684 0.7419480593750001 0.10363106562499999 0.8085466453124999 0.10811626875 0.8092510734375 0.1131821953125 0.813332953125 0.12163840156250001 0.8140290859375 0.1284316453125 0.80776515 0.1431098796875 0.799200565625 0.1518331859375 0.790711878125 0.16609326093750001 0.7653975984375 0.1848480375 0.7411684234375 0.1888348828125 0.7417945828125 0.1954370546875 0.7477608640625
24 0.3207305359375 0.5171786875 0.34094553125 0.491788515625 0.345174134375 0.48221472031249996 0.345060090625 0.47764662343750003 0.33438236875 0.467501215625 0.335271371875 0.46334343906250003 0.3456196296875 0.46029211718749996 0.3511553984375 0.46331024374999996 0.3566151359375 0.463282971875 0.35741544062499997 0.45557222968750005 0.361338928125 0.45366055625 0.3674332421875 0.4591678953125 0.37437854531250003 0.4589947578125 0.4104649 0.4330638234375 0.4574834046875 0.4075859109375 0.47826862343750004 0.40503622968749997 0.4882991 0.40913946093750003 0.48942886406249997 0.41462544843750004 0.48624033125 0.44597598125 0.48988405 0.45274156093749995 0.56390880625 0.435296971875 0.5648358234375 0.4326618953125 0.5615859203125 0.4217871609375 0.564963534375 0.41789384375000005 0.580289015625 0.4153714359375 0.5888085828125 0.41860540312500005 0.5937604624999999 0.4181191828125 0.5961223578125 0.41330797500000005 0.594676796875 0.37528910781249997 0.585903796875 0.3619038140625 0.5584920515625 0.33762836093750004 0.5409450546875 0.3307014890625 0.51059920625 0.32808418437500003 0.49627676875000004 0.3310169125 0.48749010156250006 0.33696777031249997 0.4756182640625 0.3386422578125 0.45109962968749995 0.35071710624999997 0.43520193437500004 0.370086453125 0.41762860156250003 0.38198816406249997 0.40212472187500004 0.39724835625 0.3469921421875 0.4357344375 0.3136985203125 0.4741114265625 0.2840866296875 0.5207766953124999 0.28418800312500003 0.524837228125 0.292237725 0.52913494375 0.3027127015625 0.5311592875 0.30965800312499997 0.5309861515625001 0.315981403125 0.5257859671875 0.3207305359375 0.5171786875
24 0.386468784375 0.40641775 0.39896352031250004 0.3899265890625 0.42079179218749996 0.3496225 0.42851205468750003 0.3407234890625 0.4382637515625 0.3336602546875 0.466172671875 0.318199653125 0.478095196875 0.3185554328125 0.5055839671875 0.32603256875 0.51496719375 0.324093621875 0.5025758171875 0.30495788125 0.486539728125 0.2989002796875 0.4716207328125 0.2978210984375 0.43551002812500006 0.302893184375 0.42368887656250004 0.3065979375 0.41199444218750003 0.31537835937500003 0.40803293749999997 0.31576733125 0.40184992187499996 0.30670702968749997 0.38630902031250003 0.300600803125 0.3813571421875 0.30108701875 0.3759987765625 0.30517482500000004 0.34483995156249997 0.30976069375000004 0.3360532875 0.31571155 0.322098328125 0.33336370937500004 0.31141861875 0.3629057328125 0.31323364374999996 0.3759565984375 0.3322271953125 0.40105862031250006 0.32999201562499997 0.41094549531249996 0.3158586625 0.4413354375 0.3170137703125 0.44783655937500005 0.322612896875 0.45339251875000003 0.328999653125 0.4507301703125 0.34786847656250003 0.43106909375 0.363067240625 0.4234710234375 0.386468784375 0.40641775
24 0.7738821546875 0.3953452125 0.759217584375 0.3845736421875 0.7517010609375 0.38175000468750003 0.749708634375 0.36159320625 0.7466361328125 0.3578244078125 0.7401099875 0.3549035234375 0.7252670218749999 0.356869740625 0.7164550125 0.3618054625 0.7143592234375 0.377275571875 0.7012669296875 0.40959853749999997 0.6954123812499999 0.43357867812500006 0.6883013546875001 0.44699716718750004 0.688516771875 0.45562579843749995 0.6911194296875001 0.46045835625000003 0.7132634953125 0.45268714687499995 0.7171236265625 0.44823764062500004 0.7313446890625 0.4412443796875 0.743432940625 0.4283548046875 0.7660088390625 0.4179971421875 0.771227815625 0.4083261046875 0.7740215421875 0.40092844375 0.7738821546875 0.3953452125
24 0.25552723125 0.84820215 0.25447349531249996 0.8457615625000001 0.2614578078125 0.8272674078125 0.28000884375 0.8147608843749999 0.28127899218749997 0.8059863875 0.2796550328125 0.7807053046875 0.2750589546875 0.7755596671875 0.2528008390625 0.778762778125 0.2450172203125 0.7851239609375 0.2229745265625 0.7969557015625 0.21423854375 0.804936821875 0.2123845109375 0.810206975 0.21184931875 0.84842033125 0.209778871875 0.8649055703125 0.216050590625 0.8775188375 0.22519206249999998 0.88577984375 0.23465131874999998 0.8868862953125 0.254916009375 0.8833701078124999 0.2685161625 0.8515060828125 0.2728334640625 0.8454852578125 0.2732399515625 0.8418836703125001 0.25849835625 0.8479104218750001 0.25552723125 0.84820215
24 0.33095705 0.40983311875000006 0.332252540625 0.402073753125 0.3255363171875 0.3915393734375 0.315937675 0.3848496875 0.295165125 0.3879069328125 0.2862010546875 0.38675185624999997 0.265491865625 0.3923469359375 0.2598664 0.405619559375 0.2573767953125 0.4251988171875 0.2489839453125 0.42704052031249995 0.24366359218750003 0.4326510265625 0.2382038546875 0.4326782984375 0.23240098593749997 0.4388449890625 0.2270542984375 0.46328407968749996 0.2336564734375 0.46925036093749994 0.246975859375 0.465907309375 0.257501521875 0.46996191718749997 0.2822609203125 0.46753082968750004 0.3009386703125 0.4600999734375 0.3170898015625 0.4508819609375 0.3173062109375 0.439666871875 0.33095705 0.40983311875000006