7 0.610496375 0.3424106171875 0.6470954250000001 0.35532427499999997 0.6587646265625 0.3118841578125 0.6706480203125 0.256172959375 0.6939150265625 0.17338308593750001 0.71600896875 0.0796617828125 0.7387761921875 0.025504431249999997 0.7265289109374999 0.0239267859375 0.7308873109375 0.0039539890625 0.5274362609375001 0.00040273749999999997 0.5209061312500001 0.239920515625 0.522245784375 0.24130776874999998 0.5476754171875 0.2690290234375 0.57037814375 0.296702678125 0.591455625 0.33935052187500003 0.610496375 0.3424106171875
7 0.6734977265625 0.56172933125 0.68622099375 0.5360379078124999 0.6835178843749999 0.53462685625 0.6474424171875001 0.491717221875 0.6178986234375 0.4652880234375 0.570844128125 0.4262783546875 0.54807000625 0.40269506093749996 0.5051365718749999 0.4401339828125 0.46765695156250003 0.4776681015625 0.424604521875 0.5219242937499999 0.3747348234375 0.5660614875000001 0.3262285796875 0.61022248125 0.2612181 0.6622786046875 0.215391165625 0.709214103125 0.2610108078125 0.7522903328125 0.2956514265625 0.799266528125 0.33306654999999996 0.8435634171874999 0.3706244703125 0.8796795828124999 0.41929730625 0.825974415625 0.46376078906249996 0.7790151187500001 0.516619184375 0.719927534375 0.566726871875 0.66215580625 0.6734977265625 0.56172933125
7 0.11928233749999999 0.1988134265625 0.0745094671875 0.2634976171875 0.0737835921875 0.3050829484375 0.075856021875 0.34262551874999997 0.1745551546875 0.3920837296875 0.2461518109375 0.43152178125 0.2293788828125 0.3766742515625 0.215404259375 0.3177839640625 0.201263040625 0.268437846875 0.19121218281250002 0.21916312968749999 0.2255603109375 0.20476012031250002 0.2981737203125 0.1859484125 0.29818033125 0.185569675 0.2551210015625 0.1520852171875 0.23088822812499998 0.1339319390625 0.20950135625000002 0.10900898750000002 0.18935894375 0.09092710625 0.15020648125 0.146162321875 0.11928233749999999 0.1988134265625
7 0.3799875390625 0.186997625 0.3612323796875 0.1675760875 0.35711821875 0.16886814375 0.2844981984375 0.1880585890625 0.235104484375 0.204926715625 0.188413878125 0.22320589218750003 0.21152809062500003 0.305441484375 0.22947407968750003 0.3712204390625 0.2435676984375 0.42329346093750003 0.25871538437499997 0.49311517812499994 0.29774885 0.44469723125 0.3489582015625 0.4019472875 0.40930024062500003 0.30480200156250004 0.46824502968750004 0.36584111875 0.4473341421875 0.3136491 0.42235669375 0.26002223125 0.3984333109375 0.22414405781250002 0.3799875390625 0.186997625
5 0.370443365625 0.18683103125 0.39230621875 0.184484909375 0.386733409375 0.19120698125 0.4050125875 0.23789758593750002 0.42754871874999995 0.2751154171875 0.4447024328125 0.3081476890625 0.4683402265625 0.3603873046875 0.4951095125 0.3894958125 0.5301071187499999 0.41602020624999997 0.5426161921875 0.4025998640625 0.5507017171874999 0.408196471875 0.59239759375 0.44165712968750004 0.6103842796875 0.42696853125 0.63011520625 0.390488475 0.6181773109375001 0.371185934375 0.586192203125 0.328347696875 0.553081634375 0.2718511265625 0.5168871671875 0.2357587578125 0.48473546562500003 0.2024646953125 0.448636196875 0.1609185140625 0.435239653125 0.1470459859375 0.40732110625000006 0.1056426 0.374407828125 0.11597905 0.35491489375 0.1388245671875 0.354676903125 0.152459103125 0.370443365625 0.18683103125
5 0.651257184375 0.35130531249999997 0.627602490625 0.378169796875 0.6186125984374999 0.42438442031249995 0.5978514078125 0.4417523265625 0.5951721 0.438977821875 0.6151717171875 0.465240425 0.6367489796875 0.479255746875 0.6865779812499999 0.51558610625 0.7008312937500001 0.48037430781249996 0.7215210875 0.46709675937500006 0.7454375703125 0.4252342890625 0.76411443125 0.3710055390625 0.7841785453125001 0.315437134375 0.8117263046875 0.2218110296875 0.8267956906249999 0.2179824609375 0.8398759421875001 0.1718392359375 0.81016555625 0.1549542109375 0.7747633640625 0.15160852656249998 0.7536451859375 0.18942823749999999 0.765725875 0.20055005625 0.7558485125 0.2194718109375 0.72528135625 0.2516711109375 0.6876827390625 0.2960224984375 0.651257184375 0.35130531249999997
7 0.4925561015625 0.45764468437500005 0.5301071187499999 0.41602020624999997 0.528767465625 0.41463295312500004 0.4924540046875 0.3853578515625 0.44662706874999997 0.43229335156250004 0.3894879203125 0.5022171656250001 0.3406484875 0.5654665078125001 0.2933153046875 0.6205589265625 0.251435934375 0.675746546875 0.30970054375 0.6194810640624999 0.39006600156250004 0.5472349296875 0.43854844374999996 0.5044373890625 0.4925561015625 0.45764468437500005
7 0.48429708437499996 0.3838516046875 0.4829098296875 0.38519125781249997 0.48020672031249995 0.3837802078125 0.44011228906250005 0.3367088140625 0.41200335 0.30621305468750004 0.37280328749999997 0.364175178125 0.3222672140625 0.44648907031249996 0.287062315625 0.5099764015625 0.2517622203125 0.57891755 0.30589577343749996 0.6030482265625 0.3351946734375 0.5653713109375 0.38389131249999997 0.510302690625 0.417470965625 0.46178954531249994 0.48427328437500006 0.38521505624999997 0.48429708437499996 0.3838516046875
7 0.52410211875 0.1349583984375 0.4833651109375 0.12470025 0.4507374234375 0.11867525625 0.43413799218750004 0.13202419999999998 0.4300000328125 0.134679709375 0.4526789578125 0.1637168171875 0.47141031875 0.184501809375 0.5061699328125 0.2246607390625 0.5228645625 0.20585797968750003 0.52410211875 0.1349583984375
7 0.2842233125 0.59448671875 0.2503749703125 0.5802572031250001 0.303923540625 0.48162946875 0.341926740625 0.414099375 0.33931883125 0.407234509375 0.26844995 0.48237414375 0.21001874531250003 0.5481837984375 0.15429065 0.6154045078125 0.11267306875000001 0.655594134375 0.108154325 0.6800649 0.0927755484375 0.7016183640625 0.2061870796875 0.7676998078125 0.23979743281250002 0.79556385625 0.2622314671875 0.760494853125 0.251633228125 0.742579565625 0.2155101625 0.7023968359375 0.23756340781250002 0.6891430890625 0.268297159375 0.6473996125 0.3045323203125 0.6030244265625 0.2842233125 0.59448671875
7 0.466858484375 0.91409220625 0.47408033749999995 0.89103249375 0.40410892656249997 0.836620253125 0.369261015625 0.8796557843749999 0.31701449843749996 0.8255529296875 0.27176649375 0.7679371609375 0.247430771875 0.8270660812499999 0.2651080703125 0.8301023765625001 0.256308571875 0.865409371875 0.466858484375 0.91409220625
7 0.4916862375 0.8981591515625 0.54203191875 0.8267528875 0.5868761859375 0.757978334375 0.662501803125 0.6447333984375 0.7242072953124999 0.5476119109375001 0.6682824218750001 0.5089020343749999 0.6889241 0.537448959375 0.6680201140625 0.5629975875000001 0.6166441687499999 0.6152917046875 0.5708410328125 0.6608637484375001 0.5040387140625 0.7374382359375 0.410854796875 0.8408296078124999 0.4916862375 0.8981591515625
7 0.532225953125 0.8415842796874999 0.5068032203125 0.8916036734375 0.5096015265625 0.8875609109375 0.53835304375 0.8812434265625001 0.5655745140625 0.8844463171875001 0.6215713046875 0.8799682703125 0.69660884375 0.8785503171875 0.6856943156249999 0.8006192765625 0.6695877625 0.707595053125 0.6663065734375 0.6611662375 0.657047990625 0.6446382015625 0.6288507531249999 0.697336903125 0.5937648515625 0.7540069703125 0.56159625 0.79981700625 0.532225953125 0.8415842796874999
21 0.7354005140625001 0.5314408640625 0.7097566875 0.515990690625 0.723819609375 0.491686521875 0.7186275859375 0.47659333593750003 0.7159958750000001 0.4710919234375 0.6924363796875 0.49250259375 0.6811003671875 0.5168543624999999 0.7200693375 0.5502674203125 0.707346071875 0.57595884375 0.7056018328125 0.5977503015625001 0.6847930437499999 0.617845115625 0.6611145515625 0.6460730515625001 0.683983871875 0.664202534375 0.6648955234375 0.6638693453125 0.6695401640624999 0.710321959375 0.6798052140624999 0.747325596875 0.6804546921875 0.7882529984375 0.7214296953125 0.7848766140625 0.7410416234375 0.7552138265624999 0.751180778125 0.7212940828125001 0.7435712375 0.68842840625 0.756318303125 0.661373528125 0.7623670953125 0.6273823875 0.7520544484375 0.593105659375 0.73597859375 0.5764586265625 0.7354005140625001 0.5314408640625